/*--------------------------------*- C++ -*----------------------------------*\
| =========                 |                                                 |
| \\      /  F ield         | OpenFOAM: The Open Source CFD Toolbox           |
|  \\    /   O peration     | Version:  2.3.0                                 |
|   \\  /    A nd           | Web:      www.OpenFOAM.org                      |
|    \\/     M anipulation  |                                                 |
\*---------------------------------------------------------------------------*/
FoamFile
{
    version     2.0;
    format      ascii;
    class       volScalarField;
    location    "34";
    object      rho;
}
// * * * * * * * * * * * * * * * * * * * * * * * * * * * * * * * * * * * * * //

dimensions      [1 -3 0 0 0 0 0];

internalField   nonuniform List<scalar> 
6144
(
1.16318
1.16401
1.16463
1.16522
1.16576
1.16642
1.16715
1.16799
1.16862
1.16884
1.16887
1.16888
1.16889
1.16889
1.16889
1.1689
1.1689
1.1689
1.1689
1.1689
1.1689
1.16891
1.16891
1.16891
1.16891
1.16891
1.16891
1.16891
1.16892
1.16892
1.16892
1.16892
1.16892
1.16892
1.16892
1.16892
1.16892
1.16893
1.16893
1.16893
1.16893
1.16893
1.16893
1.16901
1.16999
1.17449
1.19057
1.21878
1.23677
1.23815
1.22758
1.22649
1.23072
1.24204
1.25331
1.26939
1.27283
1.27714
2.48062
74.1393
978.652
1026.73
1027.09
1027.1
1027.1
1027.1
1027.1
1027.1
1027.1
1027.1
1027.1
1027.1
1027.1
1027.1
1027.1
1027.1
1027.1
1027.1
1027.1
1027.1
1027.1
1027.1
1027.1
1027.1
1027.1
1027.1
1027.1
1027.1
1027.1
1027.1
1027.1
1027.1
1027.1
1027.1
1027.1
1027.1
1.16284
1.16386
1.165
1.16563
1.16626
1.16679
1.16734
1.16802
1.16864
1.16884
1.16887
1.16888
1.16889
1.1689
1.1689
1.16891
1.16891
1.16891
1.16891
1.16891
1.16891
1.16891
1.16891
1.16892
1.16892
1.16892
1.16892
1.16892
1.16892
1.16893
1.16893
1.16893
1.16893
1.16893
1.16893
1.16893
1.16893
1.16894
1.16894
1.16894
1.16894
1.16894
1.16894
1.16901
1.16972
1.17378
1.18935
1.21393
1.22615
1.21387
1.19698
1.20013
1.20984
1.22486
1.24117
1.25417
1.26232
1.27213
1.68609
45.1117
974.71
1026.74
1027.09
1027.1
1027.1
1027.1
1027.1
1027.1
1027.1
1027.1
1027.1
1027.1
1027.1
1027.1
1027.1
1027.1
1027.1
1027.1
1027.1
1027.1
1027.1
1027.1
1027.1
1027.1
1027.1
1027.1
1027.1
1027.1
1027.1
1027.1
1027.1
1027.1
1027.1
1027.1
1027.1
1027.1
1.16271
1.16359
1.16488
1.16567
1.16641
1.16688
1.16741
1.16796
1.16845
1.1687
1.16879
1.16884
1.16887
1.16889
1.1689
1.16891
1.16891
1.16891
1.16891
1.16891
1.16891
1.16891
1.16892
1.16892
1.16892
1.16892
1.16892
1.16892
1.16892
1.16893
1.16893
1.16893
1.16893
1.16893
1.16893
1.16893
1.16893
1.16893
1.16893
1.16893
1.16894
1.16894
1.16895
1.16905
1.16947
1.17134
1.18254
1.20323
1.21231
1.19283
1.18743
1.19739
1.22332
1.25198
1.27094
1.2811
1.28222
1.28578
1.45662
29.7927
990.311
1026.93
1027.09
1027.1
1027.1
1027.1
1027.1
1027.1
1027.1
1027.1
1027.1
1027.1
1027.1
1027.1
1027.1
1027.1
1027.1
1027.1
1027.1
1027.1
1027.1
1027.1
1027.1
1027.1
1027.1
1027.1
1027.1
1027.1
1027.1
1027.1
1027.1
1027.1
1027.1
1027.1
1027.1
1027.1
1.16264
1.16333
1.16454
1.16533
1.16631
1.16682
1.16734
1.16785
1.16831
1.1686
1.16873
1.16882
1.16886
1.16889
1.1689
1.1689
1.1689
1.1689
1.16891
1.16891
1.16891
1.16891
1.16891
1.16891
1.16891
1.16891
1.16892
1.16892
1.16892
1.16892
1.16892
1.16892
1.16892
1.16893
1.16893
1.16893
1.16893
1.16893
1.16893
1.16893
1.16893
1.16894
1.16895
1.16905
1.16931
1.16998
1.17424
1.18747
1.19092
1.17866
1.18519
1.2197
1.26128
1.28414
1.28843
1.29153
1.29004
1.29126
1.32493
32.2637
1010.98
1027.06
1027.09
1027.1
1027.1
1027.1
1027.1
1027.1
1027.1
1027.1
1027.1
1027.1
1027.1
1027.1
1027.1
1027.1
1027.1
1027.1
1027.1
1027.1
1027.1
1027.1
1027.1
1027.1
1027.1
1027.1
1027.1
1027.1
1027.1
1027.1
1027.1
1027.1
1027.1
1027.1
1027.1
1027.1
1.16256
1.16312
1.16413
1.16482
1.16602
1.16673
1.16729
1.16778
1.1682
1.16851
1.16869
1.16881
1.16887
1.16889
1.1689
1.1689
1.16891
1.16891
1.16891
1.16891
1.16891
1.16891
1.16892
1.16892
1.16892
1.16892
1.16892
1.16892
1.16892
1.16892
1.16892
1.16893
1.16893
1.16893
1.16893
1.16893
1.16893
1.16893
1.16893
1.16893
1.16893
1.16894
1.16896
1.16905
1.16921
1.16951
1.17041
1.17431
1.17397
1.17339
1.20248
1.25819
1.28966
1.29305
1.28865
1.28758
1.28607
1.29151
1.27622
77.1806
1018.63
1027.05
1027.07
1027.08
1027.08
1027.08
1027.08
1027.08
1027.08
1027.08
1027.08
1027.08
1027.08
1027.08
1027.08
1027.08
1027.09
1027.09
1027.09
1027.1
1027.1
1027.1
1027.1
1027.1
1027.1
1027.1
1027.1
1027.1
1027.1
1027.1
1027.1
1027.1
1027.1
1027.1
1027.1
1027.1
1.16243
1.16295
1.16369
1.16425
1.16555
1.16647
1.16718
1.1677
1.16811
1.16843
1.16864
1.16879
1.16886
1.16889
1.16889
1.1689
1.1689
1.1689
1.1689
1.1689
1.16891
1.16891
1.16891
1.16891
1.16891
1.16891
1.16892
1.16892
1.16892
1.16892
1.16892
1.16892
1.16892
1.16892
1.16892
1.16893
1.16893
1.16893
1.16893
1.16893
1.16893
1.16893
1.16896
1.16904
1.1692
1.16942
1.16975
1.17009
1.17019
1.17345
1.23412
1.28777
1.29673
1.28624
1.28119
1.28161
1.27882
1.28003
1.27622
182.155
1020.21
1025.93
1026.1
1026.3
1026.35
1026.37
1026.3
1026.23
1026.15
1026.06
1025.99
1025.95
1025.93
1025.92
1025.99
1026.11
1026.29
1026.47
1026.64
1026.75
1026.81
1026.85
1026.9
1026.95
1026.97
1026.96
1026.95
1026.94
1026.98
1027
1027.04
1027.07
1027.09
1027.1
1027.1
1027.1
1.16225
1.16278
1.16332
1.16374
1.16509
1.1661
1.16696
1.16762
1.16805
1.16837
1.1686
1.16878
1.16886
1.16889
1.1689
1.1689
1.1689
1.16891
1.16891
1.16891
1.16891
1.16891
1.16891
1.16891
1.16891
1.16892
1.16892
1.16892
1.16892
1.16892
1.16892
1.16892
1.16892
1.16893
1.16893
1.16893
1.16893
1.16893
1.16893
1.16893
1.16893
1.16894
1.16897
1.16904
1.1692
1.16968
1.17083
1.17182
1.1719
1.17935
1.25586
1.29528
1.29396
1.28352
1.2812
1.28075
1.27883
1.27899
1.27621
263.227
1011.61
1019.87
1019.95
1020.41
1020.55
1020.69
1020.71
1020.51
1020.22
1019.82
1019.38
1019.03
1018.83
1018.74
1018.82
1019.5
1020.25
1021.21
1022.23
1023.38
1024.55
1025.3
1025.42
1025.42
1025.1
1024.84
1024.6
1024.43
1024.52
1024.6
1025.16
1025.67
1026.17
1026.65
1026.95
1027.1
1.162
1.16262
1.1631
1.16342
1.16469
1.16573
1.16667
1.16747
1.16798
1.16833
1.16857
1.16877
1.16886
1.16889
1.1689
1.1689
1.1689
1.16891
1.16891
1.16891
1.16891
1.16891
1.16891
1.16892
1.16892
1.16892
1.16892
1.16892
1.16892
1.16893
1.16893
1.16893
1.16893
1.16893
1.16893
1.16893
1.16893
1.16893
1.16894
1.16894
1.16894
1.16895
1.16898
1.16905
1.16926
1.1701
1.17266
1.17644
1.17729
1.18632
1.25512
1.29327
1.29362
1.28334
1.28225
1.28173
1.28131
1.28298
1.27622
376.165
1003.73
1010.12
1009.55
1009.4
1009.39
1009.41
1009.3
1008.94
1008.56
1008.19
1007.93
1007.78
1007.78
1008.34
1008.95
1009.42
1009.77
1009.92
1009.95
1009.85
1009.53
1008.99
1008.15
1006.95
1005.65
1004.32
1003.25
1002.23
1001.56
1001.31
1001.19
1001.75
1002.19
1003.86
1006.14
1009.64
1.16168
1.16243
1.16292
1.16327
1.16431
1.16533
1.16641
1.1672
1.16792
1.16832
1.16855
1.16875
1.16885
1.16888
1.16889
1.1689
1.1689
1.1689
1.1689
1.1689
1.16891
1.16891
1.16891
1.16891
1.16891
1.16891
1.16892
1.16892
1.16892
1.16892
1.16892
1.16892
1.16892
1.16893
1.16893
1.16893
1.16893
1.16893
1.16893
1.16893
1.16894
1.16895
1.16897
1.16904
1.16928
1.17043
1.17536
1.18283
1.18725
1.19586
1.26099
1.29176
1.28634
1.28327
1.28308
1.28309
1.28258
1.28449
1.27622
306.567
1004.96
1013.15
1013.23
1013.55
1013.78
1013.89
1013.76
1013.72
1013.8
1013.89
1014.07
1014.33
1014.63
1014.91
1015
1014.64
1013.92
1013.02
1012.27
1011.65
1011.1
1010.76
1010.72
1011.86
1012.95
1014.53
1016.15
1017.8
1019.35
1020.59
1021.67
1022.62
1023.61
1024.6
1025.64
1026.41
1.1614
1.16208
1.16258
1.16302
1.16403
1.1651
1.16638
1.16706
1.16781
1.16833
1.16855
1.16874
1.16884
1.16888
1.16889
1.1689
1.1689
1.16891
1.16891
1.16891
1.16891
1.16891
1.16891
1.16891
1.16892
1.16892
1.16892
1.16892
1.16892
1.16892
1.16892
1.16893
1.16893
1.16893
1.16893
1.16893
1.16893
1.16893
1.16893
1.16893
1.16894
1.16894
1.16896
1.16904
1.16938
1.17171
1.18019
1.1909
1.19938
1.22099
1.28151
1.28696
1.28334
1.28253
1.28286
1.284
1.2811
1.28603
1.27622
186.541
1011.2
1022.8
1023.35
1023.83
1023.77
1023.71
1023.58
1023.53
1023.59
1023.64
1023.74
1023.9
1024.11
1024.25
1024.29
1023.98
1023.6
1022.99
1022.28
1021.62
1021.24
1021.16
1022.16
1023.33
1024.6
1025.66
1026.35
1026.74
1026.96
1027.05
1027.08
1027.09
1027.09
1027.1
1027.1
1027.1
1.16111
1.16166
1.16216
1.16271
1.1639
1.16511
1.16642
1.16722
1.16784
1.16836
1.16858
1.16872
1.1688
1.16885
1.16888
1.16889
1.1689
1.1689
1.1689
1.16891
1.16891
1.16891
1.16891
1.16891
1.16892
1.16892
1.16892
1.16892
1.16892
1.16892
1.16892
1.16893
1.16893
1.16893
1.16893
1.16893
1.16893
1.16893
1.16893
1.16894
1.16894
1.16894
1.16896
1.16906
1.16978
1.17399
1.18478
1.19679
1.20654
1.22045
1.28041
1.28357
1.28187
1.28167
1.28364
1.28712
1.2806
1.2886
1.27622
112.711
1019.19
1026.82
1026.89
1026.94
1026.92
1026.9
1026.89
1026.89
1026.9
1026.9
1026.91
1026.92
1026.93
1026.93
1026.9
1026.87
1026.82
1026.76
1026.7
1026.65
1026.63
1026.71
1026.84
1026.95
1027.04
1027.08
1027.09
1027.1
1027.1
1027.1
1027.1
1027.1
1027.1
1027.1
1027.1
1027.1
1.16091
1.16126
1.16157
1.16206
1.16339
1.16491
1.16652
1.16753
1.16795
1.16839
1.16858
1.16869
1.16877
1.16884
1.16888
1.1689
1.1689
1.1689
1.1689
1.16891
1.16891
1.16891
1.16891
1.16891
1.16892
1.16892
1.16892
1.16892
1.16892
1.16892
1.16893
1.16893
1.16893
1.16893
1.16893
1.16893
1.16894
1.16894
1.16894
1.16894
1.16894
1.16895
1.16896
1.16915
1.1705
1.17619
1.18762
1.2
1.21008
1.21751
1.27585
1.28401
1.28077
1.28078
1.28047
1.28688
1.28035
1.28971
1.27622
71.2817
1015.78
1027.09
1027.09
1027.1
1027.1
1027.1
1027.1
1027.1
1027.1
1027.1
1027.09
1027.09
1027.1
1027.1
1027.1
1027.09
1027.09
1027.09
1027.09
1027.09
1027.09
1027.1
1027.1
1027.1
1027.1
1027.1
1027.1
1027.1
1027.1
1027.1
1027.1
1027.1
1027.1
1027.1
1027.1
1027.1
1.16075
1.161
1.1611
1.16139
1.16245
1.16397
1.16602
1.16749
1.16808
1.16843
1.1686
1.16872
1.1688
1.16886
1.1689
1.16891
1.16891
1.16891
1.16891
1.16891
1.16891
1.16891
1.16892
1.16892
1.16892
1.16892
1.16892
1.16892
1.16893
1.16893
1.16893
1.16893
1.16893
1.16893
1.16893
1.16893
1.16894
1.16894
1.16894
1.16894
1.16894
1.16895
1.16897
1.16924
1.17105
1.17762
1.18972
1.20297
1.21536
1.22715
1.26089
1.28274
1.28183
1.28047
1.28047
1.2832
1.28083
1.28792
1.28646
35.3624
986.108
1027.09
1027.09
1027.09
1027.1
1027.1
1027.1
1027.1
1027.1
1027.1
1027.1
1027.1
1027.1
1027.1
1027.1
1027.1
1027.1
1027.1
1027.1
1027.1
1027.1
1027.1
1027.1
1027.1
1027.1
1027.1
1027.1
1027.1
1027.1
1027.1
1027.1
1027.1
1027.1
1027.1
1027.1
1027.1
1.1607
1.16092
1.16089
1.16102
1.16164
1.16289
1.16504
1.16719
1.16821
1.16848
1.16863
1.16872
1.16878
1.16885
1.1689
1.16891
1.16892
1.16892
1.16892
1.16892
1.16892
1.16892
1.16892
1.16892
1.16892
1.16892
1.16893
1.16893
1.16893
1.16893
1.16893
1.16893
1.16893
1.16893
1.16893
1.16894
1.16894
1.16894
1.16894
1.16894
1.16895
1.16896
1.16898
1.16927
1.17141
1.17925
1.19342
1.20808
1.22024
1.23104
1.24489
1.27395
1.28068
1.28201
1.28244
1.28459
1.28373
1.28965
1.43769
43.3701
989.12
1027.09
1027.09
1027.09
1027.1
1027.1
1027.1
1027.1
1027.1
1027.1
1027.1
1027.1
1027.1
1027.1
1027.1
1027.1
1027.1
1027.1
1027.1
1027.1
1027.1
1027.1
1027.1
1027.1
1027.1
1027.1
1027.1
1027.1
1027.1
1027.1
1027.1
1027.1
1027.1
1027.1
1027.1
1027.1
1.16077
1.1612
1.16125
1.16128
1.16125
1.16232
1.16403
1.16663
1.16819
1.16849
1.16862
1.16868
1.16874
1.16882
1.16889
1.16891
1.16892
1.16892
1.16891
1.16891
1.16892
1.16892
1.16892
1.16892
1.16892
1.16892
1.16892
1.16893
1.16893
1.16893
1.16893
1.16893
1.16893
1.16893
1.16893
1.16894
1.16894
1.16894
1.16894
1.16894
1.16895
1.16895
1.16898
1.16936
1.17203
1.18161
1.19823
1.2135
1.22426
1.23298
1.24245
1.25877
1.27376
1.27992
1.28108
1.28261
1.28332
1.28846
1.92309
32.2904
966.447
1026.81
1027.09
1027.09
1027.1
1027.1
1027.1
1027.1
1027.1
1027.1
1027.1
1027.1
1027.1
1027.1
1027.1
1027.1
1027.1
1027.1
1027.1
1027.1
1027.1
1027.1
1027.1
1027.1
1027.1
1027.1
1027.1
1027.1
1027.1
1027.1
1027.1
1027.1
1027.1
1027.1
1027.1
1027.1
1.16043
1.16059
1.16138
1.16183
1.16197
1.16243
1.1639
1.16631
1.16817
1.1685
1.1686
1.16868
1.16874
1.16882
1.1689
1.16892
1.16892
1.16892
1.16892
1.16892
1.16892
1.16893
1.16893
1.16893
1.16893
1.16893
1.16893
1.16893
1.16893
1.16894
1.16894
1.16894
1.16894
1.16894
1.16894
1.16894
1.16894
1.16895
1.16895
1.16895
1.16895
1.16896
1.16899
1.16938
1.17167
1.17904
1.19287
1.2102
1.22609
1.23747
1.2465
1.25653
1.26676
1.27482
1.27696
1.27955
1.28364
1.28978
2.73687
46.4034
952.258
1026.09
1027.09
1027.1
1027.1
1027.1
1027.1
1027.1
1027.1
1027.1
1027.1
1027.1
1027.1
1027.1
1027.1
1027.1
1027.1
1027.1
1027.1
1027.1
1027.1
1027.1
1027.1
1027.1
1027.1
1027.1
1027.1
1027.1
1027.1
1027.1
1027.1
1027.1
1027.1
1027.1
1027.1
1027.1
1.16244
1.1637
1.16462
1.16523
1.16572
1.16643
1.16738
1.16819
1.16861
1.16873
1.16879
1.16884
1.16888
1.16891
1.16892
1.16892
1.16892
1.16892
1.16892
1.16892
1.16892
1.16893
1.16893
1.16893
1.16893
1.16893
1.16893
1.16893
1.16894
1.16894
1.16894
1.16894
1.16894
1.16894
1.16895
1.16895
1.16895
1.16895
1.16895
1.16895
1.16895
1.16896
1.16896
1.16905
1.17013
1.17593
1.19484
1.22184
1.23691
1.23865
1.23313
1.23256
1.23613
1.24748
1.25484
1.26979
1.26897
1.33718
2.16079
41.919
962.409
1026.65
1027.09
1027.1
1027.1
1027.1
1027.1
1027.1
1027.1
1027.1
1027.1
1027.1
1027.1
1027.1
1027.1
1027.1
1027.1
1027.1
1027.1
1027.1
1027.1
1027.1
1027.1
1027.1
1027.1
1027.1
1027.1
1027.1
1027.1
1027.1
1027.1
1027.1
1027.1
1027.1
1027.1
1027.1
1.16177
1.1631
1.16516
1.16579
1.1664
1.16711
1.16767
1.16803
1.16828
1.16847
1.16863
1.16876
1.16884
1.16889
1.16891
1.16892
1.16892
1.16892
1.16892
1.16892
1.16892
1.16893
1.16893
1.16893
1.16893
1.16893
1.16893
1.16893
1.16893
1.16894
1.16894
1.16894
1.16894
1.16894
1.16894
1.16894
1.16894
1.16894
1.16895
1.16895
1.16895
1.16896
1.16899
1.16911
1.16981
1.17417
1.19222
1.21832
1.22959
1.22315
1.21021
1.21042
1.21561
1.22922
1.23671
1.25012
1.25546
1.27382
1.5048
47.3577
991.147
1027.06
1027.09
1027.1
1027.1
1027.1
1027.1
1027.1
1027.1
1027.1
1027.1
1027.1
1027.1
1027.1
1027.1
1027.1
1027.1
1027.1
1027.1
1027.1
1027.1
1027.1
1027.1
1027.1
1027.1
1027.1
1027.1
1027.1
1027.1
1027.1
1027.1
1027.1
1027.1
1027.1
1027.1
1027.1
1.16156
1.16232
1.16472
1.16565
1.16633
1.16685
1.16735
1.16773
1.16806
1.16833
1.16854
1.16872
1.16882
1.16888
1.1689
1.16891
1.16891
1.16892
1.16892
1.16892
1.16892
1.16892
1.16892
1.16892
1.16893
1.16893
1.16893
1.16893
1.16893
1.16893
1.16893
1.16893
1.16894
1.16894
1.16894
1.16894
1.16894
1.16894
1.16894
1.16894
1.16895
1.16896
1.16899
1.16907
1.16939
1.17049
1.17923
1.20696
1.22282
1.20767
1.19922
1.20685
1.22607
1.24531
1.25307
1.26409
1.26234
1.27032
1.34788
61.9702
1005.49
1027.09
1027.09
1027.1
1027.1
1027.1
1027.1
1027.1
1027.1
1027.1
1027.1
1027.1
1027.1
1027.1
1027.1
1027.1
1027.1
1027.1
1027.1
1027.1
1027.1
1027.1
1027.1
1027.1
1027.1
1027.1
1027.1
1027.1
1027.1
1027.1
1027.1
1027.1
1027.1
1027.1
1027.1
1027.1
1.16148
1.16171
1.16395
1.16504
1.16582
1.16641
1.16703
1.16753
1.16797
1.16828
1.16852
1.16871
1.16882
1.16888
1.1689
1.16891
1.16891
1.16891
1.16892
1.16892
1.16892
1.16892
1.16892
1.16892
1.16892
1.16892
1.16893
1.16893
1.16893
1.16893
1.16893
1.16893
1.16893
1.16893
1.16894
1.16894
1.16894
1.16894
1.16894
1.16894
1.16895
1.16896
1.16898
1.16905
1.16923
1.16962
1.17228
1.19247
1.20234
1.18756
1.1967
1.23233
1.26272
1.27814
1.28093
1.28229
1.27573
1.27865
1.27622
56.9362
1006.95
1027.09
1027.09
1027.09
1027.09
1027.1
1027.1
1027.1
1027.1
1027.1
1027.1
1027.1
1027.1
1027.1
1027.1
1027.1
1027.1
1027.1
1027.1
1027.1
1027.1
1027.1
1027.1
1027.1
1027.1
1027.1
1027.1
1027.1
1027.1
1027.1
1027.1
1027.1
1027.1
1027.1
1027.1
1027.1
1.16138
1.16133
1.16313
1.16442
1.16538
1.16601
1.16674
1.16737
1.1679
1.16826
1.16851
1.16871
1.16882
1.16887
1.1689
1.16891
1.16891
1.16891
1.16891
1.16892
1.16892
1.16892
1.16892
1.16892
1.16892
1.16892
1.16892
1.16892
1.16893
1.16893
1.16893
1.16893
1.16893
1.16893
1.16893
1.16893
1.16894
1.16894
1.16894
1.16894
1.16895
1.16896
1.16899
1.16907
1.16939
1.16993
1.17134
1.1803
1.17713
1.18416
1.23382
1.27582
1.29073
1.2908
1.29039
1.29041
1.28404
1.28659
1.27622
140.102
1022.08
1026.94
1026.98
1027.03
1027.05
1027.06
1027.07
1027.07
1027.07
1027.07
1027.06
1027.06
1027.06
1027.07
1027.07
1027.07
1027.08
1027.08
1027.08
1027.08
1027.09
1027.09
1027.09
1027.09
1027.09
1027.09
1027.09
1027.09
1027.09
1027.09
1027.09
1027.1
1027.1
1027.1
1027.1
1027.1
1.16125
1.16105
1.16238
1.16373
1.16498
1.16571
1.16654
1.16726
1.16786
1.16826
1.16851
1.16871
1.16882
1.16887
1.1689
1.16891
1.16891
1.16891
1.16891
1.16891
1.16891
1.16892
1.16892
1.16892
1.16892
1.16892
1.16892
1.16892
1.16892
1.16893
1.16893
1.16893
1.16893
1.16893
1.16893
1.16893
1.16894
1.16894
1.16894
1.16894
1.16895
1.16896
1.16899
1.16914
1.16983
1.17126
1.17272
1.17509
1.17566
1.2163
1.28326
1.2965
1.29626
1.28793
1.28389
1.28387
1.28117
1.28196
1.27622
215.193
1012.19
1022.47
1023.02
1023.88
1024.37
1024.74
1024.87
1024.71
1024.54
1024.33
1024.11
1023.93
1023.83
1023.81
1023.82
1024.1
1024.35
1024.71
1025.14
1025.41
1025.43
1025.28
1025.06
1024.77
1024.64
1024.6
1024.51
1024.43
1024.36
1024.91
1025.45
1025.99
1026.48
1026.9
1027.08
1027.1
1.16114
1.16082
1.16179
1.163
1.16458
1.16547
1.16641
1.16721
1.16785
1.16825
1.16851
1.16872
1.16882
1.16887
1.1689
1.16891
1.16891
1.16891
1.16891
1.16891
1.16891
1.16892
1.16892
1.16892
1.16892
1.16892
1.16892
1.16892
1.16892
1.16893
1.16893
1.16893
1.16893
1.16893
1.16893
1.16893
1.16894
1.16894
1.16894
1.16894
1.16895
1.16896
1.16899
1.16921
1.17022
1.17236
1.17503
1.18065
1.18738
1.24897
1.29669
1.29815
1.29629
1.28505
1.28136
1.28176
1.28146
1.28389
1.27622
416.362
1000.24
1005.93
1005.63
1005.96
1006.07
1005.78
1005.18
1004.62
1004.07
1003.7
1003.44
1003.28
1003.15
1003.2
1003.42
1003.38
1003.1
1002.79
1002.89
1003.54
1003.71
1003.13
1001.92
1000.51
999.025
997.325
995.662
994.137
993.567
994.114
995.515
998.455
1002.55
1009.24
1018.56
1027.1
1.16103
1.16066
1.16134
1.16226
1.16393
1.1652
1.16631
1.16718
1.16784
1.16826
1.16852
1.16872
1.16882
1.16887
1.1689
1.16891
1.16891
1.16891
1.16891
1.16891
1.16891
1.16892
1.16892
1.16892
1.16892
1.16892
1.16892
1.16892
1.16893
1.16893
1.16893
1.16893
1.16893
1.16893
1.16893
1.16893
1.16894
1.16894
1.16894
1.16894
1.16895
1.16897
1.16901
1.1693
1.17056
1.17324
1.17695
1.1864
1.19834
1.24574
1.29742
1.29742
1.29331
1.28562
1.28162
1.28256
1.28131
1.29152
1.27622
551.463
998
1000.69
1000.71
1000.7
1000.63
999.935
998.777
997.457
996.438
995.779
995.452
995.32
995.14
994.547
993.265
990.982
988.061
985.542
983.195
980.763
978.436
976.84
976.196
975.487
972.693
969.202
965.533
962.887
957.937
951.474
944.058
934.933
922.372
900.744
849.957
645.728
1.16088
1.16054
1.16098
1.16157
1.16312
1.16476
1.16617
1.16716
1.16785
1.16828
1.16853
1.16873
1.16883
1.16888
1.1689
1.16891
1.16891
1.16891
1.16891
1.16891
1.16892
1.16892
1.16892
1.16892
1.16892
1.16892
1.16892
1.16893
1.16893
1.16893
1.16893
1.16893
1.16893
1.16893
1.16893
1.16894
1.16894
1.16894
1.16894
1.16894
1.16895
1.16897
1.16902
1.16937
1.17081
1.17399
1.17913
1.19084
1.2061
1.23074
1.28985
1.29404
1.2876
1.28525
1.28731
1.29374
1.29076
1.29826
1.27622
261.055
1008.84
1019.54
1020.22
1020.77
1021.06
1021.24
1021.57
1021.8
1021.96
1022.07
1022.13
1022.08
1021.61
1021.08
1020.35
1019.5
1018.45
1017.14
1015.9
1015.37
1015.4
1016.64
1017.84
1020.13
1022.68
1024.56
1024.76
1024.8
1024.65
1024.47
1024.22
1023.83
1023.03
1021.83
1020.3
1019.56
1.16072
1.16042
1.16067
1.16109
1.1622
1.16408
1.16595
1.16714
1.16786
1.16829
1.16855
1.16875
1.16884
1.16888
1.1689
1.16891
1.16891
1.16891
1.16892
1.16892
1.16892
1.16892
1.16892
1.16892
1.16892
1.16892
1.16893
1.16893
1.16893
1.16893
1.16893
1.16893
1.16893
1.16894
1.16894
1.16894
1.16894
1.16894
1.16894
1.16895
1.16895
1.16897
1.16903
1.1694
1.17091
1.17436
1.1809
1.19337
1.21018
1.22895
1.28687
1.28931
1.28498
1.28465
1.29038
1.29271
1.28289
1.30099
1.27622
161.914
1016.48
1025.06
1025.13
1025.21
1025.19
1025.17
1025.26
1025.39
1025.56
1025.8
1026
1026.15
1026.21
1026.07
1025.85
1025.56
1025.23
1024.89
1024.62
1024.51
1024.93
1025.52
1026.1
1026.63
1026.96
1027.05
1027.07
1027.09
1027.09
1027.09
1027.1
1027.1
1027.1
1027.1
1027.1
1027.1
1.16056
1.16032
1.16041
1.1607
1.1615
1.16335
1.16564
1.16705
1.16786
1.1683
1.16857
1.16877
1.16884
1.16888
1.1689
1.16891
1.16891
1.16891
1.16892
1.16892
1.16892
1.16892
1.16892
1.16892
1.16892
1.16893
1.16893
1.16893
1.16893
1.16893
1.16893
1.16893
1.16893
1.16894
1.16894
1.16894
1.16894
1.16894
1.16894
1.16895
1.16896
1.16897
1.16903
1.16944
1.17106
1.17499
1.1826
1.19568
1.21315
1.22864
1.28113
1.28478
1.28237
1.28552
1.28835
1.28951
1.28094
1.29636
1.27622
91.9231
1018.57
1026.89
1026.9
1026.95
1026.95
1026.95
1026.95
1026.95
1026.97
1026.99
1027
1027.01
1027.01
1026.99
1026.97
1026.94
1026.91
1026.88
1026.87
1026.87
1026.93
1026.99
1027.05
1027.08
1027.09
1027.1
1027.1
1027.1
1027.1
1027.1
1027.1
1027.1
1027.1
1027.1
1027.1
1027.1
1.16046
1.16022
1.16022
1.16038
1.16112
1.16284
1.16522
1.16693
1.16789
1.16833
1.1686
1.16878
1.16885
1.16888
1.1689
1.16891
1.16891
1.16891
1.16892
1.16892
1.16892
1.16892
1.16892
1.16892
1.16892
1.16893
1.16893
1.16893
1.16893
1.16893
1.16893
1.16893
1.16893
1.16894
1.16894
1.16894
1.16894
1.16894
1.16894
1.16895
1.16896
1.16897
1.16904
1.16945
1.17117
1.17556
1.18409
1.1978
1.21527
1.22957
1.26774
1.28525
1.28179
1.2816
1.28192
1.28611
1.28036
1.29511
1.36387
46.9963
987.457
1027.09
1027.08
1027.09
1027.09
1027.09
1027.09
1027.09
1027.09
1027.09
1027.09
1027.09
1027.09
1027.09
1027.09
1027.09
1027.09
1027.09
1027.09
1027.09
1027.1
1027.1
1027.1
1027.1
1027.1
1027.1
1027.1
1027.1
1027.1
1027.1
1027.1
1027.1
1027.1
1027.1
1027.1
1027.1
1.16041
1.1602
1.16016
1.16016
1.16053
1.16185
1.1643
1.16678
1.16798
1.16838
1.16863
1.16879
1.16884
1.16887
1.1689
1.16891
1.16891
1.16891
1.16892
1.16892
1.16892
1.16892
1.16892
1.16892
1.16892
1.16893
1.16893
1.16893
1.16893
1.16893
1.16893
1.16893
1.16893
1.16893
1.16894
1.16894
1.16894
1.16894
1.16894
1.16894
1.16895
1.16897
1.16904
1.16946
1.17126
1.1761
1.18547
1.20026
1.21784
1.23327
1.24778
1.28012
1.28241
1.28239
1.2832
1.28627
1.27992
1.30458
1.52642
32.3331
971.031
1027.09
1027.09
1027.09
1027.1
1027.1
1027.1
1027.1
1027.1
1027.1
1027.1
1027.1
1027.1
1027.1
1027.1
1027.1
1027.1
1027.1
1027.1
1027.1
1027.1
1027.1
1027.1
1027.1
1027.1
1027.1
1027.1
1027.1
1027.1
1027.1
1027.1
1027.1
1027.1
1027.1
1027.1
1027.1
1.16049
1.16047
1.1602
1.16015
1.16007
1.16051
1.16227
1.16565
1.16808
1.16847
1.16867
1.16879
1.16881
1.16884
1.16889
1.16891
1.16891
1.16891
1.16891
1.16892
1.16892
1.16892
1.16892
1.16892
1.16892
1.16892
1.16892
1.16892
1.16893
1.16893
1.16893
1.16893
1.16893
1.16893
1.16893
1.16893
1.16893
1.16893
1.16894
1.16894
1.16895
1.16896
1.16903
1.16946
1.17148
1.17734
1.18871
1.20477
1.22206
1.23602
1.24728
1.26369
1.28053
1.28332
1.28199
1.28044
1.27755
1.32115
1.83856
41.0494
974.083
1027.09
1027.09
1027.09
1027.1
1027.1
1027.1
1027.1
1027.1
1027.1
1027.1
1027.1
1027.1
1027.1
1027.1
1027.1
1027.1
1027.1
1027.1
1027.1
1027.1
1027.1
1027.1
1027.1
1027.1
1027.1
1027.1
1027.1
1027.1
1027.1
1027.1
1027.1
1027.1
1027.1
1027.1
1027.1
1.16067
1.16088
1.16082
1.16063
1.16019
1.16015
1.16082
1.16407
1.16788
1.16856
1.16869
1.16874
1.16876
1.16881
1.16889
1.16891
1.16891
1.16891
1.16891
1.16891
1.16892
1.16892
1.16892
1.16892
1.16892
1.16892
1.16892
1.16892
1.16892
1.16892
1.16892
1.16892
1.16892
1.16893
1.16893
1.16893
1.16893
1.16893
1.16893
1.16894
1.16894
1.16896
1.16901
1.16944
1.17178
1.17902
1.19254
1.20938
1.22596
1.23909
1.24847
1.25818
1.27211
1.27407
1.27118
1.27289
1.27775
1.33373
2.00768
48.1215
985.519
1027.09
1027.09
1027.09
1027.1
1027.1
1027.1
1027.1
1027.1
1027.1
1027.1
1027.1
1027.1
1027.1
1027.1
1027.1
1027.1
1027.1
1027.1
1027.1
1027.1
1027.1
1027.1
1027.1
1027.1
1027.1
1027.1
1027.1
1027.1
1027.1
1027.1
1027.1
1027.1
1027.1
1027.1
1027.1
1.16038
1.16073
1.16118
1.161
1.16031
1.16026
1.16065
1.16318
1.16756
1.16857
1.16866
1.16869
1.16873
1.16881
1.16889
1.16891
1.16892
1.16892
1.16892
1.16892
1.16892
1.16892
1.16892
1.16892
1.16892
1.16893
1.16893
1.16893
1.16893
1.16893
1.16893
1.16893
1.16894
1.16894
1.16894
1.16894
1.16894
1.16894
1.16894
1.16895
1.16895
1.16896
1.169
1.16939
1.17148
1.17779
1.18996
1.2071
1.22446
1.23776
1.24769
1.25588
1.26258
1.26803
1.27165
1.27786
1.28244
1.30901
2.22867
43.335
965.788
1026.61
1027.09
1027.1
1027.1
1027.1
1027.1
1027.1
1027.1
1027.1
1027.1
1027.1
1027.1
1027.1
1027.1
1027.1
1027.1
1027.1
1027.1
1027.1
1027.1
1027.1
1027.1
1027.1
1027.1
1027.1
1027.1
1027.1
1027.1
1027.1
1027.1
1027.1
1027.1
1027.1
1027.1
1027.1
1.16228
1.16335
1.1644
1.1651
1.16561
1.16634
1.16741
1.16832
1.16863
1.16874
1.16881
1.16885
1.16889
1.1689
1.16891
1.16891
1.16891
1.16891
1.16892
1.16892
1.16892
1.16892
1.16892
1.16892
1.16892
1.16892
1.16893
1.16893
1.16893
1.16893
1.16893
1.16893
1.16894
1.16894
1.16894
1.16894
1.16894
1.16894
1.16894
1.16894
1.16894
1.16895
1.16896
1.16911
1.1708
1.1795
1.2027
1.22856
1.24225
1.24682
1.24817
1.25036
1.25435
1.26213
1.26201
1.27102
1.26355
1.35044
1.89829
35.7533
953.555
1026.7
1027.09
1027.1
1027.1
1027.1
1027.1
1027.1
1027.1
1027.1
1027.1
1027.1
1027.1
1027.1
1027.1
1027.1
1027.1
1027.1
1027.1
1027.1
1027.1
1027.1
1027.1
1027.1
1027.1
1027.1
1027.1
1027.1
1027.1
1027.1
1027.1
1027.1
1027.1
1027.1
1027.1
1027.1
1.16129
1.16233
1.16506
1.16559
1.16601
1.16675
1.16776
1.16826
1.16848
1.1686
1.16871
1.1688
1.16886
1.16889
1.1689
1.16891
1.16891
1.16891
1.16892
1.16892
1.16892
1.16892
1.16892
1.16892
1.16893
1.16893
1.16893
1.16893
1.16893
1.16893
1.16893
1.16893
1.16893
1.16894
1.16894
1.16894
1.16894
1.16894
1.16894
1.16894
1.16894
1.16895
1.16897
1.16914
1.17079
1.17994
1.20453
1.22937
1.24225
1.24716
1.24839
1.24501
1.23677
1.26101
1.26337
1.26889
1.27381
1.33504
1.53809
38.689
982.456
1027.05
1027.09
1027.1
1027.1
1027.1
1027.1
1027.1
1027.1
1027.1
1027.1
1027.1
1027.1
1027.1
1027.1
1027.1
1027.1
1027.1
1027.1
1027.1
1027.1
1027.1
1027.1
1027.1
1027.1
1027.1
1027.1
1027.1
1027.1
1027.1
1027.1
1027.1
1027.1
1027.1
1027.1
1027.1
1.16096
1.16136
1.16481
1.16573
1.16626
1.167
1.16773
1.16809
1.1683
1.16847
1.16863
1.16876
1.16884
1.16888
1.1689
1.1689
1.1689
1.16891
1.16891
1.16891
1.16891
1.16891
1.16891
1.16892
1.16892
1.16892
1.16892
1.16892
1.16892
1.16892
1.16892
1.16892
1.16892
1.16893
1.16893
1.16893
1.16893
1.16893
1.16893
1.16893
1.16894
1.16895
1.16898
1.16911
1.17019
1.17619
1.1985
1.22649
1.23768
1.23733
1.22992
1.22
1.22912
1.25105
1.26224
1.27543
1.28057
1.32783
1.45993
39.9806
997.598
1027.08
1027.09
1027.1
1027.1
1027.1
1027.1
1027.1
1027.1
1027.1
1027.1
1027.1
1027.1
1027.1
1027.1
1027.1
1027.1
1027.1
1027.1
1027.1
1027.1
1027.1
1027.1
1027.1
1027.1
1027.1
1027.1
1027.1
1027.1
1027.1
1027.1
1027.1
1027.1
1027.1
1027.1
1027.1
1.16087
1.16091
1.16312
1.1656
1.16627
1.16699
1.16761
1.16791
1.16819
1.16842
1.16862
1.16876
1.16884
1.16888
1.1689
1.1689
1.1689
1.16891
1.16891
1.16891
1.16891
1.16891
1.16891
1.16891
1.16891
1.16891
1.16892
1.16892
1.16892
1.16892
1.16892
1.16892
1.16892
1.16892
1.16893
1.16893
1.16893
1.16893
1.16893
1.16893
1.16894
1.16895
1.16898
1.16907
1.16958
1.17274
1.19087
1.21967
1.22778
1.20348
1.20074
1.21352
1.24794
1.27336
1.27621
1.28035
1.2851
1.32423
1.3558
46.4643
1007.41
1027.09
1027.09
1027.1
1027.1
1027.1
1027.1
1027.1
1027.1
1027.1
1027.1
1027.1
1027.1
1027.1
1027.1
1027.1
1027.1
1027.1
1027.1
1027.1
1027.1
1027.1
1027.1
1027.1
1027.1
1027.1
1027.1
1027.1
1027.1
1027.1
1027.1
1027.1
1027.1
1027.1
1027.1
1027.1
1.16086
1.16086
1.16112
1.16481
1.16623
1.16694
1.16746
1.1678
1.16813
1.1684
1.16861
1.16876
1.16884
1.16888
1.16889
1.1689
1.1689
1.16891
1.16891
1.16891
1.16891
1.16891
1.16891
1.16891
1.16891
1.16892
1.16892
1.16892
1.16892
1.16892
1.16892
1.16892
1.16892
1.16892
1.16892
1.16892
1.16893
1.16893
1.16893
1.16894
1.16896
1.16897
1.16898
1.16908
1.16937
1.17107
1.18577
1.21169
1.20345
1.19145
1.20454
1.25797
1.28647
1.28876
1.28579
1.28465
1.30101
1.32595
1.33448
94.2882
1021.36
1027.07
1027.07
1027.08
1027.08
1027.09
1027.09
1027.09
1027.09
1027.09
1027.09
1027.09
1027.09
1027.08
1027.08
1027.08
1027.09
1027.09
1027.09
1027.09
1027.09
1027.09
1027.1
1027.1
1027.1
1027.1
1027.1
1027.1
1027.1
1027.1
1027.1
1027.1
1027.1
1027.1
1027.1
1027.1
1.16087
1.16084
1.16121
1.16366
1.16611
1.16687
1.16728
1.16768
1.16807
1.16839
1.16861
1.16876
1.16884
1.16888
1.16889
1.1689
1.1689
1.1689
1.1689
1.16891
1.16891
1.16891
1.16891
1.16891
1.16891
1.16892
1.16892
1.16892
1.16892
1.16892
1.16892
1.16892
1.16892
1.16892
1.16892
1.16893
1.16893
1.16893
1.16893
1.16894
1.16897
1.16902
1.16904
1.16915
1.16943
1.17054
1.18109
1.19767
1.18271
1.19445
1.24926
1.29727
1.29933
1.2918
1.29095
1.30156
1.32054
1.33825
1.36679
172.679
1017.91
1025.86
1026.16
1026.35
1026.39
1026.43
1026.5
1026.5
1026.47
1026.46
1026.45
1026.41
1026.37
1026.32
1026.29
1026.27
1026.24
1026.25
1026.22
1026.23
1026.22
1026.29
1026.34
1026.38
1026.48
1026.59
1026.73
1026.91
1027.05
1027.1
1027.1
1027.1
1027.1
1027.1
1027.1
1027.1
1.16081
1.16066
1.1612
1.16308
1.16568
1.16687
1.16733
1.16768
1.16808
1.16838
1.16858
1.16873
1.16883
1.16887
1.16889
1.16889
1.1689
1.1689
1.1689
1.1689
1.16891
1.16891
1.16891
1.16892
1.16892
1.16892
1.16892
1.16892
1.16892
1.16892
1.16893
1.16893
1.16893
1.16893
1.16893
1.16893
1.16893
1.16893
1.16893
1.16894
1.16895
1.169
1.16912
1.16927
1.16948
1.17011
1.17561
1.17811
1.18038
1.21736
1.28379
1.30436
1.30832
1.30854
1.31286
1.32889
1.3451
1.37273
1.47004
333.378
1011.88
1019.79
1020.99
1021.76
1021.93
1021.77
1021.72
1021.81
1021.95
1022.08
1022.2
1022.25
1022.07
1021.82
1021.5
1021.1
1020.61
1020.25
1020.07
1019.9
1019.67
1019.58
1019.72
1020.72
1021.92
1023.43
1025.09
1026.53
1027.1
1027.1
1027.1
1027.1
1027.07
1027.07
1027.05
1027.09
1.16069
1.16048
1.16094
1.16236
1.16494
1.16658
1.16728
1.1676
1.16796
1.16811
1.16845
1.16868
1.1688
1.16887
1.16889
1.16889
1.16889
1.1689
1.1689
1.1689
1.1689
1.1689
1.16891
1.16891
1.16891
1.16891
1.16891
1.16891
1.16891
1.16892
1.16892
1.16892
1.16892
1.16892
1.16892
1.16892
1.16892
1.16892
1.16893
1.16893
1.16893
1.16896
1.169
1.16913
1.16943
1.17006
1.17181
1.17681
1.19185
1.23469
1.29199
1.30494
1.31249
1.31552
1.31844
1.3254
1.32804
1.31778
1.27622
419.893
1009.34
1015.44
1016.56
1017.31
1017.48
1017.45
1017.82
1018.15
1018.41
1018.53
1018.53
1018.42
1018.21
1017.88
1017.45
1016.98
1016.63
1016.55
1017.25
1018.13
1019.1
1019.59
1019.87
1020.6
1022.56
1025.09
1026.76
1026.83
1027.02
1027.1
1027.1
1027.1
1027.1
1027.1
1027.1
1025.27
1.16057
1.16046
1.16065
1.16126
1.16359
1.16577
1.16701
1.16755
1.16799
1.16827
1.16852
1.16867
1.16878
1.16887
1.16889
1.16889
1.16889
1.1689
1.1689
1.1689
1.1689
1.1689
1.16891
1.16891
1.16891
1.16891
1.16891
1.16891
1.16891
1.16892
1.16892
1.16892
1.16892
1.16892
1.16892
1.16892
1.16892
1.16892
1.16893
1.16893
1.16894
1.16896
1.16898
1.16908
1.16952
1.17074
1.17303
1.18152
1.19975
1.24246
1.2933
1.29905
1.30504
1.31312
1.31682
1.31765
1.31019
1.3082
1.28505
241.378
1016.71
1024.06
1024.3
1024.5
1024.55
1024.58
1024.65
1024.69
1024.7
1024.6
1024.45
1024.31
1024.12
1023.85
1023.57
1023.35
1023.2
1023.12
1023.2
1023.66
1024.37
1025.12
1025.73
1026.29
1026.74
1026.89
1026.92
1026.93
1026.93
1026.95
1026.98
1027
1027.04
1027.1
1027.1
1027.1
1.16048
1.16046
1.16044
1.16067
1.1618
1.16425
1.16637
1.16738
1.16797
1.16827
1.16849
1.16864
1.16878
1.16887
1.16889
1.16889
1.16889
1.16889
1.1689
1.1689
1.1689
1.1689
1.1689
1.16891
1.16891
1.16891
1.16891
1.16891
1.16891
1.16892
1.16892
1.16892
1.16892
1.16892
1.16892
1.16893
1.16893
1.16893
1.16893
1.16894
1.16894
1.16896
1.16898
1.16911
1.16971
1.17128
1.17463
1.18621
1.20466
1.23604
1.2893
1.29441
1.29887
1.3091
1.31143
1.30386
1.29362
1.30752
1.3043
140.205
1020.85
1026.42
1026.45
1026.49
1026.5
1026.51
1026.55
1026.6
1026.65
1026.69
1026.72
1026.73
1026.7
1026.65
1026.6
1026.53
1026.45
1026.4
1026.4
1026.6
1026.8
1026.96
1027.04
1027.08
1027.09
1027.09
1027.1
1027.1
1027.1
1027.1
1027.1
1027.1
1027.1
1027.1
1027.1
1027.1
1.16038
1.16043
1.16045
1.16048
1.16047
1.16219
1.16521
1.16698
1.16785
1.16824
1.16848
1.16867
1.16883
1.16889
1.16889
1.16889
1.16889
1.16889
1.1689
1.1689
1.1689
1.1689
1.1689
1.1689
1.16891
1.16891
1.16891
1.16891
1.16891
1.16892
1.16892
1.16892
1.16892
1.16892
1.16893
1.16893
1.16893
1.16893
1.16893
1.16894
1.16895
1.16896
1.16899
1.16918
1.16996
1.17208
1.17765
1.19258
1.21099
1.22811
1.27877
1.28997
1.28919
1.30059
1.29928
1.2942
1.2817
1.30303
1.34041
69.4731
1004.52
1026.96
1026.96
1026.99
1026.99
1026.99
1027
1027.01
1027.02
1027.03
1027.03
1027.04
1027.04
1027.04
1027.04
1027.03
1027.03
1027.02
1027.02
1027.04
1027.06
1027.08
1027.09
1027.1
1027.1
1027.1
1027.1
1027.1
1027.1
1027.1
1027.1
1027.1
1027.1
1027.1
1027.1
1027.1
1.16028
1.16024
1.16032
1.16026
1.16029
1.16125
1.16432
1.16641
1.16763
1.16818
1.1685
1.16874
1.16887
1.1689
1.1689
1.1689
1.1689
1.16891
1.16891
1.16891
1.16891
1.16891
1.16891
1.16891
1.16892
1.16892
1.16892
1.16892
1.16892
1.16893
1.16893
1.16893
1.16893
1.16893
1.16893
1.16894
1.16894
1.16894
1.16894
1.16895
1.16895
1.16897
1.16901
1.16926
1.1703
1.17329
1.18157
1.19704
1.21427
1.22963
1.26157
1.28663
1.28591
1.28887
1.28787
1.28912
1.28292
1.3082
1.36084
38.1207
999.978
1027.09
1027.08
1027.09
1027.09
1027.09
1027.09
1027.09
1027.09
1027.09
1027.09
1027.09
1027.1
1027.1
1027.1
1027.1
1027.1
1027.1
1027.1
1027.1
1027.1
1027.1
1027.1
1027.1
1027.1
1027.1
1027.1
1027.1
1027.1
1027.1
1027.1
1027.1
1027.1
1027.1
1027.1
1027.1
1.16021
1.16008
1.16008
1.16005
1.16027
1.16119
1.16377
1.16638
1.16754
1.16817
1.16854
1.16881
1.16888
1.1689
1.16891
1.16891
1.16891
1.16891
1.16891
1.16892
1.16892
1.16892
1.16892
1.16892
1.16892
1.16893
1.16893
1.16893
1.16893
1.16893
1.16894
1.16894
1.16894
1.16894
1.16894
1.16894
1.16894
1.16894
1.16895
1.16895
1.16896
1.16898
1.16903
1.16936
1.17071
1.17461
1.1838
1.1979
1.2147
1.23136
1.24514
1.27602
1.28356
1.287
1.28782
1.28926
1.27794
1.33129
1.48778
22.7276
987.366
1027.09
1027.09
1027.09
1027.09
1027.09
1027.1
1027.1
1027.1
1027.1
1027.1
1027.1
1027.1
1027.1
1027.1
1027.1
1027.1
1027.1
1027.1
1027.1
1027.1
1027.1
1027.1
1027.1
1027.1
1027.1
1027.1
1027.1
1027.1
1027.1
1027.1
1027.1
1027.1
1027.1
1027.1
1027.1
1.16026
1.16013
1.15997
1.16
1.15998
1.1602
1.16133
1.16442
1.16775
1.16826
1.16862
1.16884
1.16889
1.16891
1.16891
1.16891
1.16891
1.16892
1.16892
1.16892
1.16892
1.16892
1.16892
1.16893
1.16893
1.16893
1.16893
1.16893
1.16893
1.16894
1.16894
1.16894
1.16894
1.16894
1.16894
1.16894
1.16894
1.16895
1.16895
1.16895
1.16896
1.16898
1.16905
1.16945
1.17108
1.17559
1.18416
1.19663
1.21377
1.23167
1.2454
1.2614
1.28031
1.28369
1.27839
1.28061
1.27411
1.35458
1.68492
28.1191
984.575
1027.08
1027.09
1027.09
1027.1
1027.1
1027.1
1027.1
1027.1
1027.1
1027.1
1027.1
1027.1
1027.1
1027.1
1027.1
1027.1
1027.1
1027.1
1027.1
1027.1
1027.1
1027.1
1027.1
1027.1
1027.1
1027.1
1027.1
1027.1
1027.1
1027.1
1027.1
1027.1
1027.1
1027.1
1027.1
1.16044
1.1605
1.16024
1.16025
1.16018
1.16007
1.15997
1.16137
1.16739
1.16847
1.16871
1.16882
1.16884
1.16887
1.16891
1.16891
1.16891
1.16892
1.16892
1.16892
1.16892
1.16892
1.16892
1.16893
1.16893
1.16893
1.16893
1.16893
1.16893
1.16894
1.16894
1.16894
1.16894
1.16894
1.16894
1.16894
1.16895
1.16895
1.16895
1.16895
1.16896
1.16898
1.16905
1.16948
1.17128
1.17595
1.18431
1.19705
1.21403
1.23122
1.24472
1.25581
1.26731
1.27292
1.27096
1.27618
1.27405
1.33384
1.91353
27.3425
964.206
1026.91
1027.09
1027.1
1027.1
1027.1
1027.1
1027.1
1027.1
1027.1
1027.1
1027.1
1027.1
1027.1
1027.1
1027.1
1027.1
1027.1
1027.1
1027.1
1027.1
1027.1
1027.1
1027.1
1027.1
1027.1
1027.1
1027.1
1027.1
1027.1
1027.1
1027.1
1027.1
1027.1
1027.1
1027.1
1.16011
1.1606
1.16049
1.16051
1.16039
1.16025
1.16002
1.16018
1.16529
1.16849
1.16871
1.16875
1.16878
1.16882
1.16888
1.16891
1.16891
1.16892
1.16892
1.16892
1.16892
1.16892
1.16892
1.16893
1.16893
1.16893
1.16893
1.16893
1.16893
1.16893
1.16894
1.16894
1.16894
1.16894
1.16894
1.16894
1.16894
1.16894
1.16895
1.16895
1.16895
1.16896
1.16902
1.16939
1.17111
1.17586
1.1848
1.19853
1.21621
1.23345
1.24627
1.25469
1.26045
1.26839
1.26755
1.27264
1.27667
1.31121
2.14305
39.2673
965.896
1026.65
1027.09
1027.1
1027.1
1027.1
1027.1
1027.1
1027.1
1027.1
1027.1
1027.1
1027.1
1027.1
1027.1
1027.1
1027.1
1027.1
1027.1
1027.1
1027.1
1027.1
1027.1
1027.1
1027.1
1027.1
1027.1
1027.1
1027.1
1027.1
1027.1
1027.1
1027.1
1027.1
1027.1
1027.1
1.1625
1.16344
1.16424
1.16495
1.16553
1.16626
1.16736
1.16831
1.16866
1.16878
1.16884
1.16888
1.1689
1.16891
1.16891
1.16891
1.16892
1.16892
1.16892
1.16892
1.16892
1.16892
1.16892
1.16893
1.16893
1.16893
1.16893
1.16893
1.16893
1.16893
1.16894
1.16894
1.16894
1.16894
1.16894
1.16894
1.16895
1.16895
1.16895
1.16895
1.16895
1.16895
1.16896
1.16919
1.17133
1.17926
1.20246
1.22955
1.24267
1.24872
1.25316
1.25707
1.26045
1.2629
1.26367
1.26474
1.25715
1.29929
2.08296
57.4291
961.189
1026.62
1027.09
1027.1
1027.1
1027.1
1027.1
1027.1
1027.1
1027.1
1027.1
1027.1
1027.1
1027.1
1027.1
1027.1
1027.1
1027.1
1027.1
1027.1
1027.1
1027.1
1027.1
1027.1
1027.1
1027.1
1027.1
1027.1
1027.1
1027.1
1027.1
1027.1
1027.1
1027.1
1027.1
1027.1
1.16216
1.16318
1.16444
1.16511
1.16561
1.16636
1.16753
1.16836
1.16866
1.16876
1.16883
1.16887
1.1689
1.16891
1.16891
1.16891
1.16892
1.16892
1.16892
1.16892
1.16892
1.16892
1.16893
1.16893
1.16893
1.16893
1.16893
1.16893
1.16893
1.16894
1.16894
1.16894
1.16894
1.16894
1.16894
1.16894
1.16894
1.16894
1.16895
1.16895
1.16895
1.16895
1.16896
1.16919
1.17143
1.17973
1.20261
1.229
1.24243
1.24918
1.25434
1.25864
1.26446
1.27921
1.28008
1.26783
1.26422
1.32359
1.65512
29.4942
946.983
1026.44
1027.09
1027.1
1027.1
1027.1
1027.1
1027.1
1027.1
1027.1
1027.1
1027.1
1027.1
1027.1
1027.1
1027.1
1027.1
1027.1
1027.1
1027.1
1027.1
1027.1
1027.1
1027.1
1027.1
1027.1
1027.1
1027.1
1027.1
1027.1
1027.1
1027.1
1027.1
1027.1
1027.1
1027.1
1.16183
1.1631
1.16454
1.16527
1.16576
1.16654
1.16763
1.16835
1.16862
1.16873
1.1688
1.16886
1.16889
1.1689
1.16891
1.16891
1.16891
1.16892
1.16892
1.16892
1.16892
1.16892
1.16892
1.16893
1.16893
1.16893
1.16893
1.16893
1.16893
1.16893
1.16893
1.16894
1.16894
1.16894
1.16894
1.16894
1.16894
1.16894
1.16894
1.16894
1.16895
1.16895
1.16896
1.16918
1.17129
1.17913
1.20126
1.22813
1.24131
1.2453
1.24431
1.23674
1.25555
1.27935
1.28381
1.27956
1.26997
1.33059
1.53081
19.6367
961.33
1026.57
1027.09
1027.1
1027.1
1027.1
1027.1
1027.1
1027.1
1027.1
1027.1
1027.1
1027.1
1027.1
1027.1
1027.1
1027.1
1027.1
1027.1
1027.1
1027.1
1027.1
1027.1
1027.1
1027.1
1027.1
1027.1
1027.1
1027.1
1027.1
1027.1
1027.1
1027.1
1027.1
1027.1
1027.1
1.16147
1.16283
1.16439
1.16534
1.16587
1.16666
1.16767
1.16833
1.16858
1.1687
1.16879
1.16885
1.16888
1.1689
1.16891
1.16891
1.16891
1.16891
1.16892
1.16892
1.16892
1.16892
1.16892
1.16892
1.16892
1.16893
1.16893
1.16893
1.16893
1.16893
1.16893
1.16893
1.16893
1.16894
1.16894
1.16894
1.16894
1.16894
1.16894
1.16894
1.16894
1.16895
1.16896
1.16915
1.17095
1.17798
1.20005
1.22611
1.23471
1.23276
1.21917
1.23027
1.26918
1.28816
1.28645
1.28646
1.27355
1.31491
1.49643
27.1177
993.082
1026.97
1027.09
1027.1
1027.1
1027.1
1027.1
1027.1
1027.1
1027.1
1027.1
1027.1
1027.1
1027.1
1027.1
1027.1
1027.1
1027.1
1027.1
1027.1
1027.1
1027.1
1027.1
1027.1
1027.1
1027.1
1027.1
1027.1
1027.1
1027.1
1027.1
1027.1
1027.1
1027.1
1027.1
1027.1
1.16109
1.16219
1.16406
1.16528
1.16593
1.16673
1.16767
1.16829
1.16855
1.16868
1.16878
1.16884
1.16888
1.1689
1.1689
1.16891
1.16891
1.16891
1.16891
1.16892
1.16892
1.16892
1.16892
1.16892
1.16892
1.16892
1.16893
1.16893
1.16893
1.16893
1.16893
1.16893
1.16893
1.16893
1.16894
1.16894
1.16894
1.16894
1.16894
1.16894
1.16895
1.16895
1.16897
1.1691
1.17051
1.17636
1.19706
1.21924
1.21911
1.20778
1.2106
1.25177
1.2876
1.29243
1.2849
1.28522
1.279
1.30938
1.52444
55.0133
1007.57
1027.05
1027.09
1027.09
1027.09
1027.09
1027.09
1027.09
1027.09
1027.09
1027.09
1027.09
1027.09
1027.09
1027.09
1027.09
1027.09
1027.09
1027.09
1027.1
1027.1
1027.1
1027.1
1027.1
1027.1
1027.1
1027.1
1027.1
1027.1
1027.1
1027.1
1027.1
1027.1
1027.1
1027.1
1027.1
1.16066
1.16143
1.16334
1.16506
1.1659
1.16671
1.16764
1.16825
1.16851
1.16866
1.16877
1.16884
1.16888
1.1689
1.1689
1.16891
1.16891
1.16891
1.16891
1.16892
1.16892
1.16892
1.16892
1.16892
1.16892
1.16892
1.16893
1.16893
1.16893
1.16893
1.16893
1.16893
1.16893
1.16893
1.16893
1.16894
1.16894
1.16894
1.16894
1.16894
1.16895
1.16896
1.16897
1.16907
1.17011
1.17452
1.19145
1.20821
1.1945
1.19589
1.21707
1.2805
1.29416
1.29734
1.2914
1.28975
1.28864
1.30291
1.5778
114.692
1019.33
1026.98
1027.02
1027.03
1027.04
1027.05
1027.05
1027.06
1027.06
1027.05
1027.05
1027.04
1027.04
1027.03
1027.02
1027.02
1027.02
1027.02
1027.02
1027.03
1027.04
1027.06
1027.07
1027.08
1027.09
1027.09
1027.1
1027.1
1027.1
1027.1
1027.1
1027.1
1027.1
1027.1
1027.1
1027.1
1.16026
1.16063
1.16189
1.16421
1.16573
1.16664
1.16758
1.16821
1.16849
1.16865
1.16877
1.16884
1.16888
1.1689
1.1689
1.1689
1.16891
1.16891
1.16891
1.16891
1.16892
1.16892
1.16892
1.16892
1.16892
1.16892
1.16892
1.16893
1.16893
1.16893
1.16893
1.16893
1.16893
1.16893
1.16893
1.16893
1.16893
1.16894
1.16894
1.16894
1.16895
1.16896
1.16898
1.16906
1.16977
1.17295
1.18497
1.19536
1.1874
1.20022
1.25074
1.2917
1.29543
1.3046
1.30754
1.3078
1.30829
1.33507
1.96952
194.606
1020.15
1026.52
1026.67
1026.74
1026.75
1026.78
1026.84
1026.86
1026.89
1026.9
1026.91
1026.91
1026.92
1026.93
1026.94
1026.94
1026.92
1026.92
1026.94
1026.93
1026.91
1026.9
1026.94
1027
1027.05
1027.08
1027.09
1027.1
1027.1
1027.1
1027.1
1027.1
1027.1
1027.1
1027.1
1027.1
1.1603
1.16037
1.16069
1.16243
1.16507
1.16649
1.16749
1.16816
1.16847
1.16864
1.16876
1.16884
1.16888
1.16889
1.1689
1.1689
1.1689
1.16891
1.16891
1.16891
1.16891
1.16892
1.16892
1.16892
1.16892
1.16892
1.16892
1.16892
1.16893
1.16893
1.16893
1.16893
1.16893
1.16893
1.16893
1.16893
1.16893
1.16894
1.16894
1.16894
1.16895
1.16896
1.16898
1.16904
1.16946
1.17168
1.17964
1.18264
1.18763
1.21425
1.26754
1.29463
1.29269
1.29771
1.30897
1.31099
1.30601
1.45108
1.83951
207.569
1011.85
1026.12
1026.33
1026.5
1026.52
1026.6
1026.65
1026.72
1026.79
1026.84
1026.87
1026.88
1026.87
1026.85
1026.83
1026.81
1026.81
1026.88
1026.95
1027.02
1027.07
1027.09
1027.09
1027.08
1027.09
1027.1
1027.1
1027.1
1027.1
1027.1
1027.1
1027.1
1027.1
1027.1
1027.1
1027.1
1.16028
1.16032
1.16035
1.16074
1.16317
1.16591
1.16733
1.1681
1.16845
1.16863
1.16876
1.16884
1.16888
1.16889
1.1689
1.1689
1.1689
1.16891
1.16891
1.16891
1.16891
1.16891
1.16892
1.16892
1.16892
1.16892
1.16892
1.16892
1.16892
1.16893
1.16893
1.16893
1.16893
1.16893
1.16893
1.16893
1.16893
1.16893
1.16893
1.16894
1.16895
1.16896
1.16898
1.16903
1.16929
1.17062
1.17472
1.17863
1.19398
1.23716
1.28472
1.2954
1.29597
1.29775
1.30554
1.30693
1.29686
1.3834
1.4265
162.904
1019.53
1026.52
1026.59
1026.64
1026.67
1026.71
1026.72
1026.74
1026.75
1026.76
1026.75
1026.74
1026.73
1026.72
1026.72
1026.73
1026.78
1026.84
1026.91
1026.99
1027.05
1027.08
1027.09
1027.1
1027.1
1027.1
1027.1
1027.1
1027.1
1027.1
1027.1
1027.1
1027.1
1027.1
1027.1
1027.1
1.16016
1.16026
1.16028
1.16033
1.16109
1.1643
1.16691
1.168
1.16843
1.16862
1.16876
1.16884
1.16888
1.1689
1.1689
1.1689
1.1689
1.16891
1.16891
1.16891
1.16891
1.16891
1.16892
1.16892
1.16892
1.16892
1.16892
1.16892
1.16892
1.16893
1.16893
1.16893
1.16893
1.16893
1.16893
1.16893
1.16893
1.16893
1.16894
1.16894
1.16895
1.16896
1.16898
1.16903
1.16928
1.17027
1.17276
1.18061
1.20321
1.24536
1.28721
1.29456
1.29366
1.29453
1.29818
1.29902
1.28317
1.29873
1.3573
100.694
1017.65
1026.8
1026.82
1026.85
1026.88
1026.9
1026.91
1026.93
1026.95
1026.97
1026.99
1027
1027
1027.01
1027.02
1027.04
1027.05
1027.06
1027.08
1027.09
1027.09
1027.1
1027.1
1027.1
1027.1
1027.1
1027.1
1027.1
1027.1
1027.1
1027.1
1027.1
1027.1
1027.1
1027.1
1027.1
1.16007
1.16015
1.1602
1.16022
1.16031
1.16191
1.16573
1.16777
1.16838
1.16861
1.16875
1.16884
1.16888
1.1689
1.1689
1.1689
1.16891
1.16891
1.16891
1.16891
1.16891
1.16892
1.16892
1.16892
1.16892
1.16892
1.16892
1.16893
1.16893
1.16893
1.16893
1.16893
1.16893
1.16893
1.16893
1.16893
1.16894
1.16894
1.16894
1.16894
1.16895
1.16896
1.16898
1.16905
1.16932
1.17034
1.17312
1.18623
1.20891
1.24091
1.28219
1.29398
1.29202
1.29153
1.28981
1.29129
1.28306
1.29153
1.41769
48.4891
1002.54
1026.96
1027.01
1027.02
1027.04
1027.05
1027.06
1027.07
1027.07
1027.08
1027.08
1027.09
1027.09
1027.09
1027.09
1027.09
1027.09
1027.09
1027.09
1027.1
1027.1
1027.1
1027.1
1027.1
1027.1
1027.1
1027.1
1027.1
1027.1
1027.1
1027.1
1027.1
1027.1
1027.1
1027.1
1027.1
1.15998
1.16007
1.16011
1.16014
1.16019
1.16063
1.16424
1.16729
1.16831
1.1686
1.16875
1.16884
1.16888
1.1689
1.1689
1.16891
1.16891
1.16891
1.16891
1.16891
1.16891
1.16892
1.16892
1.16892
1.16892
1.16892
1.16892
1.16893
1.16893
1.16893
1.16893
1.16893
1.16893
1.16893
1.16893
1.16894
1.16894
1.16894
1.16894
1.16894
1.16895
1.16896
1.16899
1.16908
1.16952
1.17094
1.1758
1.1945
1.21553
1.2353
1.27097
1.29195
1.2916
1.29149
1.28929
1.29008
1.28711
1.29659
1.41072
27.3984
986.187
1026.98
1027.08
1027.09
1027.09
1027.09
1027.09
1027.09
1027.09
1027.1
1027.1
1027.09
1027.09
1027.1
1027.1
1027.1
1027.1
1027.1
1027.1
1027.1
1027.1
1027.1
1027.1
1027.1
1027.1
1027.1
1027.1
1027.1
1027.1
1027.1
1027.1
1027.1
1027.1
1027.1
1027.1
1027.1
1.15987
1.15996
1.16
1.16003
1.16008
1.16042
1.1637
1.16688
1.16817
1.16857
1.16874
1.16884
1.16888
1.1689
1.1689
1.16891
1.16891
1.16891
1.16891
1.16891
1.16892
1.16892
1.16892
1.16892
1.16892
1.16892
1.16893
1.16893
1.16893
1.16893
1.16893
1.16893
1.16893
1.16894
1.16894
1.16894
1.16894
1.16894
1.16894
1.16895
1.16895
1.16897
1.169
1.16916
1.1699
1.17239
1.18232
1.20172
1.21991
1.23357
1.25531
1.28287
1.28956
1.29169
1.29074
1.29176
1.29028
1.29689
1.48573
20.6216
973.128
1026.88
1027.09
1027.09
1027.1
1027.1
1027.1
1027.1
1027.1
1027.1
1027.1
1027.1
1027.1
1027.1
1027.1
1027.1
1027.1
1027.1
1027.1
1027.1
1027.1
1027.1
1027.1
1027.1
1027.1
1027.1
1027.1
1027.1
1027.1
1027.1
1027.1
1027.1
1027.1
1027.1
1027.1
1027.1
1.1599
1.15992
1.15993
1.15994
1.15996
1.16011
1.16137
1.16449
1.16802
1.16854
1.16873
1.16884
1.16889
1.1689
1.16891
1.16891
1.16891
1.16891
1.16892
1.16892
1.16892
1.16892
1.16892
1.16892
1.16893
1.16893
1.16893
1.16893
1.16893
1.16893
1.16893
1.16894
1.16894
1.16894
1.16894
1.16894
1.16894
1.16894
1.16894
1.16895
1.16896
1.16897
1.16901
1.16927
1.17037
1.17487
1.18679
1.20211
1.21779
1.23355
1.24628
1.26632
1.28202
1.29022
1.29082
1.29378
1.28899
1.29991
1.63313
23.554
959.374
1026.65
1027.09
1027.1
1027.1
1027.1
1027.1
1027.1
1027.1
1027.1
1027.1
1027.1
1027.1
1027.1
1027.1
1027.1
1027.1
1027.1
1027.1
1027.1
1027.1
1027.1
1027.1
1027.1
1027.1
1027.1
1027.1
1027.1
1027.1
1027.1
1027.1
1027.1
1027.1
1027.1
1027.1
1027.1
1.16002
1.16002
1.16001
1.16
1.15999
1.15999
1.15995
1.16056
1.16742
1.16852
1.16873
1.16883
1.16888
1.1689
1.16891
1.16891
1.16891
1.16891
1.16891
1.16892
1.16892
1.16892
1.16892
1.16892
1.16893
1.16893
1.16893
1.16893
1.16893
1.16893
1.16893
1.16893
1.16893
1.16893
1.16894
1.16894
1.16894
1.16894
1.16894
1.16894
1.16895
1.16898
1.16904
1.16938
1.17086
1.17569
1.18519
1.19878
1.21458
1.22993
1.24334
1.25681
1.27343
1.28335
1.28726
1.28823
1.27545
1.29597
1.83733
34.1956
960.415
1026.56
1027.09
1027.1
1027.1
1027.1
1027.1
1027.1
1027.1
1027.1
1027.1
1027.1
1027.1
1027.1
1027.1
1027.1
1027.1
1027.1
1027.1
1027.1
1027.1
1027.1
1027.1
1027.1
1027.1
1027.1
1027.1
1027.1
1027.1
1027.1
1027.1
1027.1
1027.1
1027.1
1027.1
1027.1
1.15948
1.15991
1.15991
1.15992
1.15992
1.15992
1.15992
1.1599
1.16359
1.1684
1.16871
1.16879
1.16883
1.16886
1.16889
1.16891
1.16891
1.16891
1.16892
1.16892
1.16892
1.16892
1.16892
1.16893
1.16893
1.16893
1.16893
1.16893
1.16893
1.16894
1.16894
1.16895
1.16895
1.16895
1.16895
1.16895
1.16895
1.16896
1.16896
1.16896
1.16896
1.16896
1.16901
1.16931
1.17088
1.17542
1.18412
1.19709
1.21214
1.22702
1.24024
1.25358
1.26391
1.26913
1.27142
1.27436
1.2698
1.29691
2.13552
59.7343
973.6
1026.71
1027.09
1027.1
1027.1
1027.1
1027.1
1027.1
1027.1
1027.1
1027.1
1027.1
1027.1
1027.1
1027.1
1027.1
1027.1
1027.1
1027.1
1027.1
1027.1
1027.1
1027.1
1027.1
1027.1
1027.1
1027.1
1027.1
1027.1
1027.1
1027.1
1027.1
1027.1
1027.1
1027.1
1027.1
)
;

boundaryField
{
    outlet
    {
        type            calculated;
        value           nonuniform List<scalar> 
64
(
1.16318
1.16283
1.16271
1.16264
1.16256
1.16243
1.16225
1.162
1.15862
1.15862
1.15862
1.15862
1.15862
1.15862
1.15862
1.15862
1.16244
1.16177
1.16156
1.16148
1.16137
1.16125
1.16114
1.16103
1.15862
1.15862
1.15862
1.15862
1.15862
1.15862
1.15862
1.15862
1.16228
1.16129
1.16096
1.15862
1.15862
1.15862
1.15862
1.15862
1.15862
1.15862
1.15862
1.15862
1.15862
1.15862
1.15862
1.15862
1.1625
1.16216
1.15862
1.15862
1.15862
1.15862
1.15862
1.15862
1.15862
1.15862
1.15862
1.15862
1.15862
1.15862
1.15862
1.15862
)
;
    }
    inlet
    {
        type            calculated;
        value           uniform 1.21035;
    }
    walls
    {
        type            calculated;
        value           nonuniform List<scalar> 
3903
(
1.16318
1.16318
1.16401
1.16401
1.16463
1.16463
1.16522
1.16522
1.16576
1.16576
1.16642
1.16642
1.16715
1.16715
1.16799
1.16799
1.16862
1.16862
1.16884
1.16884
1.16887
1.16887
1.16888
1.16888
1.16889
1.16889
1.16889
1.16889
1.16889
1.16889
1.1689
1.1689
1.1689
1.1689
1.1689
1.1689
1.1689
1.1689
1.1689
1.1689
1.1689
1.1689
1.16891
1.16891
1.16891
1.16891
1.16891
1.16891
1.16891
1.16891
1.16891
1.16891
1.16891
1.16891
1.16891
1.16891
1.16892
1.16892
1.16892
1.16892
1.16892
1.16892
1.16892
1.16892
1.16892
1.16892
1.16892
1.16892
1.16892
1.16892
1.16892
1.16892
1.16892
1.16892
1.16893
1.16893
1.16893
1.16893
1.16893
1.16893
1.16893
1.16893
1.16893
1.16893
1.16893
1.16893
1.16901
1.16901
1.16999
1.16999
1.17449
1.17449
1.19057
1.19057
1.21878
1.21878
1.23677
1.23677
1.23815
1.23815
1.22758
1.22758
1.22649
1.22649
1.23072
1.23072
1.24204
1.24204
1.25331
1.25331
1.26939
1.26939
1.27283
1.27283
1.27714
1.27714
2.48062
2.48062
74.1393
74.1393
978.652
978.652
1026.73
1026.73
1027.09
1027.09
1027.1
1027.1
1027.1
1027.1
1027.1
1027.1
1027.1
1027.1
1027.1
1027.1
1027.1
1027.1
1027.1
1027.1
1027.1
1027.1
1027.1
1027.1
1027.1
1027.1
1027.1
1027.1
1027.1
1027.1
1027.1
1027.1
1027.1
1027.1
1027.1
1027.1
1027.1
1027.1
1027.1
1027.1
1027.1
1027.1
1027.1
1027.1
1027.1
1027.1
1027.1
1027.1
1027.1
1027.1
1027.1
1027.1
1027.1
1027.1
1027.1
1027.1
1027.1
1027.1
1027.1
1027.1
1027.1
1027.1
1027.1
1027.1
1027.1
1027.1
1027.1
1027.1
1027.1
1027.1
1027.1
1027.1
1027.1
1.16284
1.16386
1.165
1.16563
1.16626
1.16679
1.16734
1.16802
1.16864
1.16884
1.16887
1.16888
1.16889
1.1689
1.1689
1.16891
1.16891
1.16891
1.16891
1.16891
1.16891
1.16891
1.16891
1.16892
1.16892
1.16892
1.16892
1.16892
1.16892
1.16893
1.16893
1.16893
1.16893
1.16893
1.16893
1.16893
1.16893
1.16894
1.16894
1.16894
1.16894
1.16894
1.16894
1.16901
1.16972
1.17378
1.18935
1.21393
1.22615
1.21387
1.19698
1.20013
1.20984
1.22486
1.24117
1.25417
1.26232
1.27213
1.68609
45.1117
974.71
1026.74
1027.09
1027.1
1027.1
1027.1
1027.1
1027.1
1027.1
1027.1
1027.1
1027.1
1027.1
1027.1
1027.1
1027.1
1027.1
1027.1
1027.1
1027.1
1027.1
1027.1
1027.1
1027.1
1027.1
1027.1
1027.1
1027.1
1027.1
1027.1
1027.1
1027.1
1027.1
1027.1
1027.1
1027.1
1027.1
1.16271
1.16359
1.16488
1.16567
1.16641
1.16688
1.16741
1.16796
1.16845
1.1687
1.16879
1.16884
1.16887
1.16889
1.1689
1.16891
1.16891
1.16891
1.16891
1.16891
1.16891
1.16891
1.16892
1.16892
1.16892
1.16892
1.16892
1.16892
1.16892
1.16893
1.16893
1.16893
1.16893
1.16893
1.16893
1.16893
1.16893
1.16893
1.16893
1.16893
1.16894
1.16894
1.16895
1.16905
1.16947
1.17134
1.18254
1.20323
1.21231
1.19283
1.18743
1.19739
1.22332
1.25198
1.27094
1.2811
1.28222
1.28578
1.45662
29.7927
990.311
1026.93
1027.09
1027.1
1027.1
1027.1
1027.1
1027.1
1027.1
1027.1
1027.1
1027.1
1027.1
1027.1
1027.1
1027.1
1027.1
1027.1
1027.1
1027.1
1027.1
1027.1
1027.1
1027.1
1027.1
1027.1
1027.1
1027.1
1027.1
1027.1
1027.1
1027.1
1027.1
1027.1
1027.1
1027.1
1027.1
1.16264
1.16333
1.16454
1.16533
1.16631
1.16682
1.16734
1.16785
1.16831
1.1686
1.16873
1.16882
1.16886
1.16889
1.1689
1.1689
1.1689
1.1689
1.16891
1.16891
1.16891
1.16891
1.16891
1.16891
1.16891
1.16891
1.16892
1.16892
1.16892
1.16892
1.16892
1.16892
1.16892
1.16893
1.16893
1.16893
1.16893
1.16893
1.16893
1.16893
1.16893
1.16894
1.16895
1.16905
1.16931
1.16998
1.17424
1.18747
1.19092
1.17866
1.18519
1.2197
1.26128
1.28414
1.28843
1.29153
1.29004
1.29126
1.32493
32.2637
1010.98
1027.06
1027.09
1027.1
1027.1
1027.1
1027.1
1027.1
1027.1
1027.1
1027.1
1027.1
1027.1
1027.1
1027.1
1027.1
1027.1
1027.1
1027.1
1027.1
1027.1
1027.1
1027.1
1027.1
1027.1
1027.1
1027.1
1027.1
1027.1
1027.1
1027.1
1027.1
1027.1
1027.1
1027.1
1027.1
1027.1
1.16256
1.16312
1.16413
1.16482
1.16602
1.16673
1.16729
1.16778
1.1682
1.16851
1.16869
1.16881
1.16887
1.16889
1.1689
1.1689
1.16891
1.16891
1.16891
1.16891
1.16891
1.16891
1.16892
1.16892
1.16892
1.16892
1.16892
1.16892
1.16892
1.16892
1.16892
1.16893
1.16893
1.16893
1.16893
1.16893
1.16893
1.16893
1.16893
1.16893
1.16893
1.16894
1.16896
1.16905
1.16921
1.16951
1.17041
1.17431
1.17397
1.17339
1.20248
1.25819
1.28966
1.29305
1.28865
1.28758
1.28607
1.29151
1.27622
77.1806
1018.63
1027.05
1027.07
1027.08
1027.08
1027.08
1027.08
1027.08
1027.08
1027.08
1027.08
1027.08
1027.08
1027.08
1027.08
1027.08
1027.09
1027.09
1027.09
1027.1
1027.1
1027.1
1027.1
1027.1
1027.1
1027.1
1027.1
1027.1
1027.1
1027.1
1027.1
1027.1
1027.1
1027.1
1027.1
1027.1
1027.1
1.16243
1.16295
1.16369
1.16425
1.16555
1.16647
1.16718
1.1677
1.16811
1.16843
1.16864
1.16879
1.16886
1.16889
1.16889
1.1689
1.1689
1.1689
1.1689
1.1689
1.16891
1.16891
1.16891
1.16891
1.16891
1.16891
1.16892
1.16892
1.16892
1.16892
1.16892
1.16892
1.16892
1.16892
1.16892
1.16893
1.16893
1.16893
1.16893
1.16893
1.16893
1.16893
1.16896
1.16904
1.1692
1.16942
1.16975
1.17009
1.17019
1.17345
1.23412
1.28777
1.29673
1.28624
1.28119
1.28161
1.27882
1.28003
1.27622
182.155
1020.21
1025.93
1026.1
1026.3
1026.35
1026.37
1026.3
1026.23
1026.15
1026.06
1025.99
1025.95
1025.93
1025.92
1025.99
1026.11
1026.29
1026.47
1026.64
1026.75
1026.81
1026.85
1026.9
1026.95
1026.97
1026.96
1026.95
1026.94
1026.98
1027
1027.04
1027.07
1027.09
1027.1
1027.1
1027.1
1027.1
1.16225
1.16278
1.16332
1.16374
1.16509
1.1661
1.16696
1.16762
1.16805
1.16837
1.1686
1.16878
1.16886
1.16889
1.1689
1.1689
1.1689
1.16891
1.16891
1.16891
1.16891
1.16891
1.16891
1.16891
1.16891
1.16892
1.16892
1.16892
1.16892
1.16892
1.16892
1.16892
1.16892
1.16893
1.16893
1.16893
1.16893
1.16893
1.16893
1.16893
1.16893
1.16894
1.16897
1.16904
1.1692
1.16968
1.17083
1.17182
1.1719
1.17935
1.25586
1.29528
1.29396
1.28352
1.2812
1.28075
1.27883
1.27899
1.27621
263.227
1011.61
1019.87
1019.95
1020.41
1020.55
1020.69
1020.71
1020.51
1020.22
1019.82
1019.38
1019.03
1018.83
1018.74
1018.82
1019.5
1020.25
1021.21
1022.23
1023.38
1024.55
1025.3
1025.42
1025.42
1025.1
1024.84
1024.6
1024.43
1024.52
1024.6
1025.16
1025.67
1026.17
1026.65
1026.95
1027.1
1027.1
1.162
1.16262
1.1631
1.16342
1.16469
1.16573
1.16667
1.16747
1.16798
1.16833
1.16857
1.16877
1.16886
1.16889
1.1689
1.1689
1.1689
1.16891
1.16891
1.16891
1.16891
1.16891
1.16891
1.16892
1.16892
1.16892
1.16892
1.16892
1.16892
1.16893
1.16893
1.16893
1.16893
1.16893
1.16893
1.16893
1.16893
1.16893
1.16894
1.16894
1.16894
1.16895
1.16898
1.16905
1.16926
1.1701
1.17266
1.17644
1.17729
1.18632
1.25512
1.29327
1.29362
1.28334
1.28225
1.28173
1.28131
1.28298
1.27622
376.165
1003.73
1010.12
1009.55
1009.4
1009.39
1009.41
1009.3
1008.94
1008.56
1008.19
1007.93
1007.78
1007.78
1008.34
1008.95
1009.42
1009.77
1009.92
1009.95
1009.85
1009.53
1008.99
1008.15
1006.95
1005.65
1004.32
1003.25
1002.23
1001.56
1001.31
1001.19
1001.75
1002.19
1003.86
1006.14
1009.64
1009.64
1.16168
1.16243
1.16292
1.16327
1.16431
1.16533
1.16641
1.1672
1.16792
1.16832
1.16855
1.16875
1.16885
1.16888
1.16889
1.1689
1.1689
1.1689
1.1689
1.1689
1.16891
1.16891
1.16891
1.16891
1.16891
1.16891
1.16892
1.16892
1.16892
1.16892
1.16892
1.16892
1.16892
1.16893
1.16893
1.16893
1.16893
1.16893
1.16893
1.16893
1.16894
1.16895
1.16897
1.16904
1.16928
1.17043
1.17536
1.18283
1.18725
1.19586
1.26099
1.29176
1.28634
1.28327
1.28308
1.28309
1.28258
1.28449
1.27622
306.567
1004.96
1013.15
1013.23
1013.55
1013.78
1013.89
1013.76
1013.72
1013.8
1013.89
1014.07
1014.33
1014.63
1014.91
1015
1014.64
1013.92
1013.02
1012.27
1011.65
1011.1
1010.76
1010.72
1011.86
1012.95
1014.53
1016.15
1017.8
1019.35
1020.59
1021.67
1022.62
1023.61
1024.6
1025.64
1026.41
1026.41
1.1614
1.16208
1.16258
1.16302
1.16403
1.1651
1.16638
1.16706
1.16781
1.16833
1.16855
1.16874
1.16884
1.16888
1.16889
1.1689
1.1689
1.16891
1.16891
1.16891
1.16891
1.16891
1.16891
1.16891
1.16892
1.16892
1.16892
1.16892
1.16892
1.16892
1.16892
1.16893
1.16893
1.16893
1.16893
1.16893
1.16893
1.16893
1.16893
1.16893
1.16894
1.16894
1.16896
1.16904
1.16938
1.17171
1.18019
1.1909
1.19938
1.22099
1.28151
1.28696
1.28334
1.28253
1.28286
1.284
1.2811
1.28603
1.27622
186.541
1011.2
1022.8
1023.35
1023.83
1023.77
1023.71
1023.58
1023.53
1023.59
1023.64
1023.74
1023.9
1024.11
1024.25
1024.29
1023.98
1023.6
1022.99
1022.28
1021.62
1021.24
1021.16
1022.16
1023.33
1024.6
1025.66
1026.35
1026.74
1026.96
1027.05
1027.08
1027.09
1027.09
1027.1
1027.1
1027.1
1027.1
1.16111
1.16166
1.16216
1.16271
1.1639
1.16511
1.16642
1.16722
1.16784
1.16836
1.16858
1.16872
1.1688
1.16885
1.16888
1.16889
1.1689
1.1689
1.1689
1.16891
1.16891
1.16891
1.16891
1.16891
1.16892
1.16892
1.16892
1.16892
1.16892
1.16892
1.16892
1.16893
1.16893
1.16893
1.16893
1.16893
1.16893
1.16893
1.16893
1.16894
1.16894
1.16894
1.16896
1.16906
1.16978
1.17399
1.18478
1.19679
1.20654
1.22045
1.28041
1.28357
1.28187
1.28167
1.28364
1.28712
1.2806
1.2886
1.27622
112.711
1019.19
1026.82
1026.89
1026.94
1026.92
1026.9
1026.89
1026.89
1026.9
1026.9
1026.91
1026.92
1026.93
1026.93
1026.9
1026.87
1026.82
1026.76
1026.7
1026.65
1026.63
1026.71
1026.84
1026.95
1027.04
1027.08
1027.09
1027.1
1027.1
1027.1
1027.1
1027.1
1027.1
1027.1
1027.1
1027.1
1027.1
1.16091
1.16126
1.16157
1.16206
1.16339
1.16491
1.16652
1.16753
1.16795
1.16839
1.16858
1.16869
1.16877
1.16884
1.16888
1.1689
1.1689
1.1689
1.1689
1.16891
1.16891
1.16891
1.16891
1.16891
1.16892
1.16892
1.16892
1.16892
1.16892
1.16892
1.16893
1.16893
1.16893
1.16893
1.16893
1.16893
1.16894
1.16894
1.16894
1.16894
1.16894
1.16895
1.16896
1.16915
1.1705
1.17619
1.18762
1.2
1.21008
1.21751
1.27585
1.28401
1.28077
1.28078
1.28047
1.28688
1.28035
1.28971
1.27622
71.2817
1015.78
1027.09
1027.09
1027.1
1027.1
1027.1
1027.1
1027.1
1027.1
1027.1
1027.09
1027.09
1027.1
1027.1
1027.1
1027.09
1027.09
1027.09
1027.09
1027.09
1027.09
1027.1
1027.1
1027.1
1027.1
1027.1
1027.1
1027.1
1027.1
1027.1
1027.1
1027.1
1027.1
1027.1
1027.1
1027.1
1027.1
1.16075
1.161
1.1611
1.16139
1.16245
1.16397
1.16602
1.16749
1.16808
1.16843
1.1686
1.16872
1.1688
1.16886
1.1689
1.16891
1.16891
1.16891
1.16891
1.16891
1.16891
1.16891
1.16892
1.16892
1.16892
1.16892
1.16892
1.16892
1.16893
1.16893
1.16893
1.16893
1.16893
1.16893
1.16893
1.16893
1.16894
1.16894
1.16894
1.16894
1.16894
1.16895
1.16897
1.16924
1.17105
1.17762
1.18972
1.20297
1.21536
1.22715
1.26089
1.28274
1.28183
1.28047
1.28047
1.2832
1.28083
1.28792
1.28646
35.3624
986.108
1027.09
1027.09
1027.09
1027.1
1027.1
1027.1
1027.1
1027.1
1027.1
1027.1
1027.1
1027.1
1027.1
1027.1
1027.1
1027.1
1027.1
1027.1
1027.1
1027.1
1027.1
1027.1
1027.1
1027.1
1027.1
1027.1
1027.1
1027.1
1027.1
1027.1
1027.1
1027.1
1027.1
1027.1
1027.1
1027.1
1.1607
1.16092
1.16089
1.16102
1.16164
1.16289
1.16504
1.16719
1.16821
1.16848
1.16863
1.16872
1.16878
1.16885
1.1689
1.16891
1.16892
1.16892
1.16892
1.16892
1.16892
1.16892
1.16892
1.16892
1.16892
1.16892
1.16893
1.16893
1.16893
1.16893
1.16893
1.16893
1.16893
1.16893
1.16893
1.16894
1.16894
1.16894
1.16894
1.16894
1.16895
1.16896
1.16898
1.16927
1.17141
1.17925
1.19342
1.20808
1.22024
1.23104
1.24489
1.27395
1.28068
1.28201
1.28244
1.28459
1.28373
1.28965
1.43769
43.3701
989.12
1027.09
1027.09
1027.09
1027.1
1027.1
1027.1
1027.1
1027.1
1027.1
1027.1
1027.1
1027.1
1027.1
1027.1
1027.1
1027.1
1027.1
1027.1
1027.1
1027.1
1027.1
1027.1
1027.1
1027.1
1027.1
1027.1
1027.1
1027.1
1027.1
1027.1
1027.1
1027.1
1027.1
1027.1
1027.1
1027.1
1.16077
1.1612
1.16125
1.16128
1.16125
1.16232
1.16403
1.16663
1.16819
1.16849
1.16862
1.16868
1.16874
1.16882
1.16889
1.16891
1.16892
1.16892
1.16891
1.16891
1.16892
1.16892
1.16892
1.16892
1.16892
1.16892
1.16892
1.16893
1.16893
1.16893
1.16893
1.16893
1.16893
1.16893
1.16893
1.16894
1.16894
1.16894
1.16894
1.16894
1.16895
1.16895
1.16898
1.16936
1.17203
1.18161
1.19823
1.2135
1.22426
1.23298
1.24245
1.25877
1.27376
1.27992
1.28108
1.28261
1.28332
1.28846
1.92309
32.2904
966.447
1026.81
1027.09
1027.09
1027.1
1027.1
1027.1
1027.1
1027.1
1027.1
1027.1
1027.1
1027.1
1027.1
1027.1
1027.1
1027.1
1027.1
1027.1
1027.1
1027.1
1027.1
1027.1
1027.1
1027.1
1027.1
1027.1
1027.1
1027.1
1027.1
1027.1
1027.1
1027.1
1027.1
1027.1
1027.1
1027.1
1.16043
1.16043
1.16059
1.16059
1.16138
1.16138
1.16183
1.16183
1.16197
1.16197
1.16243
1.16243
1.1639
1.1639
1.16631
1.16631
1.16817
1.16817
1.1685
1.1685
1.1686
1.1686
1.16868
1.16868
1.16874
1.16874
1.16882
1.16882
1.1689
1.1689
1.16892
1.16892
1.16892
1.16892
1.16892
1.16892
1.16892
1.16892
1.16892
1.16892
1.16892
1.16892
1.16893
1.16893
1.16893
1.16893
1.16893
1.16893
1.16893
1.16893
1.16893
1.16893
1.16893
1.16893
1.16893
1.16893
1.16893
1.16893
1.16894
1.16894
1.16894
1.16894
1.16894
1.16894
1.16894
1.16894
1.16894
1.16894
1.16894
1.16894
1.16894
1.16894
1.16894
1.16894
1.16895
1.16895
1.16895
1.16895
1.16895
1.16895
1.16895
1.16895
1.16896
1.16896
1.16899
1.16899
1.16938
1.16938
1.17167
1.17167
1.17904
1.17904
1.19287
1.19287
1.2102
1.2102
1.22609
1.22609
1.23747
1.23747
1.2465
1.2465
1.25653
1.25653
1.26676
1.26676
1.27482
1.27482
1.27696
1.27696
1.27955
1.27955
1.28364
1.28364
1.28978
1.28978
2.73687
2.73687
46.4034
46.4034
952.258
952.258
1026.09
1026.09
1027.09
1027.09
1027.1
1027.1
1027.1
1027.1
1027.1
1027.1
1027.1
1027.1
1027.1
1027.1
1027.1
1027.1
1027.1
1027.1
1027.1
1027.1
1027.1
1027.1
1027.1
1027.1
1027.1
1027.1
1027.1
1027.1
1027.1
1027.1
1027.1
1027.1
1027.1
1027.1
1027.1
1027.1
1027.1
1027.1
1027.1
1027.1
1027.1
1027.1
1027.1
1027.1
1027.1
1027.1
1027.1
1027.1
1027.1
1027.1
1027.1
1027.1
1027.1
1027.1
1027.1
1027.1
1027.1
1027.1
1027.1
1027.1
1027.1
1027.1
1027.1
1027.1
1027.1
1027.1
1027.1
1027.1
1027.1
1027.1
1027.1
1.16244
1.1637
1.16462
1.16523
1.16572
1.16643
1.16738
1.16819
1.16861
1.16873
1.16879
1.16884
1.16888
1.16891
1.16892
1.16892
1.16892
1.16892
1.16892
1.16892
1.16892
1.16893
1.16893
1.16893
1.16893
1.16893
1.16893
1.16893
1.16894
1.16894
1.16894
1.16894
1.16894
1.16894
1.16895
1.16895
1.16895
1.16895
1.16895
1.16895
1.16895
1.16896
1.16896
1.16905
1.17013
1.17593
1.19484
1.22184
1.23691
1.23865
1.23313
1.23256
1.23613
1.24748
1.25484
1.26979
1.26897
1.33718
2.16079
41.919
962.409
1026.65
1027.09
1027.1
1027.1
1027.1
1027.1
1027.1
1027.1
1027.1
1027.1
1027.1
1027.1
1027.1
1027.1
1027.1
1027.1
1027.1
1027.1
1027.1
1027.1
1027.1
1027.1
1027.1
1027.1
1027.1
1027.1
1027.1
1027.1
1027.1
1027.1
1027.1
1027.1
1027.1
1027.1
1027.1
1027.1
1027.1
1027.1
1027.1
1027.1
1027.1
1027.1
1019.56
1027.1
1027.1
1027.1
1027.1
1027.1
1027.1
1.16038
1.16073
1.16118
1.161
1.16031
1.16026
1.16065
1.16318
1.16756
1.16857
1.16866
1.16869
1.16873
1.16881
1.16889
1.16891
1.16892
1.16892
1.16892
1.16892
1.16892
1.16892
1.16892
1.16892
1.16892
1.16893
1.16893
1.16893
1.16893
1.16893
1.16893
1.16893
1.16894
1.16894
1.16894
1.16894
1.16894
1.16894
1.16894
1.16895
1.16895
1.16896
1.169
1.16939
1.17148
1.17779
1.18996
1.2071
1.22446
1.23776
1.24769
1.25588
1.26258
1.26803
1.27165
1.27786
1.28244
1.30901
2.22867
43.335
965.788
1026.61
1027.09
1027.1
1027.1
1027.1
1027.1
1027.1
1027.1
1027.1
1027.1
1027.1
1027.1
1027.1
1027.1
1027.1
1027.1
1027.1
1027.1
1027.1
1027.1
1027.1
1027.1
1027.1
1027.1
1027.1
1027.1
1027.1
1027.1
1027.1
1027.1
1027.1
1027.1
1027.1
1027.1
1027.1
1027.1
1.16228
1.16335
1.1644
1.1651
1.16561
1.16634
1.16741
1.16832
1.16863
1.16874
1.16881
1.16885
1.16889
1.1689
1.16891
1.16891
1.16891
1.16891
1.16892
1.16892
1.16892
1.16892
1.16892
1.16892
1.16892
1.16892
1.16893
1.16893
1.16893
1.16893
1.16893
1.16893
1.16894
1.16894
1.16894
1.16894
1.16894
1.16894
1.16894
1.16894
1.16894
1.16895
1.16896
1.16911
1.1708
1.1795
1.2027
1.22856
1.24225
1.24682
1.24817
1.25036
1.25435
1.26213
1.26201
1.27102
1.26355
1.35044
1.89829
35.7533
953.555
1026.7
1027.09
1027.1
1027.1
1027.1
1027.1
1027.1
1027.1
1027.1
1027.1
1027.1
1027.1
1027.1
1027.1
1027.1
1027.1
1027.1
1027.1
1027.1
1027.1
1027.1
1027.1
1027.1
1027.1
1027.1
1027.1
1027.1
1027.1
1027.1
1027.1
1027.1
1027.1
1027.1
1027.1
1027.1
1027.1
1027.1
1027.1
1027.1
1027.1
1027.1
1027.09
1025.27
1027.1
1027.1
1027.1
1027.1
1027.1
1027.1
1027.1
1.16011
1.1606
1.16049
1.16051
1.16039
1.16025
1.16002
1.16018
1.16529
1.16849
1.16871
1.16875
1.16878
1.16882
1.16888
1.16891
1.16891
1.16892
1.16892
1.16892
1.16892
1.16892
1.16892
1.16893
1.16893
1.16893
1.16893
1.16893
1.16893
1.16893
1.16894
1.16894
1.16894
1.16894
1.16894
1.16894
1.16894
1.16894
1.16895
1.16895
1.16895
1.16896
1.16902
1.16939
1.17111
1.17586
1.1848
1.19853
1.21621
1.23345
1.24627
1.25469
1.26045
1.26839
1.26755
1.27264
1.27667
1.31121
2.14305
39.2673
965.896
1026.65
1027.09
1027.1
1027.1
1027.1
1027.1
1027.1
1027.1
1027.1
1027.1
1027.1
1027.1
1027.1
1027.1
1027.1
1027.1
1027.1
1027.1
1027.1
1027.1
1027.1
1027.1
1027.1
1027.1
1027.1
1027.1
1027.1
1027.1
1027.1
1027.1
1027.1
1027.1
1027.1
1027.1
1027.1
1027.1
1.1625
1.1625
1.16344
1.16344
1.16424
1.16424
1.16495
1.16495
1.16553
1.16553
1.16626
1.16626
1.16736
1.16736
1.16831
1.16831
1.16866
1.16866
1.16878
1.16878
1.16884
1.16884
1.16888
1.16888
1.1689
1.1689
1.16891
1.16891
1.16891
1.16891
1.16891
1.16891
1.16892
1.16892
1.16892
1.16892
1.16892
1.16892
1.16892
1.16892
1.16892
1.16892
1.16892
1.16892
1.16892
1.16892
1.16893
1.16893
1.16893
1.16893
1.16893
1.16893
1.16893
1.16893
1.16893
1.16893
1.16893
1.16893
1.16893
1.16893
1.16894
1.16894
1.16894
1.16894
1.16894
1.16894
1.16894
1.16894
1.16894
1.16894
1.16894
1.16894
1.16895
1.16895
1.16895
1.16895
1.16895
1.16895
1.16895
1.16895
1.16895
1.16895
1.16895
1.16895
1.16896
1.16896
1.16919
1.16919
1.17133
1.17133
1.17926
1.17926
1.20246
1.20246
1.22955
1.22955
1.24267
1.24267
1.24872
1.24872
1.25316
1.25316
1.25707
1.25707
1.26045
1.26045
1.2629
1.2629
1.26367
1.26367
1.26474
1.26474
1.25715
1.25715
1.29929
1.29929
2.08296
2.08296
57.4291
57.4291
961.189
961.189
1026.62
1026.62
1027.09
1027.09
1027.1
1027.1
1027.1
1027.1
1027.1
1027.1
1027.1
1027.1
1027.1
1027.1
1027.1
1027.1
1027.1
1027.1
1027.1
1027.1
1027.1
1027.1
1027.1
1027.1
1027.1
1027.1
1027.1
1027.1
1027.1
1027.1
1027.1
1027.1
1027.1
1027.1
1027.1
1027.1
1027.1
1027.1
1027.1
1027.1
1027.1
1027.1
1027.1
1027.1
1027.1
1027.1
1027.1
1027.1
1027.1
1027.1
1027.1
1027.1
1027.1
1027.1
1027.1
1027.1
1027.1
1027.1
1027.1
1027.1
1027.1
1027.1
1027.1
1027.1
1027.1
1027.1
1027.1
1027.1
1027.1
1027.1
1027.1
1.16216
1.16318
1.16444
1.16511
1.16561
1.16636
1.16753
1.16836
1.16866
1.16876
1.16883
1.16887
1.1689
1.16891
1.16891
1.16891
1.16892
1.16892
1.16892
1.16892
1.16892
1.16892
1.16893
1.16893
1.16893
1.16893
1.16893
1.16893
1.16893
1.16894
1.16894
1.16894
1.16894
1.16894
1.16894
1.16894
1.16894
1.16894
1.16895
1.16895
1.16895
1.16895
1.16896
1.16919
1.17143
1.17973
1.20261
1.229
1.24243
1.24918
1.25434
1.25864
1.26446
1.27921
1.28008
1.26783
1.26422
1.32359
1.65512
29.4942
946.983
1026.44
1027.09
1027.1
1027.1
1027.1
1027.1
1027.1
1027.1
1027.1
1027.1
1027.1
1027.1
1027.1
1027.1
1027.1
1027.1
1027.1
1027.1
1027.1
1027.1
1027.1
1027.1
1027.1
1027.1
1027.1
1027.1
1027.1
1027.1
1027.1
1027.1
1027.1
1027.1
1027.1
1027.1
1027.1
1027.1
1.16183
1.1631
1.16454
1.16527
1.16576
1.16654
1.16763
1.16835
1.16862
1.16873
1.1688
1.16886
1.16889
1.1689
1.16891
1.16891
1.16891
1.16892
1.16892
1.16892
1.16892
1.16892
1.16892
1.16893
1.16893
1.16893
1.16893
1.16893
1.16893
1.16893
1.16893
1.16894
1.16894
1.16894
1.16894
1.16894
1.16894
1.16894
1.16894
1.16894
1.16895
1.16895
1.16896
1.16918
1.17129
1.17913
1.20126
1.22813
1.24131
1.2453
1.24431
1.23674
1.25555
1.27935
1.28381
1.27956
1.26997
1.33059
1.53081
19.6367
961.33
1026.57
1027.09
1027.1
1027.1
1027.1
1027.1
1027.1
1027.1
1027.1
1027.1
1027.1
1027.1
1027.1
1027.1
1027.1
1027.1
1027.1
1027.1
1027.1
1027.1
1027.1
1027.1
1027.1
1027.1
1027.1
1027.1
1027.1
1027.1
1027.1
1027.1
1027.1
1027.1
1027.1
1027.1
1027.1
1027.1
1.16147
1.16283
1.16439
1.16534
1.16587
1.16666
1.16767
1.16833
1.16858
1.1687
1.16879
1.16885
1.16888
1.1689
1.16891
1.16891
1.16891
1.16891
1.16892
1.16892
1.16892
1.16892
1.16892
1.16892
1.16892
1.16893
1.16893
1.16893
1.16893
1.16893
1.16893
1.16893
1.16893
1.16894
1.16894
1.16894
1.16894
1.16894
1.16894
1.16894
1.16894
1.16895
1.16896
1.16915
1.17095
1.17798
1.20005
1.22611
1.23471
1.23276
1.21917
1.23027
1.26918
1.28816
1.28645
1.28646
1.27355
1.31491
1.49643
27.1177
993.082
1026.97
1027.09
1027.1
1027.1
1027.1
1027.1
1027.1
1027.1
1027.1
1027.1
1027.1
1027.1
1027.1
1027.1
1027.1
1027.1
1027.1
1027.1
1027.1
1027.1
1027.1
1027.1
1027.1
1027.1
1027.1
1027.1
1027.1
1027.1
1027.1
1027.1
1027.1
1027.1
1027.1
1027.1
1027.1
1027.1
1.16109
1.16219
1.16406
1.16528
1.16593
1.16673
1.16767
1.16829
1.16855
1.16868
1.16878
1.16884
1.16888
1.1689
1.1689
1.16891
1.16891
1.16891
1.16891
1.16892
1.16892
1.16892
1.16892
1.16892
1.16892
1.16892
1.16893
1.16893
1.16893
1.16893
1.16893
1.16893
1.16893
1.16893
1.16894
1.16894
1.16894
1.16894
1.16894
1.16894
1.16895
1.16895
1.16897
1.1691
1.17051
1.17636
1.19706
1.21924
1.21911
1.20778
1.2106
1.25177
1.2876
1.29243
1.2849
1.28522
1.279
1.30938
1.52444
55.0133
1007.57
1027.05
1027.09
1027.09
1027.09
1027.09
1027.09
1027.09
1027.09
1027.09
1027.09
1027.09
1027.09
1027.09
1027.09
1027.09
1027.09
1027.09
1027.09
1027.1
1027.1
1027.1
1027.1
1027.1
1027.1
1027.1
1027.1
1027.1
1027.1
1027.1
1027.1
1027.1
1027.1
1027.1
1027.1
1027.1
1027.1
1.16066
1.16143
1.16334
1.16506
1.1659
1.16671
1.16764
1.16825
1.16851
1.16866
1.16877
1.16884
1.16888
1.1689
1.1689
1.16891
1.16891
1.16891
1.16891
1.16892
1.16892
1.16892
1.16892
1.16892
1.16892
1.16892
1.16893
1.16893
1.16893
1.16893
1.16893
1.16893
1.16893
1.16893
1.16893
1.16894
1.16894
1.16894
1.16894
1.16894
1.16895
1.16896
1.16897
1.16907
1.17011
1.17452
1.19145
1.20821
1.1945
1.19589
1.21707
1.2805
1.29416
1.29734
1.2914
1.28975
1.28864
1.30291
1.5778
114.692
1019.33
1026.98
1027.02
1027.03
1027.04
1027.05
1027.05
1027.06
1027.06
1027.05
1027.05
1027.04
1027.04
1027.03
1027.02
1027.02
1027.02
1027.02
1027.02
1027.03
1027.04
1027.06
1027.07
1027.08
1027.09
1027.09
1027.1
1027.1
1027.1
1027.1
1027.1
1027.1
1027.1
1027.1
1027.1
1027.1
1027.1
1.16026
1.16063
1.16189
1.16421
1.16573
1.16664
1.16758
1.16821
1.16849
1.16865
1.16877
1.16884
1.16888
1.1689
1.1689
1.1689
1.16891
1.16891
1.16891
1.16891
1.16892
1.16892
1.16892
1.16892
1.16892
1.16892
1.16892
1.16893
1.16893
1.16893
1.16893
1.16893
1.16893
1.16893
1.16893
1.16893
1.16893
1.16894
1.16894
1.16894
1.16895
1.16896
1.16898
1.16906
1.16977
1.17295
1.18497
1.19536
1.1874
1.20022
1.25074
1.2917
1.29543
1.3046
1.30754
1.3078
1.30829
1.33507
1.96952
194.606
1020.15
1026.52
1026.67
1026.74
1026.75
1026.78
1026.84
1026.86
1026.89
1026.9
1026.91
1026.91
1026.92
1026.93
1026.94
1026.94
1026.92
1026.92
1026.94
1026.93
1026.91
1026.9
1026.94
1027
1027.05
1027.08
1027.09
1027.1
1027.1
1027.1
1027.1
1027.1
1027.1
1027.1
1027.1
1027.1
1027.1
1.1603
1.16037
1.16069
1.16243
1.16507
1.16649
1.16749
1.16816
1.16847
1.16864
1.16876
1.16884
1.16888
1.16889
1.1689
1.1689
1.1689
1.16891
1.16891
1.16891
1.16891
1.16892
1.16892
1.16892
1.16892
1.16892
1.16892
1.16892
1.16893
1.16893
1.16893
1.16893
1.16893
1.16893
1.16893
1.16893
1.16893
1.16894
1.16894
1.16894
1.16895
1.16896
1.16898
1.16904
1.16946
1.17168
1.17964
1.18264
1.18763
1.21425
1.26754
1.29463
1.29269
1.29771
1.30897
1.31099
1.30601
1.45108
1.83951
207.569
1011.85
1026.12
1026.33
1026.5
1026.52
1026.6
1026.65
1026.72
1026.79
1026.84
1026.87
1026.88
1026.87
1026.85
1026.83
1026.81
1026.81
1026.88
1026.95
1027.02
1027.07
1027.09
1027.09
1027.08
1027.09
1027.1
1027.1
1027.1
1027.1
1027.1
1027.1
1027.1
1027.1
1027.1
1027.1
1027.1
1027.1
1.16028
1.16032
1.16035
1.16074
1.16317
1.16591
1.16733
1.1681
1.16845
1.16863
1.16876
1.16884
1.16888
1.16889
1.1689
1.1689
1.1689
1.16891
1.16891
1.16891
1.16891
1.16891
1.16892
1.16892
1.16892
1.16892
1.16892
1.16892
1.16892
1.16893
1.16893
1.16893
1.16893
1.16893
1.16893
1.16893
1.16893
1.16893
1.16893
1.16894
1.16895
1.16896
1.16898
1.16903
1.16929
1.17062
1.17472
1.17863
1.19398
1.23716
1.28472
1.2954
1.29597
1.29775
1.30554
1.30693
1.29686
1.3834
1.4265
162.904
1019.53
1026.52
1026.59
1026.64
1026.67
1026.71
1026.72
1026.74
1026.75
1026.76
1026.75
1026.74
1026.73
1026.72
1026.72
1026.73
1026.78
1026.84
1026.91
1026.99
1027.05
1027.08
1027.09
1027.1
1027.1
1027.1
1027.1
1027.1
1027.1
1027.1
1027.1
1027.1
1027.1
1027.1
1027.1
1027.1
1027.1
1.16016
1.16026
1.16028
1.16033
1.16109
1.1643
1.16691
1.168
1.16843
1.16862
1.16876
1.16884
1.16888
1.1689
1.1689
1.1689
1.1689
1.16891
1.16891
1.16891
1.16891
1.16891
1.16892
1.16892
1.16892
1.16892
1.16892
1.16892
1.16892
1.16893
1.16893
1.16893
1.16893
1.16893
1.16893
1.16893
1.16893
1.16893
1.16894
1.16894
1.16895
1.16896
1.16898
1.16903
1.16928
1.17027
1.17276
1.18061
1.20321
1.24536
1.28721
1.29456
1.29366
1.29453
1.29818
1.29902
1.28317
1.29873
1.3573
100.694
1017.65
1026.8
1026.82
1026.85
1026.88
1026.9
1026.91
1026.93
1026.95
1026.97
1026.99
1027
1027
1027.01
1027.02
1027.04
1027.05
1027.06
1027.08
1027.09
1027.09
1027.1
1027.1
1027.1
1027.1
1027.1
1027.1
1027.1
1027.1
1027.1
1027.1
1027.1
1027.1
1027.1
1027.1
1027.1
1027.1
1.16007
1.16015
1.1602
1.16022
1.16031
1.16191
1.16573
1.16777
1.16838
1.16861
1.16875
1.16884
1.16888
1.1689
1.1689
1.1689
1.16891
1.16891
1.16891
1.16891
1.16891
1.16892
1.16892
1.16892
1.16892
1.16892
1.16892
1.16893
1.16893
1.16893
1.16893
1.16893
1.16893
1.16893
1.16893
1.16893
1.16894
1.16894
1.16894
1.16894
1.16895
1.16896
1.16898
1.16905
1.16932
1.17034
1.17312
1.18623
1.20891
1.24091
1.28219
1.29398
1.29202
1.29153
1.28981
1.29129
1.28306
1.29153
1.41769
48.4891
1002.54
1026.96
1027.01
1027.02
1027.04
1027.05
1027.06
1027.07
1027.07
1027.08
1027.08
1027.09
1027.09
1027.09
1027.09
1027.09
1027.09
1027.09
1027.09
1027.1
1027.1
1027.1
1027.1
1027.1
1027.1
1027.1
1027.1
1027.1
1027.1
1027.1
1027.1
1027.1
1027.1
1027.1
1027.1
1027.1
1027.1
1.15998
1.16007
1.16011
1.16014
1.16019
1.16063
1.16424
1.16729
1.16831
1.1686
1.16875
1.16884
1.16888
1.1689
1.1689
1.16891
1.16891
1.16891
1.16891
1.16891
1.16891
1.16892
1.16892
1.16892
1.16892
1.16892
1.16892
1.16893
1.16893
1.16893
1.16893
1.16893
1.16893
1.16893
1.16893
1.16894
1.16894
1.16894
1.16894
1.16894
1.16895
1.16896
1.16899
1.16908
1.16952
1.17094
1.1758
1.1945
1.21553
1.2353
1.27097
1.29195
1.2916
1.29149
1.28929
1.29008
1.28711
1.29659
1.41072
27.3984
986.187
1026.98
1027.08
1027.09
1027.09
1027.09
1027.09
1027.09
1027.09
1027.1
1027.1
1027.09
1027.09
1027.1
1027.1
1027.1
1027.1
1027.1
1027.1
1027.1
1027.1
1027.1
1027.1
1027.1
1027.1
1027.1
1027.1
1027.1
1027.1
1027.1
1027.1
1027.1
1027.1
1027.1
1027.1
1027.1
1027.1
1.15987
1.15996
1.16
1.16003
1.16008
1.16042
1.1637
1.16688
1.16817
1.16857
1.16874
1.16884
1.16888
1.1689
1.1689
1.16891
1.16891
1.16891
1.16891
1.16891
1.16892
1.16892
1.16892
1.16892
1.16892
1.16892
1.16893
1.16893
1.16893
1.16893
1.16893
1.16893
1.16893
1.16894
1.16894
1.16894
1.16894
1.16894
1.16894
1.16895
1.16895
1.16897
1.169
1.16916
1.1699
1.17239
1.18232
1.20172
1.21991
1.23357
1.25531
1.28287
1.28956
1.29169
1.29074
1.29176
1.29028
1.29689
1.48573
20.6216
973.128
1026.88
1027.09
1027.09
1027.1
1027.1
1027.1
1027.1
1027.1
1027.1
1027.1
1027.1
1027.1
1027.1
1027.1
1027.1
1027.1
1027.1
1027.1
1027.1
1027.1
1027.1
1027.1
1027.1
1027.1
1027.1
1027.1
1027.1
1027.1
1027.1
1027.1
1027.1
1027.1
1027.1
1027.1
1027.1
1027.1
1.1599
1.15992
1.15993
1.15994
1.15996
1.16011
1.16137
1.16449
1.16802
1.16854
1.16873
1.16884
1.16889
1.1689
1.16891
1.16891
1.16891
1.16891
1.16892
1.16892
1.16892
1.16892
1.16892
1.16892
1.16893
1.16893
1.16893
1.16893
1.16893
1.16893
1.16893
1.16894
1.16894
1.16894
1.16894
1.16894
1.16894
1.16894
1.16894
1.16895
1.16896
1.16897
1.16901
1.16927
1.17037
1.17487
1.18679
1.20211
1.21779
1.23355
1.24628
1.26632
1.28202
1.29022
1.29082
1.29378
1.28899
1.29991
1.63313
23.554
959.374
1026.65
1027.09
1027.1
1027.1
1027.1
1027.1
1027.1
1027.1
1027.1
1027.1
1027.1
1027.1
1027.1
1027.1
1027.1
1027.1
1027.1
1027.1
1027.1
1027.1
1027.1
1027.1
1027.1
1027.1
1027.1
1027.1
1027.1
1027.1
1027.1
1027.1
1027.1
1027.1
1027.1
1027.1
1027.1
1027.1
1.16002
1.16002
1.16001
1.16
1.15999
1.15999
1.15995
1.16056
1.16742
1.16852
1.16873
1.16883
1.16888
1.1689
1.16891
1.16891
1.16891
1.16891
1.16891
1.16892
1.16892
1.16892
1.16892
1.16892
1.16893
1.16893
1.16893
1.16893
1.16893
1.16893
1.16893
1.16893
1.16893
1.16893
1.16894
1.16894
1.16894
1.16894
1.16894
1.16894
1.16895
1.16898
1.16904
1.16938
1.17086
1.17569
1.18519
1.19878
1.21458
1.22993
1.24334
1.25681
1.27343
1.28335
1.28726
1.28823
1.27545
1.29597
1.83733
34.1956
960.415
1026.56
1027.09
1027.1
1027.1
1027.1
1027.1
1027.1
1027.1
1027.1
1027.1
1027.1
1027.1
1027.1
1027.1
1027.1
1027.1
1027.1
1027.1
1027.1
1027.1
1027.1
1027.1
1027.1
1027.1
1027.1
1027.1
1027.1
1027.1
1027.1
1027.1
1027.1
1027.1
1027.1
1027.1
1027.1
1027.1
1.15948
1.15948
1.15991
1.15991
1.15991
1.15991
1.15992
1.15992
1.15992
1.15992
1.15992
1.15992
1.15992
1.15992
1.1599
1.1599
1.16359
1.16359
1.1684
1.1684
1.16871
1.16871
1.16879
1.16879
1.16883
1.16883
1.16886
1.16886
1.16889
1.16889
1.16891
1.16891
1.16891
1.16891
1.16891
1.16891
1.16892
1.16892
1.16892
1.16892
1.16892
1.16892
1.16892
1.16892
1.16892
1.16892
1.16893
1.16893
1.16893
1.16893
1.16893
1.16893
1.16893
1.16893
1.16893
1.16893
1.16893
1.16893
1.16894
1.16894
1.16894
1.16894
1.16895
1.16895
1.16895
1.16895
1.16895
1.16895
1.16895
1.16895
1.16895
1.16895
1.16895
1.16895
1.16896
1.16896
1.16896
1.16896
1.16896
1.16896
1.16896
1.16896
1.16896
1.16896
1.16901
1.16901
1.16931
1.16931
1.17088
1.17088
1.17542
1.17542
1.18412
1.18412
1.19709
1.19709
1.21214
1.21214
1.22702
1.22702
1.24024
1.24024
1.25358
1.25358
1.26391
1.26391
1.26913
1.26913
1.27142
1.27142
1.27436
1.27436
1.2698
1.2698
1.29691
1.29691
2.13552
2.13552
59.7343
59.7343
973.6
973.6
1026.71
1026.71
1027.09
1027.09
1027.1
1027.1
1027.1
1027.1
1027.1
1027.1
1027.1
1027.1
1027.1
1027.1
1027.1
1027.1
1027.1
1027.1
1027.1
1027.1
1027.1
1027.1
1027.1
1027.1
1027.1
1027.1
1027.1
1027.1
1027.1
1027.1
1027.1
1027.1
1027.1
1027.1
1027.1
1027.1
1027.1
1027.1
1027.1
1027.1
1027.1
1027.1
1027.1
1027.1
1027.1
1027.1
1027.1
1027.1
1027.1
1027.1
1027.1
1027.1
1027.1
1027.1
1027.1
1027.1
1027.1
1027.1
1027.1
1027.1
1027.1
1027.1
1027.1
1027.1
1027.1
1027.1
1027.1
1027.1
1027.1
1027.1
1027.1
)
;
    }
}


// ************************************************************************* //
