/*--------------------------------*- C++ -*----------------------------------*\
| =========                 |                                                 |
| \\      /  F ield         | OpenFOAM: The Open Source CFD Toolbox           |
|  \\    /   O peration     | Version:  2.3.0                                 |
|   \\  /    A nd           | Web:      www.OpenFOAM.org                      |
|    \\/     M anipulation  |                                                 |
\*---------------------------------------------------------------------------*/
FoamFile
{
    version     2.0;
    format      ascii;
    class       volScalarField;
    location    "23";
    object      w2;
}
// * * * * * * * * * * * * * * * * * * * * * * * * * * * * * * * * * * * * * //

dimensions      [0 0 0 0 0 0 0];

internalField   nonuniform List<scalar> 
6144
(
0.452838
0.452838
0.452838
0.452838
0.452838
0.452838
0.452838
0.452838
0.452838
0.452838
0.452838
0.452838
0.452838
0.452838
0.452838
0.452838
0.452838
0.452838
0.452838
0.452838
0.452838
0.452838
0.452838
0.452838
0.452838
0.452838
0.452838
0.452838
0.452838
0.452838
0.452838
0.452838
0.452838
0.452838
0.452838
0.452838
0.452838
0.452838
0.452838
0.452838
0.452838
0.452838
0.452838
0.452838
0.452838
0.452838
0.452838
0.452838
0.452838
0.452838
0.452838
0.452838
0.452838
0.452838
0.452838
0.452838
0.452839
0.45287
0.494706
0.477395
0.143445
0.000694621
4.51716e-06
0.00141397
0.00081265
0.00533507
0.00800638
0.0399528
0.00668535
0.0054356
0.00761843
0.0142621
0.0510569
0.0299511
0.0185477
0.0131862
0.0108696
0.00896185
0.00847051
0.0166984
0.0196033
0.016473
0.0434872
0.0301142
0.0195533
0.0144926
0.00888608
0.0121336
0.00991477
0.00893525
0.0120413
0.0391224
0.00325492
0.00077686
0.000446509
0.000125914
0.452838
0.452838
0.452838
0.452838
0.452838
0.452838
0.452838
0.452838
0.452838
0.452838
0.452838
0.452838
0.452838
0.452838
0.452838
0.452838
0.452838
0.452838
0.452838
0.452838
0.452838
0.452838
0.452838
0.452838
0.452838
0.452838
0.452838
0.452838
0.452838
0.452838
0.452838
0.452838
0.452838
0.452838
0.452838
0.452838
0.452838
0.452838
0.452838
0.452838
0.452838
0.452838
0.452838
0.452838
0.452838
0.452838
0.452838
0.452838
0.452838
0.452838
0.452838
0.452838
0.452838
0.452838
0.452838
0.452838
0.45284
0.454158
0.510738
0.477261
0.176793
0.00089123
4.80379e-06
0.000727402
0.0119204
0.00169929
0.00389999
0.0105778
0.016385
0.0119593
0.0407304
0.088591
0.31078
0.0101957
0.00910536
0.00790832
0.00678423
0.0388339
0.0116439
0.0174361
0.0832825
0.00799259
0.0296631
0.00685119
0.038874
0.00603572
0.0122716
0.0262364
0.0129588
0.00699161
0.00786857
0.0211268
0.00229661
0.000738175
0.000524516
0.000129139
0.452838
0.452838
0.452838
0.452838
0.452838
0.452838
0.452838
0.452838
0.452838
0.452838
0.452838
0.452838
0.452838
0.452838
0.452838
0.452838
0.452838
0.452838
0.452838
0.452838
0.452838
0.452838
0.452838
0.452838
0.452838
0.452838
0.452838
0.452838
0.452838
0.452838
0.452838
0.452838
0.452838
0.452838
0.452838
0.452838
0.452838
0.452838
0.452838
0.452838
0.452838
0.452838
0.452838
0.452838
0.452838
0.452838
0.452838
0.452838
0.452838
0.452838
0.452838
0.452838
0.452838
0.452838
0.452838
0.452838
0.452838
0.452889
0.476351
0.391346
0.761294
0.00101487
5.07419e-06
0.000532108
0.00185443
0.00713063
0.00205793
0.00255877
0.00472828
0.00851801
0.00814188
0.00681313
0.00670221
0.0176567
0.0135745
0.00724823
0.0105565
0.0363364
0.00860906
0.251992
0.00422221
0.00772012
0.00454145
0.00313381
0.005658
0.00682202
0.0133171
0.255847
0.00648359
0.00464501
0.00372649
0.00380651
0.00788347
0.000922361
0.000545815
0.000124587
0.452838
0.452838
0.452838
0.452838
0.452838
0.452838
0.452838
0.452838
0.452838
0.452838
0.452838
0.452838
0.452838
0.452838
0.452838
0.452838
0.452838
0.452838
0.452838
0.452838
0.452838
0.452838
0.452838
0.452838
0.452838
0.452838
0.452838
0.452838
0.452838
0.452838
0.452838
0.452838
0.452838
0.452838
0.452838
0.452838
0.452838
0.452838
0.452838
0.452838
0.452838
0.452838
0.452838
0.452838
0.452838
0.452838
0.452838
0.452838
0.452838
0.452838
0.452838
0.452838
0.452838
0.452838
0.452839
0.452838
0.452839
0.452817
0.455066
0.493865
0.826844
0.844265
6.22657e-06
0.000302342
0.000121515
0.00392446
0.0128569
0.0239552
0.0119709
0.00740975
0.00952992
0.0382122
0.0157114
0.00584846
0.00544992
0.00454666
0.0049811
0.0224658
0.0105267
0.0107327
0.00341863
0.00264704
0.00371645
0.00716115
0.00783895
0.0103159
0.0253367
0.00255935
0.00155518
0.00150434
0.0021788
0.00520662
0.00318615
0.00085869
0.00052962
0.000123623
0.452838
0.452838
0.452838
0.452838
0.452838
0.452838
0.452838
0.452838
0.452838
0.452838
0.452838
0.452838
0.452838
0.452838
0.452838
0.452838
0.452838
0.452838
0.452838
0.452838
0.452838
0.452838
0.452838
0.452838
0.452838
0.452838
0.452838
0.452838
0.452838
0.452838
0.452838
0.452838
0.452838
0.452838
0.452838
0.452838
0.452838
0.452838
0.452838
0.452838
0.452838
0.452838
0.452838
0.452838
0.452838
0.452838
0.452838
0.452838
0.452838
0.452838
0.452838
0.452838
0.452838
0.452838
0.452839
0.452838
0.452839
0.452834
0.452821
0.457982
0.194423
0.00890127
0.00309335
0.000160608
1.15699e-05
7.10053e-06
0.000267282
0.000186721
0.00307
0.00162551
0.000293316
0.000283935
0.000375265
0.000365097
0.000372082
0.000613593
0.000635
0.00226037
0.00469276
0.0448221
0.00889766
0.00260156
0.00102845
0.000793469
0.00067093
0.000633877
0.000679308
0.00465362
0.00975627
0.0300909
0.0116065
0.00522203
0.00162551
0.000737663
0.000547858
0.000121033
0.452838
0.452838
0.452838
0.452838
0.452838
0.452838
0.452838
0.452838
0.452838
0.452838
0.452838
0.452838
0.452838
0.452838
0.452838
0.452838
0.452838
0.452838
0.452838
0.452838
0.452838
0.452838
0.452838
0.452838
0.452838
0.452838
0.452838
0.452838
0.452838
0.452838
0.452838
0.452838
0.452838
0.452838
0.452838
0.452838
0.452838
0.452838
0.452838
0.452838
0.452838
0.452838
0.452838
0.452838
0.452838
0.452838
0.452838
0.452838
0.452838
0.452838
0.452838
0.452838
0.452838
0.452838
0.452839
0.452838
0.452838
0.452839
0.452854
0.490941
0.199612
0.0551182
0.894389
0.0283218
0.67901
0.938872
0.0197021
0.406618
0.0178071
0.0112722
0.00420717
0.00808075
0.00524416
0.0281898
0.0212185
0.0422726
0.0231306
0.0171257
0.00790223
0.00801957
0.00889893
0.00559822
0.00182372
0.000431251
6.90556e-05
1.57845e-05
9.21763e-06
9.0562e-06
0.00100253
0.000646672
0.00182905
0.00162533
0.00051149
0.000254736
0.000221312
0.000116587
0.452838
0.452838
0.452838
0.452838
0.452838
0.452838
0.452838
0.452838
0.452838
0.452838
0.452838
0.452838
0.452838
0.452838
0.452838
0.452838
0.452838
0.452838
0.452838
0.452838
0.452838
0.452838
0.452838
0.452838
0.452838
0.452838
0.452838
0.452838
0.452838
0.452838
0.452838
0.452838
0.452838
0.452838
0.452838
0.452838
0.452838
0.452838
0.452838
0.452838
0.452838
0.452838
0.452838
0.452838
0.452838
0.452838
0.452838
0.452838
0.452838
0.452838
0.452838
0.452838
0.452838
0.452838
0.452838
0.452838
0.452839
0.452824
0.450995
0.528314
0.0534822
0.990131
0.203556
0.0980199
0.999292
0.0146431
0.509605
0.938225
0.34134
0.954552
0.743418
0.980808
0.52353
0.999981
0.584707
0.229938
0.715638
0.939721
0.349817
0.368817
0.867617
0.241932
0.517407
0.165115
0.0943616
0.204876
0.431238
0.992665
0.00125491
5.79598e-06
0.000493373
0.00276115
3.74615e-06
0.999694
0.0120945
9.43625e-05
0.452838
0.452838
0.452838
0.452838
0.452838
0.452838
0.452838
0.452838
0.452838
0.452838
0.452838
0.452838
0.452838
0.452838
0.452838
0.452838
0.452838
0.452838
0.452838
0.452838
0.452838
0.452838
0.452838
0.452838
0.452838
0.452838
0.452838
0.452838
0.452838
0.452838
0.452838
0.452838
0.452838
0.452838
0.452838
0.452838
0.452838
0.452838
0.452838
0.452838
0.452838
0.452838
0.452838
0.452838
0.452838
0.452838
0.452838
0.452838
0.452838
0.452838
0.452838
0.452838
0.452838
0.452838
0.452838
0.452838
0.452839
0.452828
0.453146
0.514674
0.100376
0.000178
0.994353
0.552082
0.665691
0.79912
0.589001
0.996497
0.921926
0.256712
0.903817
0.237674
0.912372
0.858822
0.550382
0.498001
0.702768
0.834984
0.976035
0.678249
0.290852
0.584435
0.655231
0.979643
0.922124
0.999993
0.399811
0.237694
0.866195
0.982048
0.999997
0.986483
0.839969
0.790679
0.53821
0.959227
0.452838
0.452838
0.452838
0.452838
0.452838
0.452838
0.452838
0.452838
0.452838
0.452838
0.452838
0.452838
0.452838
0.452838
0.452838
0.452838
0.452838
0.452838
0.452838
0.452838
0.452838
0.452838
0.452838
0.452838
0.452838
0.452838
0.452838
0.452838
0.452838
0.452838
0.452838
0.452838
0.452838
0.452838
0.452838
0.452838
0.452838
0.452838
0.452838
0.452838
0.452838
0.452838
0.452838
0.452838
0.452838
0.452838
0.452838
0.452838
0.452838
0.452838
0.452838
0.452838
0.452838
0.452838
0.452838
0.452839
0.452801
0.451832
0.454592
0.515437
0.0367337
0.676196
0.914297
0.897011
0.205958
0.912384
0.998927
0.709657
0.748637
0.200715
0.999618
0.981604
0.914408
0.954605
0.830855
0.968686
0.899774
0.824651
0.293165
0.117897
0.380009
0.157729
0.9798
1.43036e-06
3.1664e-07
0.00316401
0.968838
0.931667
0.969942
0.0535351
0.606413
0.997785
0.996233
0.937115
0.913905
0.000202978
0.452838
0.452838
0.452838
0.452838
0.452838
0.452838
0.452838
0.452838
0.452838
0.452838
0.452838
0.452838
0.452838
0.452838
0.452838
0.452838
0.452838
0.452838
0.452838
0.452838
0.452838
0.452838
0.452838
0.452838
0.452838
0.452838
0.452838
0.452838
0.452838
0.452838
0.452838
0.452838
0.452838
0.452838
0.452838
0.452838
0.452838
0.452838
0.452838
0.452838
0.452838
0.452838
0.452838
0.452838
0.452838
0.452838
0.452838
0.452838
0.452838
0.452838
0.452838
0.452838
0.452838
0.452838
0.452838
0.452838
0.452838
0.452875
0.453305
0.540999
0.0982705
0.0319271
0.193867
0.058781
0.873828
0.231989
0.946071
0.34395
0.9986
0.996242
0.143392
0.0903138
0.717391
0.173159
0.273156
0.00905866
0.176527
0.929133
0.634244
0.000137576
1.31734e-05
8.45176e-06
0.999999
2.47994e-05
0.999993
0.836213
0.00260387
0.00424566
0.00123948
0.00263344
0.000762312
0.000357189
1.47412e-05
8.07755e-06
0.00011197
8.49565e-05
0.452838
0.452838
0.452838
0.452838
0.452838
0.452838
0.452838
0.452838
0.452838
0.452838
0.452838
0.452838
0.452838
0.452838
0.452838
0.452838
0.452838
0.452838
0.452838
0.452838
0.452838
0.452838
0.452838
0.452838
0.452838
0.452838
0.452838
0.452838
0.452838
0.452838
0.452838
0.452838
0.452838
0.452838
0.452838
0.452838
0.452838
0.452838
0.452838
0.452838
0.452838
0.452838
0.452838
0.452838
0.452838
0.452838
0.452838
0.452838
0.452838
0.452838
0.452838
0.452838
0.452838
0.452838
0.452838
0.452838
0.452839
0.452189
0.486148
0.520908
0.183011
0.00445063
0.0136359
0.00565977
0.00328157
0.00273011
0.00221557
0.000678236
0.00289136
0.00245208
0.999982
9.3338e-05
4.41613e-05
9.42097e-06
9.08243e-06
0.000285075
0.000349359
0.000462437
0.000704368
0.000893232
0.00107062
0.00657494
0.00411407
0.00142869
0.000349624
0.000186799
0.00012798
0.000229947
0.000701616
0.000647718
0.000106573
0.000274148
0.000513643
0.00281318
0.0149808
0.000132786
0.452838
0.452838
0.452838
0.452838
0.452838
0.452838
0.452838
0.452838
0.452838
0.452838
0.452838
0.452838
0.452838
0.452838
0.452838
0.452838
0.452838
0.452838
0.452838
0.452838
0.452838
0.452838
0.452838
0.452838
0.452838
0.452838
0.452838
0.452838
0.452838
0.452838
0.452838
0.452838
0.452838
0.452838
0.452838
0.452838
0.452838
0.452838
0.452838
0.452838
0.452838
0.452838
0.452838
0.452838
0.452838
0.452838
0.452838
0.452838
0.452838
0.452838
0.452838
0.452838
0.452838
0.452838
0.452838
0.452838
0.452839
0.452855
0.449559
0.490536
0.210868
0.000485997
2.30788e-06
0.000240914
0.021778
0.00198943
0.00122931
0.00518629
0.000461406
0.000185218
0.000262132
0.000470917
0.000463552
0.000510488
0.000752292
0.003791
0.0563525
0.048601
0.0156523
0.0204787
0.0108344
0.00411831
0.00274792
0.00435749
0.00455574
0.00279931
0.00229257
0.00234045
0.00673652
0.00160428
0.000919678
0.00172018
0.000939982
0.0023322
0.0019853
0.000121928
0.452838
0.452838
0.452838
0.452838
0.452838
0.452838
0.452838
0.452838
0.452838
0.452838
0.452838
0.452838
0.452838
0.452838
0.452838
0.452838
0.452838
0.452838
0.452838
0.452838
0.452838
0.452838
0.452838
0.452838
0.452838
0.452838
0.452838
0.452838
0.452838
0.452838
0.452838
0.452838
0.452838
0.452838
0.452838
0.452838
0.452838
0.452838
0.452838
0.452838
0.452838
0.452838
0.452838
0.452838
0.452838
0.452838
0.452838
0.452838
0.452838
0.452838
0.452838
0.452838
0.452838
0.452838
0.452838
0.452838
0.452839
0.452841
0.452882
0.581905
0.170847
0.00170463
2.41868e-06
0.0002906
0.000476221
0.000820058
0.00260628
0.0090272
0.00276496
0.00223822
0.00754237
0.0056954
0.0189574
0.00446751
0.00270852
0.0037548
0.0846596
0.0054548
0.00307564
0.00231878
0.00228853
0.00250007
0.00356976
0.00971107
0.00776127
0.00445761
0.00274616
0.00345295
0.0445492
0.0436352
0.00626979
0.00235798
0.0033136
0.00911886
0.00120954
0.000118632
0.452838
0.452838
0.452838
0.452838
0.452838
0.452838
0.452838
0.452838
0.452838
0.452838
0.452838
0.452838
0.452838
0.452838
0.452838
0.452838
0.452838
0.452838
0.452838
0.452838
0.452838
0.452838
0.452838
0.452838
0.452838
0.452838
0.452838
0.452838
0.452838
0.452838
0.452838
0.452838
0.452838
0.452838
0.452838
0.452838
0.452838
0.452838
0.452838
0.452838
0.452838
0.452838
0.452838
0.452838
0.452838
0.452838
0.452838
0.452838
0.452838
0.452838
0.452838
0.452838
0.452838
0.452838
0.452838
0.452839
0.45284
0.452842
0.452935
0.515959
0.228824
0.00215375
2.44655e-06
0.000221261
0.00127004
0.00207595
0.00122038
0.00333051
0.0568573
0.0216102
0.00616892
0.00564564
0.00967329
0.0119743
0.0314873
0.0295067
0.0543587
0.642051
0.35614
0.0166577
0.0159117
0.0487301
0.0144708
0.00710344
0.0312352
0.00406438
0.0040123
0.00297585
0.00601716
0.0038503
0.0162374
0.0046562
0.00124846
0.00250037
0.000845856
0.000114498
0.452838
0.452838
0.452838
0.452838
0.452838
0.452838
0.452838
0.452838
0.452838
0.452838
0.452838
0.452838
0.452838
0.452838
0.452838
0.452838
0.452838
0.452838
0.452838
0.452838
0.452838
0.452838
0.452838
0.452838
0.452838
0.452838
0.452838
0.452838
0.452838
0.452838
0.452838
0.452838
0.452838
0.452838
0.452838
0.452838
0.452838
0.452838
0.452838
0.452838
0.452838
0.452838
0.452838
0.452838
0.452838
0.452838
0.452838
0.452838
0.452838
0.452838
0.452838
0.452838
0.452838
0.452838
0.452838
0.452838
0.452841
0.452841
0.457503
0.572299
0.130298
0.00350609
4.9744e-06
0.00378437
0.000865356
0.000644532
0.00218271
0.00722495
0.0250992
0.0157065
0.0140546
0.0092948
0.00531715
0.00443048
0.00358712
0.00411612
0.00396411
0.00470727
0.00479681
0.00736607
0.00799043
0.00505134
0.00186426
0.00126301
0.00252608
0.00417467
0.0194575
0.00387799
0.003816
0.00751292
0.00395107
0.00207446
0.0172565
0.00360979
0.000818391
0.000124106
0.452838
0.452838
0.452838
0.452838
0.452838
0.452838
0.452838
0.452838
0.452838
0.452838
0.452838
0.452838
0.452838
0.452838
0.452838
0.452838
0.452838
0.452838
0.452838
0.452838
0.452838
0.452838
0.452838
0.452838
0.452838
0.452838
0.452838
0.452838
0.452838
0.452838
0.452838
0.452838
0.452838
0.452838
0.452838
0.452838
0.452838
0.452838
0.452838
0.452838
0.452838
0.452838
0.452838
0.452838
0.452838
0.452838
0.452838
0.452838
0.452838
0.452838
0.452838
0.452838
0.452838
0.452838
0.452838
0.452838
0.45284
0.452832
0.450319
0.516843
0.207316
0.994185
6.15429e-06
0.000591189
0.000645373
0.00916768
0.0518012
0.00219108
0.00252098
0.0121387
0.00310523
0.00144177
0.00122095
0.00154039
0.00346486
0.0237354
0.144937
0.100173
0.0441094
0.0194078
0.0303055
0.00688899
0.00225696
0.00178237
0.0166653
0.00647602
0.00302029
0.0931075
0.0102858
0.00231678
0.00192634
0.00164387
0.0248933
0.0033613
0.000723686
0.000112098
0.452838
0.452838
0.452838
0.452838
0.452838
0.452838
0.452838
0.452838
0.452838
0.452838
0.452838
0.452838
0.452838
0.452838
0.452838
0.452838
0.452838
0.452838
0.452838
0.452838
0.452838
0.452838
0.452838
0.452838
0.452838
0.452838
0.452838
0.452838
0.452838
0.452838
0.452838
0.452838
0.452838
0.452838
0.452838
0.452838
0.452838
0.452838
0.452838
0.452838
0.452838
0.452838
0.452838
0.452838
0.452838
0.452838
0.452838
0.452838
0.452838
0.452838
0.452838
0.452838
0.452838
0.452838
0.452838
0.452838
0.452839
0.45427
0.497537
0.494459
0.146911
0.00114962
4.89848e-06
0.00173035
0.000974719
0.0118825
0.00519757
0.0269598
0.00904915
0.0133633
0.0346106
0.103293
0.120021
0.0710924
0.0567606
0.0446709
0.0382446
0.0313805
0.0339164
0.0321291
0.045921
0.902226
0.0308391
0.0180814
0.113047
0.059538
0.032475
0.0224403
0.0186759
0.0219911
0.0156018
0.026467
0.00564346
0.00317277
0.000677289
0.000112126
0.452838
0.452838
0.452838
0.452838
0.452838
0.452838
0.452838
0.452838
0.452838
0.452838
0.452838
0.452838
0.452838
0.452838
0.452838
0.452838
0.452838
0.452838
0.452838
0.452838
0.452838
0.452838
0.452838
0.452838
0.452838
0.452838
0.452838
0.452838
0.452838
0.452838
0.452838
0.452838
0.452838
0.452838
0.452838
0.452838
0.452838
0.452838
0.452838
0.452838
0.452838
0.452838
0.452838
0.452838
0.452838
0.452838
0.452838
0.452838
0.452838
0.452838
0.452838
0.452838
0.452838
0.452838
0.452838
0.452838
0.45284
0.452874
0.452419
0.507878
0.101364
0.000136439
5.13348e-06
0.000436168
0.00255334
0.00181393
0.114479
0.0574638
0.00605785
0.00399475
0.00406539
0.00558231
0.00784026
0.00887118
0.0101101
0.0166155
0.0288771
0.0287589
0.00793208
0.00936131
0.0128734
0.0359984
0.0178053
0.00936422
0.0191893
0.00908045
0.00987062
0.0163599
0.0149371
0.00823133
0.00657965
0.0765077
0.00905461
0.00732099
0.000672931
0.00011398
0.452838
0.452838
0.452838
0.452838
0.452838
0.452838
0.452838
0.452838
0.452838
0.452838
0.452838
0.452838
0.452838
0.452838
0.452838
0.452838
0.452838
0.452838
0.452838
0.452838
0.452838
0.452838
0.452838
0.452838
0.452838
0.452838
0.452838
0.452838
0.452838
0.452838
0.452838
0.452838
0.452838
0.452838
0.452838
0.452838
0.452838
0.452838
0.452838
0.452838
0.452838
0.452838
0.452838
0.452838
0.452838
0.452838
0.452838
0.452838
0.452838
0.452838
0.452838
0.452838
0.452838
0.452838
0.452838
0.452839
0.452839
0.452839
0.445961
0.522987
0.222218
6.55537e-06
0.00925251
0.00051867
0.00190317
0.00920064
0.00402762
0.0600664
0.00718255
0.131264
0.00647708
0.00609756
0.00838188
0.0253105
0.0495439
0.0186851
0.0140562
0.0174826
0.00797331
0.00683816
0.00803084
0.00664203
0.187753
0.0131685
0.00689301
0.00554053
0.00406154
0.00280821
0.00344519
0.00534921
0.0215826
0.0052359
0.00527511
0.0347677
0.000707984
0.000114548
0.452838
0.452838
0.452838
0.452838
0.452838
0.452838
0.452838
0.452838
0.452838
0.452838
0.452838
0.452838
0.452838
0.452838
0.452838
0.452838
0.452838
0.452838
0.452838
0.452838
0.452838
0.452838
0.452838
0.452838
0.452838
0.452838
0.452838
0.452838
0.452838
0.452838
0.452838
0.452838
0.452838
0.452838
0.452838
0.452838
0.452838
0.452838
0.452838
0.452838
0.452838
0.452838
0.452838
0.452838
0.452838
0.452838
0.452838
0.452838
0.452838
0.452838
0.452838
0.452838
0.452838
0.452838
0.452839
0.452838
0.452839
0.45284
0.453682
0.481859
0.606224
3.53704e-05
2.51566e-05
7.10615e-06
0.000455193
0.000259788
0.000675636
0.00220944
0.00550188
0.00783682
0.0722974
0.0038168
0.00444215
0.00470211
0.0010029
0.000780828
0.00619698
0.00094558
0.00318668
0.00455956
0.0452902
0.00559411
0.00340075
0.00253895
0.00288571
0.00220529
0.00163896
0.00240254
0.00860714
0.00563459
0.00401347
0.00425672
0.00734969
0.0224667
0.000730933
0.000114583
0.452838
0.452838
0.452838
0.452838
0.452838
0.452838
0.452838
0.452838
0.452838
0.452838
0.452838
0.452838
0.452838
0.452838
0.452838
0.452838
0.452838
0.452838
0.452838
0.452838
0.452838
0.452838
0.452838
0.452838
0.452838
0.452838
0.452838
0.452838
0.452838
0.452838
0.452838
0.452838
0.452838
0.452838
0.452838
0.452838
0.452838
0.452838
0.452838
0.452838
0.452838
0.452838
0.452838
0.452838
0.452838
0.452838
0.452838
0.452838
0.452838
0.452838
0.452838
0.452838
0.452838
0.452838
0.452839
0.452839
0.452839
0.452836
0.452783
0.522991
0.151933
0.475582
0.993713
0.00699623
0.00128211
0.000537431
4.15447e-05
7.50954e-06
5.97745e-06
8.28531e-06
2.20253e-05
1.75399e-05
5.27304e-06
8.87751e-06
8.65449e-06
2.73338e-05
0.000232011
7.75312e-06
8.11418e-06
0.00233175
0.000498136
0.000623533
0.00164192
0.0060246
0.000806177
0.000387184
0.000267938
0.000261091
0.000243726
0.0118305
0.00493342
0.00527835
0.00427894
0.00310839
0.000625437
0.000109681
0.452838
0.452838
0.452838
0.452838
0.452838
0.452838
0.452838
0.452838
0.452838
0.452838
0.452838
0.452838
0.452838
0.452838
0.452838
0.452838
0.452838
0.452838
0.452838
0.452838
0.452838
0.452838
0.452838
0.452838
0.452838
0.452838
0.452838
0.452838
0.452838
0.452838
0.452838
0.452838
0.452838
0.452838
0.452838
0.452838
0.452838
0.452838
0.452838
0.452838
0.452838
0.452838
0.452838
0.452838
0.452838
0.452838
0.452838
0.452838
0.452838
0.452838
0.452838
0.452838
0.452838
0.452838
0.452838
0.452838
0.452838
0.452837
0.452845
0.535593
0.95969
0.0848086
0.973147
0.894219
0.747919
0.214906
0.237354
0.189068
0.543149
0.0774409
0.0647213
0.233536
0.135438
0.999793
0.0588367
0.0450362
0.0609833
0.746502
0.925393
0.0415866
0.0541179
0.207543
0.428386
0.419545
0.946499
0.0558973
0.00789804
0.000365508
2.24557e-05
5.68198e-06
0.00519432
0.000509267
0.000291468
0.000265393
0.000132776
5.2022e-05
0.452838
0.452838
0.452838
0.452838
0.452838
0.452838
0.452838
0.452838
0.452838
0.452838
0.452838
0.452838
0.452838
0.452838
0.452838
0.452838
0.452838
0.452838
0.452838
0.452838
0.452838
0.452838
0.452838
0.452838
0.452838
0.452838
0.452838
0.452838
0.452838
0.452838
0.452838
0.452838
0.452838
0.452838
0.452838
0.452838
0.452838
0.452838
0.452838
0.452838
0.452838
0.452838
0.452838
0.452838
0.452838
0.452838
0.452838
0.452838
0.452838
0.452838
0.452838
0.452838
0.452838
0.452838
0.452838
0.452838
0.452838
0.452844
0.472923
0.550742
0.147214
0.53773
0.861805
0.536588
0.61904
0.44169
0.396712
0.84102
0.53196
0.907329
0.575068
0.532726
0.475706
0.77045
0.974726
0.641633
0.244908
0.342835
0.570816
0.695578
0.431631
0.55388
0.872109
0.523709
0.995014
0.978411
0.916697
0.194071
0.771736
0.14681
0.0406962
0.0792135
0.162402
0.170964
0.216788
0.0102212
0.452838
0.452838
0.452838
0.452838
0.452838
0.452838
0.452838
0.452838
0.452838
0.452838
0.452838
0.452838
0.452838
0.452838
0.452838
0.452838
0.452838
0.452838
0.452838
0.452838
0.452838
0.452838
0.452838
0.452838
0.452838
0.452838
0.452838
0.452838
0.452838
0.452838
0.452838
0.452838
0.452838
0.452838
0.452838
0.452838
0.452838
0.452838
0.452838
0.452838
0.452838
0.452838
0.452838
0.452838
0.452838
0.452838
0.452838
0.452838
0.452838
0.452838
0.452838
0.452838
0.452838
0.452838
0.452838
0.452838
0.452838
0.453313
0.458016
0.53098
0.284384
0.996086
0.676224
0.447495
0.648862
0.479489
0.536367
0.222589
0.499788
0.443797
0.497476
0.38869
0.507965
0.432565
0.419264
0.451391
0.467171
0.41914
0.420532
0.474597
0.411365
0.453411
0.427758
0.456896
0.221512
0.505496
0.163385
0.831132
0.836388
0.554353
0.389645
0.394998
0.269628
0.954951
0.114168
0.999703
0.452838
0.452838
0.452838
0.452838
0.452838
0.452838
0.452838
0.452838
0.452838
0.452838
0.452838
0.452838
0.452838
0.452838
0.452838
0.452838
0.452838
0.452838
0.452838
0.452838
0.452838
0.452838
0.452838
0.452838
0.452838
0.452838
0.452838
0.452838
0.452838
0.452838
0.452838
0.452838
0.452838
0.452838
0.452838
0.452838
0.452838
0.452838
0.452838
0.452838
0.452838
0.452838
0.452838
0.452838
0.452838
0.452838
0.452838
0.452838
0.452838
0.452838
0.452838
0.452838
0.452838
0.452839
0.452838
0.452838
0.452838
0.453066
0.456629
0.520984
0.63581
0.966112
0.982933
0.507595
0.949282
0.719497
0.388675
0.993535
0.866574
0.999771
0.138954
0.286012
0.149521
0.173146
0.89275
0.924976
0.996752
0.754911
0.189688
0.912645
0.335813
0.324675
0.121119
0.552213
0.974634
0.545315
0.900877
0.214396
0.970857
0.0842434
0.310883
0.287128
0.00619122
0.0155651
0.0122732
3.45301e-05
0.452838
0.452838
0.452838
0.452838
0.452838
0.452838
0.452838
0.452838
0.452838
0.452838
0.452838
0.452838
0.452838
0.452838
0.452838
0.452838
0.452838
0.452838
0.452838
0.452838
0.452838
0.452838
0.452838
0.452838
0.452838
0.452838
0.452838
0.452838
0.452838
0.452838
0.452838
0.452838
0.452838
0.452838
0.452838
0.452838
0.452838
0.452838
0.452838
0.452838
0.452838
0.452838
0.452838
0.452838
0.452838
0.452838
0.452838
0.452838
0.452838
0.452838
0.452838
0.452838
0.452838
0.452838
0.452839
0.452838
0.452838
0.452794
0.452284
0.517815
0.0186882
0.00729217
0.0320225
0.0244651
0.00808959
0.141435
0.149169
0.00162498
0.999569
0.000162938
0.999987
0.999997
0.000707738
0.000162864
4.21199e-06
2.3806e-05
0.00117153
0.00760888
0.00261124
0.00202994
0.00521287
0.00615769
0.0032786
0.0193322
0.00280971
0.0199164
0.00578627
0.000121423
1.32399e-05
6.57372e-06
8.21223e-05
0.000137226
0.00494122
5.96966e-05
5.69589e-05
0.000131093
0.452838
0.452838
0.452838
0.452838
0.452838
0.452838
0.452838
0.452838
0.452838
0.452838
0.452838
0.452838
0.452838
0.452838
0.452838
0.452838
0.452838
0.452838
0.452838
0.452838
0.452838
0.452838
0.452838
0.452838
0.452838
0.452838
0.452838
0.452838
0.452838
0.452838
0.452838
0.452838
0.452838
0.452838
0.452838
0.452838
0.452838
0.452838
0.452838
0.452838
0.452838
0.452838
0.452838
0.452838
0.452838
0.452838
0.452838
0.452838
0.452838
0.452838
0.452838
0.452838
0.452838
0.452838
0.452838
0.452838
0.452838
0.452839
0.443108
0.535757
0.259475
1.57954e-05
3.16823e-05
0.000126915
1.14886e-05
7.69976e-06
0.000911889
1.1711e-05
1.18419e-05
1.55457e-05
9.19968e-06
0.000367142
0.000528317
0.000365227
0.00152584
0.000440057
0.000471565
0.00040821
0.000759167
0.000838012
0.000692552
0.000655785
0.0010239
0.00106013
0.000289127
0.00018561
0.000126851
0.000127996
0.000391646
0.00203767
0.000712779
0.000589416
0.0065869
0.12494
0.00131542
0.000130944
0.452838
0.452838
0.452838
0.452838
0.452838
0.452838
0.452838
0.452838
0.452838
0.452838
0.452838
0.452838
0.452838
0.452838
0.452838
0.452838
0.452838
0.452838
0.452838
0.452838
0.452838
0.452838
0.452838
0.452838
0.452838
0.452838
0.452838
0.452838
0.452838
0.452838
0.452838
0.452838
0.452838
0.452838
0.452838
0.452838
0.452838
0.452838
0.452838
0.452838
0.452838
0.452838
0.452838
0.452838
0.452838
0.452838
0.452838
0.452838
0.452838
0.452838
0.452838
0.452838
0.452838
0.452838
0.452838
0.452838
0.452839
0.452839
0.454224
0.499426
0.657155
0.999999
0.000608047
9.87544e-06
0.000422582
0.00224885
0.00174192
0.00313004
0.00094929
0.319026
0.000654754
0.0016701
0.00193505
0.00112561
0.000894599
0.00123451
0.00174492
0.00244674
0.0058884
0.0361507
0.0528548
0.0293822
0.00750902
0.00326862
0.00235919
0.00329857
0.00712892
0.00414549
0.00204726
0.00161102
0.00206072
0.000827444
0.000579586
0.00209251
0.000969144
0.000112184
0.452838
0.452838
0.452838
0.452838
0.452838
0.452838
0.452838
0.452838
0.452838
0.452838
0.452838
0.452838
0.452838
0.452838
0.452838
0.452838
0.452838
0.452838
0.452838
0.452838
0.452838
0.452838
0.452838
0.452838
0.452838
0.452838
0.452838
0.452838
0.452838
0.452838
0.452838
0.452838
0.452838
0.452838
0.452838
0.452838
0.452838
0.452838
0.452838
0.452838
0.452838
0.452838
0.452838
0.452838
0.452838
0.452838
0.452838
0.452838
0.452838
0.452838
0.452838
0.452838
0.452838
0.452838
0.452838
0.452838
0.452839
0.452836
0.452912
0.527529
0.368526
0.00856316
0.000523098
0.000876873
0.000636181
0.00360636
0.00394634
0.00512843
0.00294063
0.00216268
0.00203275
0.00298749
0.00792334
0.0260382
0.00442258
0.00524465
0.0116338
0.0166499
0.243321
0.00974939
0.0099914
0.0267861
0.0240066
0.00346088
0.00186803
0.00360503
0.0113003
0.00433707
0.00203869
0.00303021
0.141445
0.0133627
0.000956815
0.000774503
0.000977047
0.000111703
0.452838
0.452838
0.452838
0.452838
0.452838
0.452838
0.452838
0.452838
0.452838
0.452838
0.452838
0.452838
0.452838
0.452838
0.452838
0.452838
0.452838
0.452838
0.452838
0.452838
0.452838
0.452838
0.452838
0.452838
0.452838
0.452838
0.452838
0.452838
0.452838
0.452838
0.452838
0.452838
0.452838
0.452838
0.452838
0.452838
0.452838
0.452838
0.452838
0.452838
0.452838
0.452838
0.452838
0.452838
0.452838
0.452838
0.452838
0.452838
0.452838
0.452838
0.452838
0.452838
0.452838
0.452838
0.452838
0.452838
0.45284
0.4528
0.454956
0.493833
0.600588
6.03003e-05
0.000517508
0.000245779
0.000594076
0.0101457
0.00463956
0.0194481
0.0252463
0.00872017
0.00481472
0.00577309
0.0220379
0.00441892
0.00285383
0.00240009
0.00252218
0.00452792
0.00704351
0.00481197
0.0893894
0.00477764
0.0031256
0.00158082
0.000993546
0.00196564
0.00180307
0.000714005
0.000706281
0.00120732
0.00414057
0.0197002
0.00443207
0.00172482
0.000764169
0.000123096
0.452838
0.452838
0.452838
0.452838
0.452838
0.452838
0.452838
0.452838
0.452838
0.452838
0.452838
0.452838
0.452838
0.452838
0.452838
0.452838
0.452838
0.452838
0.452838
0.452838
0.452838
0.452838
0.452838
0.452838
0.452838
0.452838
0.452838
0.452838
0.452838
0.452838
0.452838
0.452838
0.452838
0.452838
0.452838
0.452838
0.452838
0.452838
0.452838
0.452838
0.452838
0.452838
0.452838
0.452838
0.452838
0.452838
0.452838
0.452838
0.452838
0.452838
0.452838
0.452838
0.452838
0.452838
0.452838
0.452838
0.452841
0.453532
0.488932
0.349175
0.559018
0.00158678
2.72544e-06
0.000239151
0.000493908
0.000658326
0.00373176
0.00953875
0.0272781
0.0363337
0.0249509
0.0118348
0.00892355
0.0211424
0.0308685
0.0712613
0.0111596
0.00805822
0.00572074
0.0777418
0.0102554
0.0144616
0.0033712
0.00283127
0.00178394
0.00287324
0.00775912
0.0808673
0.00142135
0.00128825
0.00148574
0.00290318
0.0108673
0.00219129
0.00162646
0.000133548
0.452838
0.452838
0.452838
0.452838
0.452838
0.452838
0.452838
0.452838
0.452838
0.452838
0.452838
0.452838
0.452838
0.452838
0.452838
0.452838
0.452838
0.452838
0.452838
0.452838
0.452838
0.452838
0.452838
0.452838
0.452838
0.452838
0.452838
0.452838
0.452838
0.452838
0.452838
0.452838
0.452838
0.452838
0.452838
0.452838
0.452838
0.452838
0.452838
0.452838
0.452838
0.452838
0.452838
0.452838
0.452838
0.452838
0.452838
0.452838
0.452838
0.452838
0.452838
0.452838
0.452838
0.452838
0.452838
0.452838
0.45284
0.452921
0.456028
0.562875
0.214753
0.319197
6.74391e-06
0.000251186
0.0012617
0.00195985
0.133013
0.00325251
0.005586
0.018978
0.0108081
0.436988
0.00289197
0.00414996
0.00463147
0.00479813
0.00355773
0.00339123
0.00321705
0.00497025
0.0943972
0.0651319
0.019832
0.00125061
0.00138281
0.00459836
0.00296486
0.00229101
0.00317757
0.00163835
0.00321689
0.00374892
0.00262619
0.00409868
0.00120517
0.000117409
0.452838
0.452838
0.452838
0.452838
0.452838
0.452838
0.452838
0.452838
0.452838
0.452838
0.452838
0.452838
0.452838
0.452838
0.452838
0.452838
0.452838
0.452838
0.452838
0.452838
0.452838
0.452838
0.452838
0.452838
0.452838
0.452838
0.452838
0.452838
0.452838
0.452838
0.452838
0.452838
0.452838
0.452838
0.452838
0.452838
0.452838
0.452838
0.452838
0.452838
0.452838
0.452838
0.452838
0.452838
0.452838
0.452838
0.452838
0.452838
0.452838
0.452838
0.452838
0.452838
0.452838
0.452838
0.452838
0.452838
0.45284
0.452855
0.453229
0.558928
0.133685
0.00117007
6.56355e-06
0.00123262
0.00114815
0.0447325
0.00615209
0.0178538
0.00481897
0.0047598
0.00642576
0.00874915
0.0105741
0.0134023
0.0208906
0.0754498
0.0982286
0.0369616
0.0402348
0.0182311
0.0141688
0.0185323
0.0155768
0.0105033
0.0143093
0.0246101
0.237939
0.0259257
0.0128563
0.0120891
0.0619626
0.0262639
0.0288865
0.0118002
0.000896287
0.000119549
0.452838
0.452838
0.452838
0.452838
0.452838
0.452838
0.452838
0.452838
0.452838
0.452838
0.452838
0.452838
0.452838
0.452838
0.452838
0.452838
0.452838
0.452838
0.452838
0.452838
0.452838
0.452838
0.452838
0.452838
0.452838
0.452838
0.452838
0.452838
0.452838
0.452838
0.452838
0.452838
0.452838
0.452838
0.452838
0.452838
0.452838
0.452838
0.452838
0.452838
0.452838
0.452838
0.452838
0.452838
0.452838
0.452838
0.452838
0.452838
0.452838
0.452838
0.452838
0.452838
0.452838
0.452838
0.452838
0.452838
0.452839
0.452846
0.455576
0.518306
0.110195
0.000809103
5.10494e-06
0.000448046
0.00221146
0.00160961
0.411942
0.0110651
0.0157575
0.00606808
0.00673497
0.0126961
0.124644
0.0237842
0.0180295
0.0141917
0.0103051
0.00710336
0.00548282
0.00627622
0.0076918
0.0102519
0.0172207
0.0183749
0.011035
0.00936902
0.00760965
0.00529552
0.00623741
0.0322999
0.00986753
0.182946
0.118937
0.0161025
0.00100937
0.000122228
0.452838
0.452838
0.452838
0.452838
0.452838
0.452838
0.452838
0.452838
0.452838
0.452838
0.452838
0.452838
0.452838
0.452838
0.452838
0.452838
0.452838
0.452838
0.452838
0.452838
0.452838
0.452838
0.452838
0.452838
0.452838
0.452838
0.452838
0.452838
0.452838
0.452838
0.452838
0.452838
0.452838
0.452838
0.452838
0.452838
0.452838
0.452838
0.452838
0.452838
0.452838
0.452838
0.452838
0.452838
0.452838
0.452838
0.452838
0.452838
0.452838
0.452838
0.452838
0.452838
0.452838
0.452838
0.452838
0.452838
0.452839
0.452805
0.451957
0.52126
0.0546954
3.51886e-05
5.43741e-06
0.000441091
0.00127966
0.189125
0.00251692
0.00241683
0.00360281
0.00509438
0.00480222
0.00511327
0.00994775
0.0507097
0.0364548
0.0141648
0.00952391
0.0102021
0.0107028
0.00738428
0.0101636
0.126596
0.0238188
0.0186294
0.0166614
0.0582766
0.0290761
0.00995418
0.0920594
0.0128522
0.273004
0.00865875
0.00865824
0.0121169
0.00106144
0.000123212
0.452838
0.452838
0.452838
0.452838
0.452838
0.452838
0.452838
0.452838
0.452838
0.452838
0.452838
0.452838
0.452838
0.452838
0.452838
0.452838
0.452838
0.452838
0.452838
0.452838
0.452838
0.452838
0.452838
0.452838
0.452838
0.452838
0.452838
0.452838
0.452838
0.452838
0.452838
0.452838
0.452838
0.452838
0.452838
0.452838
0.452838
0.452838
0.452838
0.452838
0.452838
0.452838
0.452838
0.452838
0.452838
0.452838
0.452838
0.452838
0.452838
0.452838
0.452838
0.452838
0.452838
0.452838
0.452839
0.452838
0.452839
0.452839
0.450848
0.510045
0.396587
2.1843e-05
6.33485e-06
0.000231565
0.000223073
0.000309244
0.0554539
0.00765346
0.00408334
0.00795875
0.0160948
0.0174095
0.0166782
0.0194529
0.0163482
0.0126831
0.0261024
0.0229812
0.0117326
0.0129503
0.0109824
0.014905
0.0564242
0.00791338
0.00628101
0.00551871
0.00410353
0.00594419
0.00435663
0.00315555
0.0040118
0.00611106
0.00567048
0.00928664
0.00111864
0.000124067
0.452838
0.452838
0.452838
0.452838
0.452838
0.452838
0.452838
0.452838
0.452838
0.452838
0.452838
0.452838
0.452838
0.452838
0.452838
0.452838
0.452838
0.452838
0.452838
0.452838
0.452838
0.452838
0.452838
0.452838
0.452838
0.452838
0.452838
0.452838
0.452838
0.452838
0.452838
0.452838
0.452838
0.452838
0.452838
0.452838
0.452838
0.452838
0.452838
0.452838
0.452838
0.452838
0.452838
0.452838
0.452838
0.452838
0.452838
0.452838
0.452838
0.452838
0.452838
0.452838
0.452838
0.452838
0.452839
0.452839
0.452839
0.452837
0.452749
0.504844
0.979711
0.00882343
0.00383632
0.000829587
0.00166684
1.32524e-05
8.76288e-06
0.00313599
0.00027875
0.000388981
0.000551746
0.000474805
0.000560049
0.000729299
0.00272977
0.002757
0.00085323
0.000970534
0.000325227
0.000320798
0.000394205
0.000602029
0.000654429
0.000963725
0.000789467
0.000622353
0.000343818
0.000522751
0.0018462
0.00488899
0.0047575
0.0061425
0.00594956
0.0054961
0.000830316
0.000120182
0.452838
0.452838
0.452838
0.452838
0.452838
0.452838
0.452838
0.452838
0.452838
0.452838
0.452838
0.452838
0.452838
0.452838
0.452838
0.452838
0.452838
0.452838
0.452838
0.452838
0.452838
0.452838
0.452838
0.452838
0.452838
0.452838
0.452838
0.452838
0.452838
0.452838
0.452838
0.452838
0.452838
0.452838
0.452838
0.452838
0.452838
0.452838
0.452838
0.452838
0.452838
0.452838
0.452838
0.452838
0.452838
0.452838
0.452838
0.452838
0.452838
0.452838
0.452838
0.452838
0.452838
0.452838
0.452838
0.452838
0.452837
0.452817
0.380756
0.561342
0.969093
0.968289
0.00450267
0.919303
0.736853
0.0417073
0.0495916
0.0389708
0.0419446
0.143882
0.258214
0.0339246
0.0304646
0.286609
0.0118284
0.0478674
0.00886594
0.0966592
0.00592076
0.0121488
0.014341
0.0203903
0.0194993
0.00417949
0.000605659
0.00013683
5.05277e-05
8.3036e-05
1.2689e-05
8.95464e-06
0.000171051
0.000237755
0.000375183
0.057952
0.000903452
0.000119484
0.452838
0.452838
0.452838
0.452838
0.452838
0.452838
0.452838
0.452838
0.452838
0.452838
0.452838
0.452838
0.452838
0.452838
0.452838
0.452838
0.452838
0.452838
0.452838
0.452838
0.452838
0.452838
0.452838
0.452838
0.452838
0.452838
0.452838
0.452838
0.452838
0.452838
0.452838
0.452838
0.452838
0.452838
0.452838
0.452838
0.452838
0.452838
0.452838
0.452838
0.452838
0.452838
0.452838
0.452838
0.452838
0.452838
0.452838
0.452838
0.452838
0.452838
0.452838
0.452838
0.452838
0.452838
0.452838
0.452838
0.452838
0.45292
0.455569
0.514581
0.0950047
0.93831
0.95257
0.736774
0.329496
0.821797
0.275572
0.557108
0.60824
0.502964
0.97774
0.999578
0.207329
0.845179
0.109264
0.0590082
0.858774
0.469784
0.999941
0.714352
0.438993
0.982368
0.855047
0.890236
0.0407852
0.864821
0.489863
0.00142976
0.00968679
0.0049663
0.000364691
7.9427e-05
1.34241e-05
1.87052e-06
0.997769
0.000146065
0.452838
0.452838
0.452838
0.452838
0.452838
0.452838
0.452838
0.452838
0.452838
0.452838
0.452838
0.452838
0.452838
0.452838
0.452838
0.452838
0.452838
0.452838
0.452838
0.452838
0.452838
0.452838
0.452838
0.452838
0.452838
0.452838
0.452838
0.452838
0.452838
0.452838
0.452838
0.452838
0.452838
0.452838
0.452838
0.452838
0.452838
0.452838
0.452838
0.452838
0.452838
0.452838
0.452838
0.452838
0.452838
0.452838
0.452838
0.452838
0.452838
0.452838
0.452838
0.452838
0.452838
0.452838
0.452838
0.452838
0.452835
0.452772
0.452787
0.52944
0.909583
0.338733
0.907836
0.255606
0.808058
0.47031
0.770323
0.456311
0.999485
0.81608
0.513938
0.484047
0.682374
0.982513
0.845109
0.566805
0.4388
0.467476
0.410545
0.698827
0.998247
0.997056
0.000616204
0.939864
0.999736
0.512004
0.555949
0.448296
0.00253493
0.000249901
1
1
0.999999
0.494161
1
0.00171671
0.452838
0.452838
0.452838
0.452838
0.452838
0.452838
0.452838
0.452838
0.452838
0.452838
0.452838
0.452838
0.452838
0.452838
0.452838
0.452838
0.452838
0.452838
0.452838
0.452838
0.452838
0.452838
0.452838
0.452838
0.452838
0.452838
0.452838
0.452838
0.452838
0.452838
0.452838
0.452838
0.452838
0.452838
0.452838
0.452838
0.452838
0.452838
0.452838
0.452838
0.452838
0.452838
0.452838
0.452838
0.452838
0.452838
0.452838
0.452838
0.452838
0.452838
0.452838
0.452838
0.452838
0.452838
0.452838
0.452838
0.452838
0.45283
0.39276
0.530073
0.0967625
0.710468
0.0399012
0.924145
0.234036
0.196456
0.0604451
0.0571705
0.523354
0.133098
0.121567
0.186281
0.943958
0.846797
0.152007
0.909888
0.0161873
0.0229404
0.0483566
0.230658
0.0547769
0.887328
0.999999
0.0997649
0.0191261
0.232681
0.433591
0.0245058
0.0307286
0.135892
0.00948094
0.00605871
0.0205523
0.011501
0.00292798
3.73053e-05
0.452838
0.452838
0.452838
0.452838
0.452838
0.452838
0.452838
0.452838
0.452838
0.452838
0.452838
0.452838
0.452838
0.452838
0.452838
0.452838
0.452838
0.452838
0.452838
0.452838
0.452838
0.452838
0.452838
0.452838
0.452838
0.452838
0.452838
0.452838
0.452838
0.452838
0.452838
0.452838
0.452838
0.452838
0.452838
0.452838
0.452838
0.452838
0.452838
0.452838
0.452838
0.452838
0.452838
0.452838
0.452838
0.452838
0.452838
0.452838
0.452838
0.452838
0.452838
0.452838
0.452838
0.452838
0.452839
0.452838
0.452839
0.452897
0.454938
0.490061
0.0349808
0.00192373
0.997599
0.0039423
0.012173
0.00222544
0.00190946
0.0333017
0.00206064
0.000523098
9.84421e-05
4.35545e-05
6.36777e-05
1.00784e-05
8.66568e-06
0.000633527
0.000459377
0.000131962
5.33189e-06
1.21072e-05
0.000156527
0.999644
0.00168132
0.00141869
7.73993e-05
1.11151e-05
1.4588e-05
0.000712096
1.58863e-05
8.76488e-05
0.000101665
0.00204208
0.000563912
0.00175615
0.000360763
0.000125305
0.452838
0.452838
0.452838
0.452838
0.452838
0.452838
0.452838
0.452838
0.452838
0.452838
0.452838
0.452838
0.452838
0.452838
0.452838
0.452838
0.452838
0.452838
0.452838
0.452838
0.452838
0.452838
0.452838
0.452838
0.452838
0.452838
0.452838
0.452838
0.452838
0.452838
0.452838
0.452838
0.452838
0.452838
0.452838
0.452838
0.452838
0.452838
0.452838
0.452838
0.452838
0.452838
0.452838
0.452838
0.452838
0.452838
0.452838
0.452838
0.452838
0.452838
0.452838
0.452838
0.452838
0.452838
0.452838
0.452838
0.452838
0.452875
0.451855
0.561018
0.284168
2.36017e-06
0.000362341
1.16143e-05
0.000598203
1.24747e-05
0.00165147
0.00060266
0.0060131
0.000802416
0.0641297
0.00438856
0.00715805
0.0151726
0.00848568
0.00737232
0.00368324
0.00255656
0.00296002
0.000550483
0.000535311
0.000740447
0.00195494
0.000579098
0.000205211
0.000159329
0.0125003
0.0018473
0.00122221
0.000767463
0.000574612
0.00276891
0.00350299
0.00245889
0.00540588
0.000146258
0.452838
0.452838
0.452838
0.452838
0.452838
0.452838
0.452838
0.452838
0.452838
0.452838
0.452838
0.452838
0.452838
0.452838
0.452838
0.452838
0.452838
0.452838
0.452838
0.452838
0.452838
0.452838
0.452838
0.452838
0.452838
0.452838
0.452838
0.452838
0.452838
0.452838
0.452838
0.452838
0.452838
0.452838
0.452838
0.452838
0.452838
0.452838
0.452838
0.452838
0.452838
0.452838
0.452838
0.452838
0.452838
0.452838
0.452838
0.452838
0.452838
0.452838
0.452838
0.452838
0.452838
0.452838
0.452838
0.452838
0.452838
0.452959
0.458915
0.536218
0.307703
9.72373e-06
0.000157339
0.00309227
0.00221566
0.0152643
0.00288045
0.0049532
0.00199841
0.00828036
0.00184474
0.00346544
0.00357334
0.00206577
0.00155254
0.00183648
0.00419613
0.0470327
0.0049114
0.00904561
0.00718861
0.00319502
0.00135695
0.000694907
0.000609853
0.00183109
0.0256311
0.00400985
0.0011534
0.000859956
0.000789463
0.000644898
0.00126971
0.0015836
0.000743121
0.000114133
0.452838
0.452838
0.452838
0.452838
0.452838
0.452838
0.452838
0.452838
0.452838
0.452838
0.452838
0.452838
0.452838
0.452838
0.452838
0.452838
0.452838
0.452838
0.452838
0.452838
0.452838
0.452838
0.452838
0.452838
0.452838
0.452838
0.452838
0.452838
0.452838
0.452838
0.452838
0.452838
0.452838
0.452838
0.452838
0.452838
0.452838
0.452838
0.452838
0.452838
0.452838
0.452838
0.452838
0.452838
0.452838
0.452838
0.452838
0.452838
0.452838
0.452838
0.452838
0.452838
0.452838
0.452838
0.452838
0.452839
0.452839
0.452843
0.452597
0.505663
0.244542
2.1312e-05
8.9796e-06
0.00101261
0.00126722
0.00251383
0.00206287
0.0100435
0.00483781
0.00255619
0.00210244
0.00215321
0.00182985
0.00225876
0.0059762
0.0144038
0.00443636
0.00395897
0.00407363
0.0317104
0.00361499
0.00267479
0.00103619
0.000566125
0.000816894
0.0390398
0.0135165
0.00300053
0.00184335
0.00219005
0.00118619
0.00124865
0.00278722
0.0134273
0.000716278
0.000107846
0.452838
0.452838
0.452838
0.452838
0.452838
0.452838
0.452838
0.452838
0.452838
0.452838
0.452838
0.452838
0.452838
0.452838
0.452838
0.452838
0.452838
0.452838
0.452838
0.452838
0.452838
0.452838
0.452838
0.452838
0.452838
0.452838
0.452838
0.452838
0.452838
0.452838
0.452838
0.452838
0.452838
0.452838
0.452838
0.452838
0.452838
0.452838
0.452838
0.452838
0.452838
0.452838
0.452838
0.452838
0.452838
0.452838
0.452838
0.452838
0.452838
0.452838
0.452838
0.452838
0.452838
0.452838
0.452838
0.452838
0.45284
0.452825
0.454821
0.492971
0.715368
4.74633e-06
0.000727532
0.000378388
0.000552448
0.00155709
0.00187894
0.0037424
0.0228725
0.0260828
0.0436848
0.167762
0.0149165
0.00614468
0.0044195
0.0046277
0.00911446
0.422444
0.00562093
0.00861633
0.00183638
0.00129414
0.000715908
0.000455068
0.000747489
0.00296179
0.00233056
0.00337966
0.00718867
0.00307192
0.00216788
0.00163791
0.00252627
0.00340854
0.000889818
0.000117101
0.452838
0.452838
0.452838
0.452838
0.452838
0.452838
0.452838
0.452838
0.452838
0.452838
0.452838
0.452838
0.452838
0.452838
0.452838
0.452838
0.452838
0.452838
0.452838
0.452838
0.452838
0.452838
0.452838
0.452838
0.452838
0.452838
0.452838
0.452838
0.452838
0.452838
0.452838
0.452838
0.452838
0.452838
0.452838
0.452838
0.452838
0.452838
0.452838
0.452838
0.452838
0.452838
0.452838
0.452838
0.452838
0.452838
0.452838
0.452838
0.452838
0.452838
0.452838
0.452838
0.452838
0.452838
0.452838
0.452838
0.452841
0.452946
0.530491
0.537872
0.166107
0.00214217
2.64574e-06
0.000247171
0.00048664
0.0024745
0.00337522
0.00295742
0.00183749
0.00220338
0.0219533
0.00627818
0.0036223
0.00300149
0.00347049
0.00467158
0.00462512
0.00473692
0.0190011
0.00322179
0.00273893
0.00627899
0.00144605
0.000856014
0.00263783
0.00200546
0.00206452
0.178998
0.0126176
0.00628755
0.0044656
0.00651661
0.00238257
0.00219789
0.000750086
0.000115363
0.452838
0.452838
0.452838
0.452838
0.452838
0.452838
0.452838
0.452838
0.452838
0.452838
0.452838
0.452838
0.452838
0.452838
0.452838
0.452838
0.452838
0.452838
0.452838
0.452838
0.452838
0.452838
0.452838
0.452838
0.452838
0.452838
0.452838
0.452838
0.452838
0.452838
0.452838
0.452838
0.452838
0.452838
0.452838
0.452838
0.452838
0.452838
0.452838
0.452838
0.452838
0.452838
0.452838
0.452838
0.452838
0.452838
0.452838
0.452838
0.452838
0.452838
0.452838
0.452838
0.452838
0.452838
0.452838
0.452839
0.45284
0.453607
0.454141
0.516435
0.25544
0.996505
6.32807e-06
0.0001833
0.170989
0.0046675
0.00214258
0.00147909
0.00225766
0.00463154
0.190879
0.0236654
0.0201849
0.0272599
0.039835
0.0102612
0.00492131
0.0043511
0.00360554
0.00463808
0.174633
0.0917716
0.00124116
0.000796945
0.00180818
0.00217666
0.00178126
0.00481764
0.041433
0.00305184
0.00202259
0.00182181
0.00699681
0.00233708
0.0005886
0.000105938
0.452838
0.452838
0.452838
0.452838
0.452838
0.452838
0.452838
0.452838
0.452838
0.452838
0.452838
0.452838
0.452838
0.452838
0.452838
0.452838
0.452838
0.452838
0.452838
0.452838
0.452838
0.452838
0.452838
0.452838
0.452838
0.452838
0.452838
0.452838
0.452838
0.452838
0.452838
0.452838
0.452838
0.452838
0.452838
0.452838
0.452838
0.452838
0.452838
0.452838
0.452838
0.452838
0.452838
0.452838
0.452838
0.452838
0.452838
0.452838
0.452838
0.452838
0.452838
0.452838
0.452838
0.452838
0.452838
0.452838
0.452839
0.452841
0.477939
0.549452
0.0779319
0.000824444
4.70043e-06
0.00271491
0.000831402
0.003333
0.00802361
0.011212
0.0324359
0.0184824
0.0156906
0.0145933
0.0135212
0.0157403
0.0266741
0.0393091
0.0257924
0.0233141
0.0270601
0.0474721
0.015788
0.0272317
0.0267912
0.0233581
0.0262752
0.0448763
0.0590415
0.0224512
0.0273185
0.0208621
0.0334129
0.416164
0.0289212
0.0185239
0.000938024
0.000119838
0.452838
0.452838
0.452838
0.452838
0.452838
0.452838
0.452838
0.452838
0.452838
0.452838
0.452838
0.452838
0.452838
0.452838
0.452838
0.452838
0.452838
0.452838
0.452838
0.452838
0.452838
0.452838
0.452838
0.452838
0.452838
0.452838
0.452838
0.452838
0.452838
0.452838
0.452838
0.452838
0.452838
0.452838
0.452838
0.452838
0.452838
0.452838
0.452838
0.452838
0.452838
0.452838
0.452838
0.452838
0.452838
0.452838
0.452838
0.452838
0.452838
0.452838
0.452838
0.452838
0.452838
0.452838
0.452838
0.452838
0.452843
0.453429
0.480931
0.49329
0.156627
0.0014698
4.76144e-06
0.000888319
0.00182592
0.00306557
0.00455843
0.0147456
0.010837
0.0196342
0.0271984
0.0164956
0.0183559
0.029681
0.0441059
0.337537
0.0187881
0.0074288
0.00453543
0.00461103
0.00488658
0.00495446
0.00767737
0.0115246
0.0200949
0.0135026
0.0387533
0.0107659
0.0101609
0.177799
0.0112089
0.0392955
0.038111
0.0115061
0.00110991
0.00012286
0.452838
0.452838
0.452838
0.452838
0.452838
0.452838
0.452838
0.452838
0.452838
0.452838
0.452838
0.452838
0.452838
0.452838
0.452838
0.452838
0.452838
0.452838
0.452838
0.452838
0.452838
0.452838
0.452838
0.452838
0.452838
0.452838
0.452838
0.452838
0.452838
0.452838
0.452838
0.452838
0.452838
0.452838
0.452838
0.452838
0.452838
0.452838
0.452838
0.452838
0.452838
0.452838
0.452838
0.452838
0.452838
0.452838
0.452838
0.452838
0.452838
0.452838
0.452838
0.452838
0.452838
0.452838
0.452838
0.452838
0.452839
0.452857
0.451868
0.515164
0.159455
0.000722714
4.74401e-06
0.000517405
0.00193823
0.00309106
0.00219845
0.00177084
0.00638881
0.00964167
0.0055279
0.0143716
0.0175795
0.0105865
0.00829098
0.0121606
0.0695795
0.0724855
0.0130595
0.00449159
0.00424043
0.00933678
0.0884318
0.740791
0.266712
0.0441315
0.00928112
0.0138608
0.206815
0.0218504
0.0396246
0.0278601
0.0533168
0.0200167
0.00118527
0.000122992
0.452838
0.452838
0.452838
0.452838
0.452838
0.452838
0.452838
0.452838
0.452838
0.452838
0.452838
0.452838
0.452838
0.452838
0.452838
0.452838
0.452838
0.452838
0.452838
0.452838
0.452838
0.452838
0.452838
0.452838
0.452838
0.452838
0.452838
0.452838
0.452838
0.452838
0.452838
0.452838
0.452838
0.452838
0.452838
0.452838
0.452838
0.452838
0.452838
0.452838
0.452838
0.452838
0.452838
0.452838
0.452838
0.452838
0.452838
0.452838
0.452838
0.452838
0.452838
0.452838
0.452838
0.452838
0.452838
0.452838
0.452839
0.452529
0.483079
0.455003
0.40083
0.00125694
4.80298e-06
0.00342277
0.00130041
0.00638914
0.0052345
0.0173701
0.0172294
0.0144701
0.011294
0.0208508
0.0628312
0.117889
0.0152892
0.00827971
0.00755343
0.02492
0.00772071
0.00531817
0.00431217
0.00530922
0.0110252
0.0236535
0.00757673
0.00487659
0.00571718
0.0122878
0.0120366
0.00560612
0.176226
0.0855639
0.0201826
0.0242872
0.00108995
0.000123626
0.452838
0.452838
0.452838
0.452838
0.452838
0.452838
0.452838
0.452838
0.452838
0.452838
0.452838
0.452838
0.452838
0.452838
0.452838
0.452838
0.452838
0.452838
0.452838
0.452838
0.452838
0.452838
0.452838
0.452838
0.452838
0.452838
0.452838
0.452838
0.452838
0.452838
0.452838
0.452838
0.452838
0.452838
0.452838
0.452838
0.452838
0.452838
0.452838
0.452838
0.452838
0.452838
0.452838
0.452838
0.452838
0.452838
0.452838
0.452838
0.452838
0.452838
0.452838
0.452838
0.452838
0.452838
0.452839
0.452838
0.452839
0.452807
0.453612
0.524758
0.136839
0.000706543
8.6005e-06
8.38253e-06
0.000156205
0.000366037
0.000299689
0.000412283
0.000385614
0.00836195
0.00484787
0.00070294
0.000414453
0.000504737
0.00247465
0.00286439
0.00296481
0.00300571
0.00707872
0.00559267
0.00257585
0.00255519
0.00360224
0.00244842
0.00110868
0.000590654
0.00439366
0.000428661
0.000781006
0.00479454
0.00729937
0.00616316
0.00487751
0.0060753
0.000888552
0.000118113
0.452838
0.452838
0.452838
0.452838
0.452838
0.452838
0.452838
0.452838
0.452838
0.452838
0.452838
0.452838
0.452838
0.452838
0.452838
0.452838
0.452838
0.452838
0.452838
0.452838
0.452838
0.452838
0.452838
0.452838
0.452838
0.452838
0.452838
0.452838
0.452838
0.452838
0.452838
0.452838
0.452838
0.452838
0.452838
0.452838
0.452838
0.452838
0.452838
0.452838
0.452838
0.452838
0.452838
0.452838
0.452838
0.452838
0.452838
0.452838
0.452838
0.452838
0.452838
0.452838
0.452838
0.452838
0.452839
0.452838
0.452839
0.452578
0.4587
0.487348
0.933628
0.00958078
0.038126
0.00776863
0.00286791
0.00142474
0.00057953
5.48778e-05
7.90076e-06
8.22767e-06
1.31164e-05
1.04461e-05
3.36759e-05
1.2233e-05
7.40364e-06
0.000508629
0.00056155
0.000357912
0.000227288
0.000226842
0.000319766
0.00161134
0.000901513
0.00423035
0.000142989
0.000179122
0.000387332
0.00218599
0.0014395
0.000885364
0.00379763
0.015235
0.053309
0.00452745
0.000799217
0.000117916
0.452838
0.452838
0.452838
0.452838
0.452838
0.452838
0.452838
0.452838
0.452838
0.452838
0.452838
0.452838
0.452838
0.452838
0.452838
0.452838
0.452838
0.452838
0.452838
0.452838
0.452838
0.452838
0.452838
0.452838
0.452838
0.452838
0.452838
0.452838
0.452838
0.452838
0.452838
0.452838
0.452838
0.452838
0.452838
0.452838
0.452838
0.452838
0.452838
0.452838
0.452838
0.452838
0.452838
0.452838
0.452838
0.452838
0.452838
0.452838
0.452838
0.452838
0.452838
0.452838
0.452838
0.452838
0.452839
0.452838
0.452839
0.452844
0.452428
0.508282
0.768207
0.0190452
0.0555916
0.0123863
0.075255
0.0289073
0.00207552
0.0315295
0.000706391
0.00440833
0.0024677
0.0333026
0.633087
0.0150184
0.000968918
0.000658089
0.999997
5.50918e-06
0.000628088
0.00010723
4.99607e-05
2.3202e-05
6.41523e-05
1.35694e-05
9.92385e-06
0.000392543
0.000792529
0.000324382
0.00102588
0.000464761
0.00114404
0.0190136
0.000898435
0.0121336
0.00092566
0.000115085
0.452838
0.452838
0.452838
0.452838
0.452838
0.452838
0.452838
0.452838
0.452838
0.452838
0.452838
0.452838
0.452838
0.452838
0.452838
0.452838
0.452838
0.452838
0.452838
0.452838
0.452838
0.452838
0.452838
0.452838
0.452838
0.452838
0.452838
0.452838
0.452838
0.452838
0.452838
0.452838
0.452838
0.452838
0.452838
0.452838
0.452838
0.452838
0.452838
0.452838
0.452838
0.452838
0.452838
0.452838
0.452838
0.452838
0.452838
0.452838
0.452838
0.452838
0.452838
0.452838
0.452838
0.452838
0.452838
0.452838
0.452838
0.452661
0.453023
0.513899
0.910157
0.0361398
0.166903
0.0758857
0.764371
0.899248
0.469067
0.0441484
0.0241794
0.0186578
0.0631468
0.200754
0.00813568
0.00385228
0.0166175
0.0058865
0.00491642
0.0191248
0.226592
0.00719997
0.0053004
0.982681
0.909793
0.0873201
0.996458
0.000222566
0.014784
1.47847e-05
0.00160613
0.000657695
0.000720546
0.00190609
0.00636658
0.0014411
0.000424856
0.00125257
0.452838
0.452838
0.452838
0.452838
0.452838
0.452838
0.452838
0.452838
0.452838
0.452838
0.452838
0.452838
0.452838
0.452838
0.452838
0.452838
0.452838
0.452838
0.452838
0.452838
0.452838
0.452838
0.452838
0.452838
0.452838
0.452838
0.452838
0.452838
0.452838
0.452838
0.452838
0.452838
0.452838
0.452838
0.452838
0.452838
0.452838
0.452838
0.452838
0.452838
0.452838
0.452838
0.452838
0.452838
0.452838
0.452838
0.452838
0.452838
0.452838
0.452838
0.452838
0.452838
0.452838
0.452838
0.452839
0.452838
0.452839
0.45284
0.454502
0.509105
0.649997
0.0185944
0.0782207
0.0307606
0.670893
0.837915
0.204326
0.0345956
0.0911338
0.0265686
0.00284176
0.0303319
0.0197164
0.00770656
0.0122021
0.00628937
0.00422893
0.00496091
0.00493027
0.961948
0.00256115
0.99779
0.00744769
0.00764453
0.00455417
0.000846904
0.000131404
1.64416e-05
8.2535e-06
0.000123918
0.000141838
0.00022659
0.00131276
0.00107269
0.000203121
5.59458e-05
0.452838
0.452838
0.452838
0.452838
0.452838
0.452838
0.452838
0.452838
0.452838
0.452838
0.452838
0.452838
0.452838
0.452838
0.452838
0.452838
0.452838
0.452838
0.452838
0.452838
0.452838
0.452838
0.452838
0.452838
0.452838
0.452838
0.452838
0.452838
0.452838
0.452838
0.452838
0.452838
0.452838
0.452838
0.452838
0.452838
0.452838
0.452838
0.452838
0.452838
0.452838
0.452838
0.452838
0.452838
0.452838
0.452838
0.452838
0.452838
0.452838
0.452838
0.452838
0.452838
0.452838
0.452838
0.452838
0.452838
0.452839
0.452838
0.452564
0.545157
0.0568609
0.307734
0.0117844
0.00462562
0.0264515
0.0109422
0.0142785
0.0167849
0.0100616
0.00801033
0.0049351
0.0016211
0.000813252
0.000392883
0.000149023
4.08946e-05
8.42655e-06
8.49782e-06
0.000177898
0.000207148
0.000148739
0.000112733
0.000104574
0.000164988
0.000417762
0.000887579
7.50359e-05
0.000137198
0.00114573
0.00319293
0.00100512
0.0011027
0.000871154
0.00225877
0.000408011
9.28449e-05
0.452838
0.452838
0.452838
0.452838
0.452838
0.452838
0.452838
0.452838
0.452838
0.452838
0.452838
0.452838
0.452838
0.452838
0.452838
0.452838
0.452838
0.452838
0.452838
0.452838
0.452838
0.452838
0.452838
0.452838
0.452838
0.452838
0.452838
0.452838
0.452838
0.452838
0.452838
0.452838
0.452838
0.452838
0.452838
0.452838
0.452838
0.452838
0.452838
0.452838
0.452838
0.452838
0.452838
0.452838
0.452838
0.452838
0.452838
0.452838
0.452838
0.452838
0.452838
0.452838
0.452838
0.452838
0.452839
0.452838
0.452838
0.452839
0.45295
0.418191
0.745193
0.00132059
6.80817e-06
0.0291405
1.00031e-05
1.12666e-05
0.000283572
8.92059e-06
7.77413e-06
0.000466962
0.000722239
0.00303403
0.0012322
0.00190357
0.000706483
0.000460867
0.00046391
0.000873415
0.000968402
0.000816837
0.000808692
0.00153308
0.207688
0.00528418
0.00241097
0.00329166
0.00285738
0.00199084
0.0059572
0.00473085
0.123086
0.00231551
0.00301433
0.0120447
0.00185423
0.000145138
0.452838
0.452838
0.452838
0.452838
0.452838
0.452838
0.452838
0.452838
0.452838
0.452838
0.452838
0.452838
0.452838
0.452838
0.452838
0.452838
0.452838
0.452838
0.452838
0.452838
0.452838
0.452838
0.452838
0.452838
0.452838
0.452838
0.452838
0.452838
0.452838
0.452838
0.452838
0.452838
0.452838
0.452838
0.452838
0.452838
0.452838
0.452838
0.452838
0.452838
0.452838
0.452838
0.452838
0.452838
0.452838
0.452838
0.452838
0.452838
0.452838
0.452838
0.452838
0.452838
0.452838
0.452838
0.452838
0.452838
0.452839
0.452844
0.45313
0.489649
0.326221
0.00361988
5.13169e-06
0.000990849
0.00132506
0.00102177
0.000436905
0.000704112
0.0708564
0.0060522
0.00251913
0.00350381
0.0512305
0.00803219
0.004877
0.00585519
0.00384611
0.00184104
0.00122521
0.000904654
0.000755448
0.000962444
0.0158844
0.00282955
0.00482311
0.00783289
0.00380429
0.00300716
0.0368777
0.01132
0.0218506
0.014977
0.00115411
0.000773155
0.00236569
0.000129956
0.452838
0.452838
0.452838
0.452838
0.452838
0.452838
0.452838
0.452838
0.452838
0.452838
0.452838
0.452838
0.452838
0.452838
0.452838
0.452838
0.452838
0.452838
0.452838
0.452838
0.452838
0.452838
0.452838
0.452838
0.452838
0.452838
0.452838
0.452838
0.452838
0.452838
0.452838
0.452838
0.452838
0.452838
0.452838
0.452838
0.452838
0.452838
0.452838
0.452838
0.452838
0.452838
0.452838
0.452838
0.452838
0.452838
0.452838
0.452838
0.452838
0.452838
0.452838
0.452838
0.452838
0.452838
0.452838
0.452838
0.45284
0.45311
0.453414
0.510224
0.233565
0.00113152
5.14158e-06
0.00272707
0.00176442
0.00206168
0.00295829
0.0153986
0.00734641
0.00993004
0.00804404
0.00906587
0.00724017
0.0183198
0.00875437
0.0075578
0.0224195
0.00230713
0.00138396
0.00121568
0.000923902
0.00095564
0.00518507
0.00896335
0.00318951
0.00332615
0.00336591
0.00469506
0.0358115
0.00524587
0.0029587
0.00291637
0.00533303
0.000913971
0.000577506
0.00010912
0.452838
0.452838
0.452838
0.452838
0.452838
0.452838
0.452838
0.452838
0.452838
0.452838
0.452838
0.452838
0.452838
0.452838
0.452838
0.452838
0.452838
0.452838
0.452838
0.452838
0.452838
0.452838
0.452838
0.452838
0.452838
0.452838
0.452838
0.452838
0.452838
0.452838
0.452838
0.452838
0.452838
0.452838
0.452838
0.452838
0.452838
0.452838
0.452838
0.452838
0.452838
0.452838
0.452838
0.452838
0.452838
0.452838
0.452838
0.452838
0.452838
0.452838
0.452838
0.452838
0.452838
0.452838
0.452838
0.452838
0.45284
0.452843
0.458595
0.508897
0.270737
0.0104283
6.91766e-06
0.00297527
0.00236165
0.00279731
0.0120625
0.0103652
0.107286
0.0128644
0.0141079
0.00639262
0.00616595
0.0247907
0.112901
0.00872952
0.00272289
0.00160308
0.00169457
0.00304272
0.000976278
0.000550966
0.00100246
0.00214713
0.0117038
0.0116332
0.0262693
0.00937183
0.00176384
0.00322867
0.00415934
0.00241155
0.00488509
0.00225206
0.000960412
0.000119568
0.452838
0.452838
0.452838
0.452838
0.452838
0.452838
0.452838
0.452838
0.452838
0.452838
0.452838
0.452838
0.452838
0.452838
0.452838
0.452838
0.452838
0.452838
0.452838
0.452838
0.452838
0.452838
0.452838
0.452838
0.452838
0.452838
0.452838
0.452838
0.452838
0.452838
0.452838
0.452838
0.452838
0.452838
0.452838
0.452838
0.452838
0.452838
0.452838
0.452838
0.452838
0.452838
0.452838
0.452838
0.452838
0.452838
0.452838
0.452838
0.452838
0.452838
0.452838
0.452838
0.452838
0.452838
0.452838
0.452838
0.452841
0.452881
0.468309
0.504496
0.265885
0.00538704
7.03949e-06
1.16071e-05
0.000696356
0.00822345
0.00114404
0.00108515
0.00259602
0.0137323
0.111286
0.0129148
0.00818735
0.00673371
0.00577987
0.00446793
0.0023147
0.00188743
0.00220408
0.00215185
0.00091594
0.000632343
0.000946
0.00283674
0.00873147
0.0042722
0.00234023
0.00339826
0.00333204
0.00274167
0.00382678
0.0131371
0.012167
0.00742285
0.00145956
0.000123776
0.452838
0.452838
0.452838
0.452838
0.452838
0.452838
0.452838
0.452838
0.452838
0.452838
0.452838
0.452838
0.452838
0.452838
0.452838
0.452838
0.452838
0.452838
0.452838
0.452838
0.452838
0.452838
0.452838
0.452838
0.452838
0.452838
0.452838
0.452838
0.452838
0.452838
0.452838
0.452838
0.452838
0.452838
0.452838
0.452838
0.452838
0.452838
0.452838
0.452838
0.452838
0.452838
0.452838
0.452838
0.452838
0.452838
0.452838
0.452838
0.452838
0.452838
0.452838
0.452838
0.452838
0.452838
0.452838
0.452839
0.452844
0.452199
0.483154
0.653738
0.882425
0.998784
4.99941e-06
0.00562205
0.0011753
0.00791836
0.00309847
0.00253336
0.00652898
0.0200883
0.0619832
0.0122809
0.0120443
0.262315
0.00949609
0.00519366
0.0045683
0.00867149
0.00578971
0.00529664
0.00139651
0.000611989
0.000746622
0.00208346
0.00805538
0.0019885
0.00184388
0.0021343
0.00693049
0.00703337
0.0096611
0.0025978
0.00387223
0.00237848
0.00101803
0.000120316
)
;

boundaryField
{
    outlet
    {
        type            zeroGradient;
    }
    inlet
    {
        type            fixedValue;
        value           uniform 0.45;
    }
    walls
    {
        type            zeroGradient;
    }
}


// ************************************************************************* //
