/*--------------------------------*- C++ -*----------------------------------*\
| =========                 |                                                 |
| \\      /  F ield         | OpenFOAM: The Open Source CFD Toolbox           |
|  \\    /   O peration     | Version:  2.3.0                                 |
|   \\  /    A nd           | Web:      www.OpenFOAM.org                      |
|    \\/     M anipulation  |                                                 |
\*---------------------------------------------------------------------------*/
FoamFile
{
    version     2.0;
    format      ascii;
    class       volScalarField;
    location    "15";
    object      w2;
}
// * * * * * * * * * * * * * * * * * * * * * * * * * * * * * * * * * * * * * //

dimensions      [0 0 0 0 0 0 0];

internalField   nonuniform List<scalar> 
6144
(
0.452838
0.452838
0.452838
0.452838
0.452838
0.452838
0.452838
0.452838
0.452838
0.452838
0.452838
0.452838
0.452838
0.452838
0.452838
0.452838
0.452838
0.452838
0.452838
0.452838
0.452838
0.452838
0.452838
0.452838
0.452838
0.452838
0.452838
0.452838
0.452838
0.452838
0.452838
0.452838
0.452838
0.452838
0.452838
0.452838
0.452838
0.452838
0.452838
0.452838
0.452838
0.452838
0.452838
0.452838
0.452838
0.452838
0.452838
0.452838
0.452838
0.452838
0.452838
0.452838
0.452838
0.452838
0.452839
0.452838
0.452843
0.453263
0.499683
0.465269
0.18083
0.00138149
7.39426e-06
0.0638055
0.00154297
0.0752148
0.0165237
0.0251246
0.00868683
0.00821828
0.0100995
0.0139452
0.018903
0.0238148
0.0174001
0.0138114
0.0134578
0.0178351
0.0124554
0.0253388
0.0431677
0.0183006
0.0184917
0.0126019
0.160297
0.951818
0.243987
0.00144417
0.000352086
0.000236557
0.00161525
0.000985187
0.00152419
0.0120018
0.0195865
0.000132266
0.452838
0.452838
0.452838
0.452838
0.452838
0.452838
0.452838
0.452838
0.452838
0.452838
0.452838
0.452838
0.452838
0.452838
0.452838
0.452838
0.452838
0.452838
0.452838
0.452838
0.452838
0.452838
0.452838
0.452838
0.452838
0.452838
0.452838
0.452838
0.452838
0.452838
0.452838
0.452838
0.452838
0.452838
0.452838
0.452838
0.452838
0.452838
0.452838
0.452838
0.452838
0.452838
0.452838
0.452838
0.452838
0.452838
0.452838
0.452838
0.452838
0.452838
0.452838
0.452838
0.452838
0.452838
0.452839
0.452838
0.452845
0.453678
0.488162
0.492861
0.122191
0.000333505
5.95252e-06
0.000674404
0.000959083
0.00789047
0.00821379
0.146771
0.0115787
0.0103762
0.012816
0.0226386
0.918344
0.00234313
0.917695
0.897095
0.081569
0.0152568
0.0192186
0.0105818
0.142203
0.00773386
0.00666479
0.0142667
0.0743104
0.604373
0.0215095
0.000912439
0.000335646
0.000381085
0.000972751
0.00103732
0.00185132
0.0172252
0.0064653
0.00013056
0.452838
0.452838
0.452838
0.452838
0.452838
0.452838
0.452838
0.452838
0.452838
0.452838
0.452838
0.452838
0.452838
0.452838
0.452838
0.452838
0.452838
0.452838
0.452838
0.452838
0.452838
0.452838
0.452838
0.452838
0.452838
0.452838
0.452838
0.452838
0.452838
0.452838
0.452838
0.452838
0.452838
0.452838
0.452838
0.452838
0.452838
0.452838
0.452838
0.452838
0.452838
0.452838
0.452838
0.452838
0.452838
0.452838
0.452838
0.452838
0.452838
0.452838
0.452838
0.452838
0.452838
0.452838
0.452839
0.452838
0.45284
0.45282
0.458162
0.452909
0.734097
1.00785e-05
0.000697931
0.00102176
0.000948609
0.00264579
0.00240256
0.00425245
0.00550817
0.00662591
0.00739297
0.00877584
0.00919842
0.0103201
0.00855161
0.00716848
0.00909851
0.00984775
0.00957943
0.0169636
0.0255845
0.0295941
0.00544609
0.00695181
0.00627077
0.0291532
0.00110838
0.000444837
0.000355731
0.00148151
0.00135405
0.00108397
0.00211689
0.00314188
0.00526702
0.000131823
0.452838
0.452838
0.452838
0.452838
0.452838
0.452838
0.452838
0.452838
0.452838
0.452838
0.452838
0.452838
0.452838
0.452838
0.452838
0.452838
0.452838
0.452838
0.452838
0.452838
0.452838
0.452838
0.452838
0.452838
0.452838
0.452838
0.452838
0.452838
0.452838
0.452838
0.452838
0.452838
0.452838
0.452838
0.452838
0.452838
0.452838
0.452838
0.452838
0.452838
0.452838
0.452838
0.452838
0.452838
0.452838
0.452838
0.452838
0.452838
0.452838
0.452838
0.452838
0.452838
0.452838
0.452838
0.452839
0.452838
0.45284
0.452936
0.488877
0.500309
0.634741
5.46402e-05
0.000173992
0.00174097
0.000337807
0.00195065
0.00196313
0.00494069
0.00884996
0.00859052
0.0123093
0.0165556
0.0210195
0.0196893
0.0165077
0.0223707
0.0130195
0.0139253
0.0157877
0.0124048
0.388964
0.00491083
0.00475528
0.0705478
0.00294365
0.00120027
0.0007306
0.000661657
0.0010553
0.00727446
0.00312827
0.00204825
0.00196637
0.00314292
0.00239246
0.000125844
0.452838
0.452838
0.452838
0.452838
0.452838
0.452838
0.452838
0.452838
0.452838
0.452838
0.452838
0.452838
0.452838
0.452838
0.452838
0.452838
0.452838
0.452838
0.452838
0.452838
0.452838
0.452838
0.452838
0.452838
0.452838
0.452838
0.452838
0.452838
0.452838
0.452838
0.452838
0.452838
0.452838
0.452838
0.452838
0.452838
0.452838
0.452838
0.452838
0.452838
0.452838
0.452838
0.452838
0.452838
0.452838
0.452838
0.452838
0.452838
0.452838
0.452838
0.452838
0.452838
0.452838
0.452838
0.452839
0.452838
0.452839
0.452837
0.453322
0.494986
0.0309166
0.0010928
0.000249153
4.13637e-05
0.999997
1.24612e-05
0.000471213
0.000437699
0.000620102
0.000681557
0.000889449
0.000978978
0.00100219
0.000955877
0.000963357
0.000817127
0.000848915
0.000719101
0.000661411
0.00518707
0.00362306
0.000535119
0.00213404
0.00151099
0.00135392
0.00927205
0.00220643
0.00280043
0.00361321
0.00806126
0.0298621
0.00610393
0.00396045
0.00566396
0.00187037
0.000127565
0.452838
0.452838
0.452838
0.452838
0.452838
0.452838
0.452838
0.452838
0.452838
0.452838
0.452838
0.452838
0.452838
0.452838
0.452838
0.452838
0.452838
0.452838
0.452838
0.452838
0.452838
0.452838
0.452838
0.452838
0.452838
0.452838
0.452838
0.452838
0.452838
0.452838
0.452838
0.452838
0.452838
0.452838
0.452838
0.452838
0.452838
0.452838
0.452838
0.452838
0.452838
0.452838
0.452838
0.452838
0.452838
0.452838
0.452838
0.452838
0.452838
0.452838
0.452838
0.452838
0.452838
0.452838
0.452839
0.452838
0.452839
0.452838
0.452858
0.500973
0.10554
0.972743
0.0283648
0.0986004
0.501233
0.512883
0.949785
0.910628
0.95073
0.813583
0.032807
0.223089
0.0125924
0.0086623
0.00544767
0.000284041
0.00249151
7.93568e-05
0.999988
8.62001e-06
0.000860386
0.00092023
0.000605453
0.000450665
6.00568e-06
1.37028e-05
1.03021e-05
5.3086e-06
0.000464514
0.999894
7.08638e-05
0.000139007
0.000571287
0.00167929
0.00109799
5.35815e-05
0.452838
0.452838
0.452838
0.452838
0.452838
0.452838
0.452838
0.452838
0.452838
0.452838
0.452838
0.452838
0.452838
0.452838
0.452838
0.452838
0.452838
0.452838
0.452838
0.452838
0.452838
0.452838
0.452838
0.452838
0.452838
0.452838
0.452838
0.452838
0.452838
0.452838
0.452838
0.452838
0.452838
0.452838
0.452838
0.452838
0.452838
0.452838
0.452838
0.452838
0.452838
0.452838
0.452838
0.452838
0.452838
0.452838
0.452838
0.452838
0.452838
0.452838
0.452838
0.452838
0.452838
0.452838
0.452839
0.452839
0.45279
0.454687
0.442002
0.490418
0.163737
0.26198
0.126348
0.538775
0.516347
0.53524
4.19939e-06
0.844602
0.525484
0.999148
0.155802
9.96465e-05
0.666592
0.930905
0.309162
0.506451
0.925563
0.72179
5.2202e-05
0.465226
0.933708
0.691878
0.457356
0.228723
0.187412
0.0337213
0.98156
0.0807206
0.395284
0.0633576
0.0112793
0.000744267
1.1795e-06
0.000111417
1
8.44415e-05
0.452838
0.452838
0.452838
0.452838
0.452838
0.452838
0.452838
0.452838
0.452838
0.452838
0.452838
0.452838
0.452838
0.452838
0.452838
0.452838
0.452838
0.452838
0.452838
0.452838
0.452838
0.452838
0.452838
0.452838
0.452838
0.452838
0.452838
0.452838
0.452838
0.452838
0.452838
0.452838
0.452838
0.452838
0.452838
0.452838
0.452838
0.452838
0.452838
0.452838
0.452838
0.452838
0.452838
0.452838
0.452838
0.452838
0.452838
0.452838
0.452838
0.452838
0.452838
0.452838
0.452838
0.452838
0.452838
0.452839
0.452839
0.451818
0.467438
0.452384
0.347904
0.999999
0.409814
0.783237
0.0892135
0.940498
0.785147
0.991036
0.818356
0.432114
0.793885
0.472209
0.485347
0.318325
0.781953
0.323445
0.444701
0.775171
0.772857
0.366067
0.49675
0.45144
0.453319
0.46723
0.418564
0.461445
0.401319
0.271563
0.812085
0.288881
0.655062
0.78318
0.971333
0.95373
0.630454
0.931648
0.452838
0.452838
0.452838
0.452838
0.452838
0.452838
0.452838
0.452838
0.452838
0.452838
0.452838
0.452838
0.452838
0.452838
0.452838
0.452838
0.452838
0.452838
0.452838
0.452838
0.452838
0.452838
0.452838
0.452838
0.452838
0.452838
0.452838
0.452838
0.452838
0.452838
0.452838
0.452838
0.452838
0.452838
0.452838
0.452838
0.452838
0.452838
0.452838
0.452838
0.452838
0.452838
0.452838
0.452838
0.452838
0.452838
0.452838
0.452838
0.452838
0.452838
0.452838
0.452838
0.452838
0.452838
0.452838
0.452839
0.452832
0.452879
0.451707
0.504309
0.400976
0.789918
0.968452
0.960753
0.817586
0.986871
0.241509
0.11225
0.95591
0.98706
0.435843
0.910991
0.97189
0.629908
0.808655
0.43102
0.324066
0.0839566
3.82056e-05
0.00453725
0.317375
0.307118
0.886134
0.574294
0.76846
0.99979
0.898021
0.523096
0.58244
0.43009
0.319931
0.622406
0.993198
0.664039
0.853532
0.0260799
0.452838
0.452838
0.452838
0.452838
0.452838
0.452838
0.452838
0.452838
0.452838
0.452838
0.452838
0.452838
0.452838
0.452838
0.452838
0.452838
0.452838
0.452838
0.452838
0.452838
0.452838
0.452838
0.452838
0.452838
0.452838
0.452838
0.452838
0.452838
0.452838
0.452838
0.452838
0.452838
0.452838
0.452838
0.452838
0.452838
0.452838
0.452838
0.452838
0.452838
0.452838
0.452838
0.452838
0.452838
0.452838
0.452838
0.452838
0.452838
0.452838
0.452838
0.452838
0.452838
0.452838
0.452838
0.452839
0.452838
0.452842
0.452723
0.454295
0.534482
0.0473218
0.350257
0.823077
0.924055
0.869125
0.279887
0.873785
0.865494
0.967663
0.992149
0.957098
0.244337
0.983274
0.63427
0.0342368
0.324818
0.00054831
0.000180819
0.215649
0.666698
0.0992264
0.206728
0.0534519
0.211872
0.148238
0.292537
0.0299492
0.0657767
0.016358
0.0177105
0.0544842
0.0719492
0.0173406
0.0141418
0.00459969
2.86454e-05
0.452838
0.452838
0.452838
0.452838
0.452838
0.452838
0.452838
0.452838
0.452838
0.452838
0.452838
0.452838
0.452838
0.452838
0.452838
0.452838
0.452838
0.452838
0.452838
0.452838
0.452838
0.452838
0.452838
0.452838
0.452838
0.452838
0.452838
0.452838
0.452838
0.452838
0.452838
0.452838
0.452838
0.452838
0.452838
0.452838
0.452838
0.452838
0.452838
0.452838
0.452838
0.452838
0.452838
0.452838
0.452838
0.452838
0.452838
0.452838
0.452838
0.452838
0.452838
0.452838
0.452838
0.452838
0.452839
0.452838
0.45284
0.449078
0.585089
0.522728
0.10085
0.0018759
0.000455158
3.58926e-05
8.33922e-06
0.00015164
1.28724e-05
1.11711e-05
7.06279e-06
7.15348e-06
1.09589e-05
2.23977e-05
6.95263e-06
0.000341493
6.47039e-06
1.51947e-05
1.46515e-05
4.19708e-05
8.10415e-06
1.79749e-05
1.28756e-05
6.94246e-06
2.5989e-05
0.000465042
3.43458e-05
0.00332055
0.000890774
0.000500876
0.000273776
0.00246065
8.71113e-05
7.75602e-05
7.56349e-05
8.98941e-05
0.00010339
0.000971789
0.452838
0.452838
0.452838
0.452838
0.452838
0.452838
0.452838
0.452838
0.452838
0.452838
0.452838
0.452838
0.452838
0.452838
0.452838
0.452838
0.452838
0.452838
0.452838
0.452838
0.452838
0.452838
0.452838
0.452838
0.452838
0.452838
0.452838
0.452838
0.452838
0.452838
0.452838
0.452838
0.452838
0.452838
0.452838
0.452838
0.452838
0.452838
0.452838
0.452838
0.452838
0.452838
0.452838
0.452838
0.452838
0.452838
0.452838
0.452838
0.452838
0.452838
0.452838
0.452838
0.452838
0.452838
0.452839
0.452838
0.45284
0.452896
0.448541
0.415674
0.401731
2.24205e-06
0.000201255
0.000395689
0.000139671
0.00206308
0.000317276
0.000363775
0.00359271
0.00397136
0.000406544
0.000612583
0.021341
0.0161817
0.0186376
0.000300438
0.000322254
0.00822016
0.0100609
0.00039246
0.000504676
0.00511775
0.00431348
0.000757348
0.00566088
0.0119575
0.0157213
0.00513178
0.00282215
0.00156974
0.00132022
0.000748268
0.00062351
0.00554471
0.00366101
0.00012358
0.452838
0.452838
0.452838
0.452838
0.452838
0.452838
0.452838
0.452838
0.452838
0.452838
0.452838
0.452838
0.452838
0.452838
0.452838
0.452838
0.452838
0.452838
0.452838
0.452838
0.452838
0.452838
0.452838
0.452838
0.452838
0.452838
0.452838
0.452838
0.452838
0.452838
0.452838
0.452838
0.452838
0.452838
0.452838
0.452838
0.452838
0.452838
0.452838
0.452838
0.452838
0.452838
0.452838
0.452838
0.452838
0.452838
0.452838
0.452838
0.452838
0.452838
0.452838
0.452838
0.452838
0.452838
0.452839
0.452838
0.452841
0.452842
0.452995
0.502662
0.326564
4.20347e-06
0.000583849
0.000343132
0.000484334
0.00136308
0.00680644
0.00203654
0.00252439
0.00338906
0.0360829
0.0131933
0.00230055
0.00219066
0.00293571
0.00496834
0.0826183
0.00477972
0.00323247
0.00298973
0.00319406
0.00563033
0.0122596
0.0679824
0.030179
0.026662
0.0166146
0.0232153
0.00941112
0.00615149
0.103942
0.00317541
0.000716104
0.00056606
0.00179276
0.000120942
0.452838
0.452838
0.452838
0.452838
0.452838
0.452838
0.452838
0.452838
0.452838
0.452838
0.452838
0.452838
0.452838
0.452838
0.452838
0.452838
0.452838
0.452838
0.452838
0.452838
0.452838
0.452838
0.452838
0.452838
0.452838
0.452838
0.452838
0.452838
0.452838
0.452838
0.452838
0.452838
0.452838
0.452838
0.452838
0.452838
0.452838
0.452838
0.452838
0.452838
0.452838
0.452838
0.452838
0.452838
0.452838
0.452838
0.452838
0.452838
0.452838
0.452838
0.452838
0.452838
0.452838
0.452838
0.452838
0.452839
0.452843
0.452841
0.452935
0.533235
0.235218
5.52513e-05
3.08075e-06
0.000224921
0.000530422
0.00110653
0.00114715
0.00692629
0.00710565
0.00548121
0.00998509
0.0231499
0.0126188
0.00544014
0.00603983
0.00752257
0.0079697
0.00655794
0.00717849
0.00622665
0.00586596
0.00742801
0.00927997
0.0271274
0.01183
0.00411612
0.0110958
0.0664665
0.00391435
0.00434518
0.0160372
0.0429366
0.00480654
0.000875669
0.000538106
0.000118295
0.452838
0.452838
0.452838
0.452838
0.452838
0.452838
0.452838
0.452838
0.452838
0.452838
0.452838
0.452838
0.452838
0.452838
0.452838
0.452838
0.452838
0.452838
0.452838
0.452838
0.452838
0.452838
0.452838
0.452838
0.452838
0.452838
0.452838
0.452838
0.452838
0.452838
0.452838
0.452838
0.452838
0.452838
0.452838
0.452838
0.452838
0.452838
0.452838
0.452838
0.452838
0.452838
0.452838
0.452838
0.452838
0.452838
0.452838
0.452838
0.452838
0.452838
0.452838
0.452838
0.452838
0.452838
0.452838
0.452838
0.452844
0.452841
0.457518
0.572745
0.137793
0.00273792
4.38639e-06
0.000484783
0.000302951
0.000790173
0.00250911
0.00312916
0.00694403
0.00691344
0.00280842
0.0020052
0.0031841
0.00967241
0.0134413
0.00698653
0.00595538
0.00501792
0.00477344
0.00539462
0.0129638
0.0198258
0.0454052
0.00506868
0.00479015
0.00223164
0.00309924
0.00620917
0.00661903
0.00700484
0.00662177
0.00631351
0.00525866
0.000953071
0.000518766
0.000114371
0.452838
0.452838
0.452838
0.452838
0.452838
0.452838
0.452838
0.452838
0.452838
0.452838
0.452838
0.452838
0.452838
0.452838
0.452838
0.452838
0.452838
0.452838
0.452838
0.452838
0.452838
0.452838
0.452838
0.452838
0.452838
0.452838
0.452838
0.452838
0.452838
0.452838
0.452838
0.452838
0.452838
0.452838
0.452838
0.452838
0.452838
0.452838
0.452838
0.452838
0.452838
0.452838
0.452838
0.452838
0.452838
0.452838
0.452838
0.452838
0.452838
0.452838
0.452838
0.452838
0.452838
0.452838
0.452839
0.452838
0.452843
0.45285
0.469943
0.502367
0.234975
0.983196
1.43838e-05
3.04998e-06
0.0021607
0.0120751
0.00287884
0.00153967
0.00166742
0.00233532
0.00285058
0.00327863
0.00391284
0.00608657
0.0104012
0.0119265
0.0140537
0.0140023
0.0524646
0.0400145
0.0127198
0.0175412
0.00893526
0.0341251
0.015657
0.00330772
0.00504337
0.0574928
0.00491904
0.0101847
0.00749491
0.00356862
0.00671678
0.000661661
0.000523261
0.000116961
0.452838
0.452838
0.452838
0.452838
0.452838
0.452838
0.452838
0.452838
0.452838
0.452838
0.452838
0.452838
0.452838
0.452838
0.452838
0.452838
0.452838
0.452838
0.452838
0.452838
0.452838
0.452838
0.452838
0.452838
0.452838
0.452838
0.452838
0.452838
0.452838
0.452838
0.452838
0.452838
0.452838
0.452838
0.452838
0.452838
0.452838
0.452838
0.452838
0.452838
0.452838
0.452838
0.452838
0.452838
0.452838
0.452838
0.452838
0.452838
0.452838
0.452838
0.452838
0.452838
0.452838
0.452838
0.452839
0.452838
0.452839
0.454747
0.503299
0.488461
0.190084
0.00838355
9.27415e-06
6.97924e-06
0.00127824
0.153819
0.00570127
0.00682446
0.0130406
0.0320123
0.0374221
0.037667
0.051477
0.0810317
0.17551
0.917429
0.856816
0.126211
0.0764321
0.0309
0.014338
0.0129265
0.0262624
0.0121946
0.0157217
0.0350604
0.080966
0.00649259
0.0020631
0.000986075
0.000496444
0.00137921
0.000730745
0.00139252
0.00128731
0.000114472
0.452838
0.452838
0.452838
0.452838
0.452838
0.452838
0.452838
0.452838
0.452838
0.452838
0.452838
0.452838
0.452838
0.452838
0.452838
0.452838
0.452838
0.452838
0.452838
0.452838
0.452838
0.452838
0.452838
0.452838
0.452838
0.452838
0.452838
0.452838
0.452838
0.452838
0.452838
0.452838
0.452838
0.452838
0.452838
0.452838
0.452838
0.452838
0.452838
0.452838
0.452838
0.452838
0.452838
0.452838
0.452838
0.452838
0.452838
0.452838
0.452838
0.452838
0.452838
0.452838
0.452838
0.452838
0.452839
0.452839
0.452841
0.452875
0.45222
0.496142
0.15845
0.00061619
6.76854e-06
0.000532121
0.00134412
0.00214609
0.00550895
0.00391672
0.00347853
0.00345867
0.00380163
0.00513853
0.00888031
0.0149233
0.0352174
0.0405899
0.0166719
0.0126848
0.0153286
0.0131389
0.19283
0.00981223
0.00864223
0.0089998
0.0160479
0.00778865
0.014179
0.00724932
0.00369715
0.00129071
0.000584417
0.000719651
0.00576818
0.000898871
0.00493473
0.000116094
0.452838
0.452838
0.452838
0.452838
0.452838
0.452838
0.452838
0.452838
0.452838
0.452838
0.452838
0.452838
0.452838
0.452838
0.452838
0.452838
0.452838
0.452838
0.452838
0.452838
0.452838
0.452838
0.452838
0.452838
0.452838
0.452838
0.452838
0.452838
0.452838
0.452838
0.452838
0.452838
0.452838
0.452838
0.452838
0.452838
0.452838
0.452838
0.452838
0.452838
0.452838
0.452838
0.452838
0.452838
0.452838
0.452838
0.452838
0.452838
0.452838
0.452838
0.452838
0.452838
0.452838
0.452838
0.452839
0.452839
0.452839
0.452842
0.438067
0.523696
0.350526
3.77849e-06
0.00187912
0.00196065
0.00241404
0.00386401
0.0306969
0.0263979
0.104052
0.117859
0.0399601
0.0237034
0.0235086
0.0216549
0.0245552
0.043493
0.0433575
0.0276212
0.0223781
0.0982587
0.0387949
0.0127223
0.00455339
0.00381582
0.00780891
0.0438971
0.117501
0.00448767
0.00357417
0.00214504
0.00102858
0.000687322
0.00203476
0.00115029
0.00290532
0.000118431
0.452838
0.452838
0.452838
0.452838
0.452838
0.452838
0.452838
0.452838
0.452838
0.452838
0.452838
0.452838
0.452838
0.452838
0.452838
0.452838
0.452838
0.452838
0.452838
0.452838
0.452838
0.452838
0.452838
0.452838
0.452838
0.452838
0.452838
0.452838
0.452838
0.452838
0.452838
0.452838
0.452838
0.452838
0.452838
0.452838
0.452838
0.452838
0.452838
0.452838
0.452838
0.452838
0.452838
0.452838
0.452838
0.452838
0.452838
0.452838
0.452838
0.452838
0.452838
0.452838
0.452838
0.452838
0.452839
0.452839
0.45284
0.452848
0.453461
0.475307
0.646853
0.999927
0.00127172
6.33062e-06
0.00168051
0.000597702
0.00151695
0.00804357
0.00110212
0.00124756
0.00783177
0.00793797
0.00820937
0.00232262
0.00809032
0.0105632
0.0151894
0.0596672
0.0209789
0.0264255
0.00617734
0.0297919
0.00501271
0.00486345
0.0332601
0.00461369
0.00423523
0.00510918
0.0118119
0.00907322
0.00279249
0.001393
0.00210384
0.00831619
0.00114148
0.000116643
0.452838
0.452838
0.452838
0.452838
0.452838
0.452838
0.452838
0.452838
0.452838
0.452838
0.452838
0.452838
0.452838
0.452838
0.452838
0.452838
0.452838
0.452838
0.452838
0.452838
0.452838
0.452838
0.452838
0.452838
0.452838
0.452838
0.452838
0.452838
0.452838
0.452838
0.452838
0.452838
0.452838
0.452838
0.452838
0.452838
0.452838
0.452838
0.452838
0.452838
0.452838
0.452838
0.452838
0.452838
0.452838
0.452838
0.452838
0.452838
0.452838
0.452838
0.452838
0.452838
0.452838
0.452838
0.452839
0.452839
0.452838
0.452852
0.452988
0.515874
0.197923
0.901594
0.98971
0.167678
0.943354
0.0274679
0.00132903
0.00041464
0.000124178
6.45393e-06
3.98957e-05
0.99664
0.999995
0.00291132
9.30105e-06
0.000334658
0.00122143
0.00100504
0.000869392
0.00033048
9.59983e-06
0.000771465
1.0512e-05
0.000576237
0.000364671
0.000277061
0.000304453
0.000429093
0.000973655
0.0505452
0.000873882
0.000401889
0.00353678
0.00336033
0.000745484
0.000116102
0.452838
0.452838
0.452838
0.452838
0.452838
0.452838
0.452838
0.452838
0.452838
0.452838
0.452838
0.452838
0.452838
0.452838
0.452838
0.452838
0.452838
0.452838
0.452838
0.452838
0.452838
0.452838
0.452838
0.452838
0.452838
0.452838
0.452838
0.452838
0.452838
0.452838
0.452838
0.452838
0.452838
0.452838
0.452838
0.452838
0.452838
0.452838
0.452838
0.452838
0.452838
0.452838
0.452838
0.452838
0.452838
0.452838
0.452838
0.452838
0.452838
0.452838
0.452838
0.452838
0.452838
0.452838
0.452839
0.452838
0.452838
0.452839
0.452828
0.534284
0.973926
5.74189e-09
2.91846e-07
8.04266e-07
0.00147438
0.136192
0.27269
0.925815
0.193183
0.37553
0.972912
0.010945
0.0264149
0.988437
0.136259
0.825337
0.405195
0.645785
0.0313879
0.919687
0.996225
0.179922
0.0202052
0.334472
0.929666
0.376315
0.041631
0.0265877
0.0216477
0.00493695
0.000245232
1.76862e-05
3.52505e-06
0.000131533
7.18566e-05
4.51196e-05
0.452838
0.452838
0.452838
0.452838
0.452838
0.452838
0.452838
0.452838
0.452838
0.452838
0.452838
0.452838
0.452838
0.452838
0.452838
0.452838
0.452838
0.452838
0.452838
0.452838
0.452838
0.452838
0.452838
0.452838
0.452838
0.452838
0.452838
0.452838
0.452838
0.452838
0.452838
0.452838
0.452838
0.452838
0.452838
0.452838
0.452838
0.452838
0.452838
0.452838
0.452838
0.452838
0.452838
0.452838
0.452838
0.452838
0.452838
0.452838
0.452838
0.452838
0.452838
0.452838
0.452838
0.452838
0.452839
0.452839
0.452838
0.452517
0.452864
0.539403
0.950079
0.7043
0.806317
0.75474
0.28382
0.0878642
0.756776
0.474789
0.462041
0.317796
0.362498
0.807674
0.528335
0.507937
0.654851
0.372055
0.531997
0.587419
0.600864
0.626729
0.356162
0.352627
2.22812e-05
0.00105243
0.748032
0.577909
0.00122654
0.866397
0.503825
0.948144
0.991505
0.885375
0.12113
0.00564113
0.0521232
0.00164894
0.452838
0.452838
0.452838
0.452838
0.452838
0.452838
0.452838
0.452838
0.452838
0.452838
0.452838
0.452838
0.452838
0.452838
0.452838
0.452838
0.452838
0.452838
0.452838
0.452838
0.452838
0.452838
0.452838
0.452838
0.452838
0.452838
0.452838
0.452838
0.452838
0.452838
0.452838
0.452838
0.452838
0.452838
0.452838
0.452838
0.452838
0.452838
0.452838
0.452838
0.452838
0.452838
0.452838
0.452838
0.452838
0.452838
0.452838
0.452838
0.452838
0.452838
0.452838
0.452838
0.452838
0.452838
0.452839
0.452839
0.452848
0.4531
0.454152
0.555505
0.152292
0.995988
0.748935
0.479444
0.373539
0.277477
0.195926
0.857335
0.398964
0.232047
0.570579
0.34564
0.425564
0.490472
0.492255
0.436952
0.440329
0.468684
0.46805
0.153779
0.468046
0.218044
0.398084
0.370366
0.372144
0.446201
0.264978
0.809001
0.374569
0.562467
0.436729
0.311867
0.208299
0.981957
0.989685
0.99984
0.452838
0.452838
0.452838
0.452838
0.452838
0.452838
0.452838
0.452838
0.452838
0.452838
0.452838
0.452838
0.452838
0.452838
0.452838
0.452838
0.452838
0.452838
0.452838
0.452838
0.452838
0.452838
0.452838
0.452838
0.452838
0.452838
0.452838
0.452838
0.452838
0.452838
0.452838
0.452838
0.452838
0.452838
0.452838
0.452838
0.452838
0.452838
0.452838
0.452838
0.452838
0.452838
0.452838
0.452838
0.452838
0.452838
0.452838
0.452838
0.452838
0.452838
0.452838
0.452838
0.452838
0.452838
0.452839
0.452838
0.452841
0.452833
0.451806
0.526383
0.265928
0.913607
0.053242
0.24274
0.295918
0.83634
0.646578
0.442841
0.458982
0.431151
0.72636
0.306184
0.595471
0.384141
0.722135
0.731375
0.443341
0.983341
0.810369
0.435483
0.449092
0.502099
0.358119
0.167083
0.70775
0.831539
0.997156
0.763745
0.245441
0.596582
0.63917
0.437975
0.544617
0.550125
0.993217
0.963936
0.452838
0.452838
0.452838
0.452838
0.452838
0.452838
0.452838
0.452838
0.452838
0.452838
0.452838
0.452838
0.452838
0.452838
0.452838
0.452838
0.452838
0.452838
0.452838
0.452838
0.452838
0.452838
0.452838
0.452838
0.452838
0.452838
0.452838
0.452838
0.452838
0.452838
0.452838
0.452838
0.452838
0.452838
0.452838
0.452838
0.452838
0.452838
0.452838
0.452838
0.452838
0.452838
0.452838
0.452838
0.452838
0.452838
0.452838
0.452838
0.452838
0.452838
0.452838
0.452838
0.452838
0.452838
0.452839
0.452838
0.45284
0.452847
0.452847
0.524384
0.0417541
0.0679062
0.0188741
0.0173011
0.0077457
0.08443
0.731639
0.0283412
0.245826
0.0272437
0.0303376
0.0271728
0.0520865
0.0486884
0.0452238
0.0374134
0.880201
0.925025
0.994568
3.53349e-12
0.186035
0.0973755
0.0918511
0.510786
0.0596563
0.0824883
0.939601
0.999921
0.887958
0.167592
0.0496448
0.0975703
0.672863
0.0377664
0.0242911
9.09566e-05
0.452838
0.452838
0.452838
0.452838
0.452838
0.452838
0.452838
0.452838
0.452838
0.452838
0.452838
0.452838
0.452838
0.452838
0.452838
0.452838
0.452838
0.452838
0.452838
0.452838
0.452838
0.452838
0.452838
0.452838
0.452838
0.452838
0.452838
0.452838
0.452838
0.452838
0.452838
0.452838
0.452838
0.452838
0.452838
0.452838
0.452838
0.452838
0.452838
0.452838
0.452838
0.452838
0.452838
0.452838
0.452838
0.452838
0.452838
0.452838
0.452838
0.452838
0.452838
0.452838
0.452838
0.452838
0.452839
0.452838
0.452841
0.452856
0.435473
0.5541
0.399896
1.75132e-05
0.000365683
3.2594e-05
0.00530713
8.83296e-06
0.000494577
0.000386848
0.000561611
0.000656024
0.00023915
0.000248074
0.000468887
0.000574312
0.000707211
0.000519681
0.00100808
0.0298823
0.00280524
0.493624
0.00270696
0.00138011
0.000637608
0.000294287
0.000373506
0.000515316
0.000947056
0.00162413
0.000367387
0.000206441
0.000242943
0.00313957
0.000397091
0.000359741
0.000132976
0.000132915
0.452838
0.452838
0.452838
0.452838
0.452838
0.452838
0.452838
0.452838
0.452838
0.452838
0.452838
0.452838
0.452838
0.452838
0.452838
0.452838
0.452838
0.452838
0.452838
0.452838
0.452838
0.452838
0.452838
0.452838
0.452838
0.452838
0.452838
0.452838
0.452838
0.452838
0.452838
0.452838
0.452838
0.452838
0.452838
0.452838
0.452838
0.452838
0.452838
0.452838
0.452838
0.452838
0.452838
0.452838
0.452838
0.452838
0.452838
0.452838
0.452838
0.452838
0.452838
0.452838
0.452838
0.452838
0.452839
0.452838
0.45284
0.452838
0.45421
0.493104
0.620527
1
0.000442061
0.00326735
0.00422781
0.0128608
0.00165797
0.00326054
0.00213773
0.00278669
0.214878
0.0393185
0.00477954
0.0149988
0.00558514
0.00308509
0.002694
0.00217971
0.00205429
0.00228345
0.00256589
0.00228819
0.00267295
0.00742766
0.0136882
0.00636774
0.009025
0.0089572
0.0138043
0.00297458
0.00119221
0.000881331
0.000633823
0.00045689
0.000538123
0.000125401
0.452838
0.452838
0.452838
0.452838
0.452838
0.452838
0.452838
0.452838
0.452838
0.452838
0.452838
0.452838
0.452838
0.452838
0.452838
0.452838
0.452838
0.452838
0.452838
0.452838
0.452838
0.452838
0.452838
0.452838
0.452838
0.452838
0.452838
0.452838
0.452838
0.452838
0.452838
0.452838
0.452838
0.452838
0.452838
0.452838
0.452838
0.452838
0.452838
0.452838
0.452838
0.452838
0.452838
0.452838
0.452838
0.452838
0.452838
0.452838
0.452838
0.452838
0.452838
0.452838
0.452838
0.452838
0.452838
0.452838
0.452841
0.452834
0.452886
0.537895
0.275104
0.00314847
0.00054469
0.00103119
0.00142939
0.0012788
0.00333168
0.00287106
0.00210694
0.00146317
0.00124603
0.00129395
0.00159062
0.00244687
0.00435372
0.00796031
0.01147
0.0127774
0.0277682
0.0361097
0.0150448
0.0143679
0.0358079
0.00931593
0.00307808
0.0023872
0.00387725
0.00679283
0.00752024
0.018426
0.00817316
0.00205546
0.000853594
0.000561335
0.000387503
0.000114829
0.452838
0.452838
0.452838
0.452838
0.452838
0.452838
0.452838
0.452838
0.452838
0.452838
0.452838
0.452838
0.452838
0.452838
0.452838
0.452838
0.452838
0.452838
0.452838
0.452838
0.452838
0.452838
0.452838
0.452838
0.452838
0.452838
0.452838
0.452838
0.452838
0.452838
0.452838
0.452838
0.452838
0.452838
0.452838
0.452838
0.452838
0.452838
0.452838
0.452838
0.452838
0.452838
0.452838
0.452838
0.452838
0.452838
0.452838
0.452838
0.452838
0.452838
0.452838
0.452838
0.452838
0.452838
0.452838
0.452838
0.452843
0.452741
0.454835
0.495409
0.545287
6.85329e-05
0.00056613
0.000178853
0.00077135
0.00310422
0.00318962
0.0106151
0.00956413
0.00580313
0.00599696
0.00508474
0.00284741
0.00242124
0.00239121
0.00214844
0.00192148
0.00191986
0.00215375
0.00239319
0.00295355
0.00306019
0.00335126
0.00886571
0.00725959
0.00421776
0.0145426
0.121631
0.0179316
0.0205819
0.00815078
0.00320024
0.00125461
0.000514866
0.000444477
0.000112207
0.452838
0.452838
0.452838
0.452838
0.452838
0.452838
0.452838
0.452838
0.452838
0.452838
0.452838
0.452838
0.452838
0.452838
0.452838
0.452838
0.452838
0.452838
0.452838
0.452838
0.452838
0.452838
0.452838
0.452838
0.452838
0.452838
0.452838
0.452838
0.452838
0.452838
0.452838
0.452838
0.452838
0.452838
0.452838
0.452838
0.452838
0.452838
0.452838
0.452838
0.452838
0.452838
0.452838
0.452838
0.452838
0.452838
0.452838
0.452838
0.452838
0.452838
0.452838
0.452838
0.452838
0.452838
0.452838
0.452839
0.452843
0.453799
0.495076
0.339061
0.565018
0.0054604
1.01879e-05
0.000308742
0.000320912
0.000452879
0.000975131
0.0012453
0.00120375
0.00185919
0.0106349
0.0109627
0.0454959
0.0125086
0.0106209
0.0133835
0.0848534
0.00921775
0.00393418
0.00422822
0.00448572
0.00937116
0.00517427
0.00363006
0.00254306
0.00233849
0.00313333
0.00322663
0.0104171
0.0167831
0.0249739
0.00430124
0.00189808
0.00060342
0.000500692
0.000112788
0.452838
0.452838
0.452838
0.452838
0.452838
0.452838
0.452838
0.452838
0.452838
0.452838
0.452838
0.452838
0.452838
0.452838
0.452838
0.452838
0.452838
0.452838
0.452838
0.452838
0.452838
0.452838
0.452838
0.452838
0.452838
0.452838
0.452838
0.452838
0.452838
0.452838
0.452838
0.452838
0.452838
0.452838
0.452838
0.452838
0.452838
0.452838
0.452838
0.452838
0.452838
0.452838
0.452838
0.452838
0.452838
0.452838
0.452838
0.452838
0.452838
0.452838
0.452838
0.452838
0.452838
0.452838
0.452838
0.452839
0.452842
0.452979
0.459202
0.558927
0.229849
0.557968
2.41479e-05
2.87135e-06
0.00319048
0.00257402
0.00141549
0.00189906
0.00292124
0.00319516
0.00406744
0.0055364
0.00989997
0.0122219
0.0155861
0.0152157
0.0356005
0.0177682
0.0492185
0.0319598
0.0361228
0.00535208
0.0090997
0.0110825
0.0208025
0.0070763
0.0952824
0.401058
0.00370524
0.00794921
0.0196539
0.00584043
0.00175992
0.000718385
0.000641319
0.000123284
0.452838
0.452838
0.452838
0.452838
0.452838
0.452838
0.452838
0.452838
0.452838
0.452838
0.452838
0.452838
0.452838
0.452838
0.452838
0.452838
0.452838
0.452838
0.452838
0.452838
0.452838
0.452838
0.452838
0.452838
0.452838
0.452838
0.452838
0.452838
0.452838
0.452838
0.452838
0.452838
0.452838
0.452838
0.452838
0.452838
0.452838
0.452838
0.452838
0.452838
0.452838
0.452838
0.452838
0.452838
0.452838
0.452838
0.452838
0.452838
0.452838
0.452838
0.452838
0.452838
0.452838
0.452838
0.452839
0.452839
0.452841
0.452847
0.452767
0.577129
0.186493
0.00709208
1.31118e-05
6.78404e-06
0.00164554
0.00366803
0.0353918
0.0340695
0.00925154
0.00759895
0.00917435
0.01057
0.0118806
0.0150059
0.0143126
0.0141833
0.0142888
0.0157559
0.0143959
0.0135231
0.0126233
0.0141783
0.100462
0.0110395
0.0114015
0.010328
0.00838195
0.00664217
0.0056208
0.00280801
0.00137041
0.00110495
0.00201223
0.00556904
0.003867
0.000127547
0.452838
0.452838
0.452838
0.452838
0.452838
0.452838
0.452838
0.452838
0.452838
0.452838
0.452838
0.452838
0.452838
0.452838
0.452838
0.452838
0.452838
0.452838
0.452838
0.452838
0.452838
0.452838
0.452838
0.452838
0.452838
0.452838
0.452838
0.452838
0.452838
0.452838
0.452838
0.452838
0.452838
0.452838
0.452838
0.452838
0.452838
0.452838
0.452838
0.452838
0.452838
0.452838
0.452838
0.452838
0.452838
0.452838
0.452838
0.452838
0.452838
0.452838
0.452838
0.452838
0.452838
0.452838
0.452839
0.452839
0.45284
0.45284
0.456553
0.513536
0.206651
0.0310519
9.49753e-06
0.00490521
0.00168938
0.00256813
0.0280593
0.0164847
0.0220522
0.0351985
0.414499
0.980777
0.0394011
0.030363
0.022166
0.0766918
0.0298328
0.0139807
0.010125
0.00963264
0.016108
0.0227568
0.0124045
0.013692
0.0108295
0.0101051
0.0135386
0.023331
0.303792
0.0111354
0.00229846
0.00178032
0.00403826
0.00751483
0.00299316
0.000131192
0.452838
0.452838
0.452838
0.452838
0.452838
0.452838
0.452838
0.452838
0.452838
0.452838
0.452838
0.452838
0.452838
0.452838
0.452838
0.452838
0.452838
0.452838
0.452838
0.452838
0.452838
0.452838
0.452838
0.452838
0.452838
0.452838
0.452838
0.452838
0.452838
0.452838
0.452838
0.452838
0.452838
0.452838
0.452838
0.452838
0.452838
0.452838
0.452838
0.452838
0.452838
0.452838
0.452838
0.452838
0.452838
0.452838
0.452838
0.452838
0.452838
0.452838
0.452838
0.452838
0.452838
0.452838
0.452839
0.452838
0.45284
0.452846
0.45165
0.519911
0.150163
0.000217516
6.76113e-06
0.000881215
0.00163582
0.0162585
0.0108008
0.00615498
0.00931299
0.0186911
0.0148959
0.0238686
0.0668795
0.0362236
0.029104
0.0329574
0.0260424
0.023548
0.0262689
0.0463848
0.000562612
0.0177917
0.00714934
0.00494942
0.00657723
0.0164005
0.00923161
0.00539371
0.00644886
0.0081161
0.00596636
0.00378331
0.00615161
0.00590779
0.00144
0.000126194
0.452838
0.452838
0.452838
0.452838
0.452838
0.452838
0.452838
0.452838
0.452838
0.452838
0.452838
0.452838
0.452838
0.452838
0.452838
0.452838
0.452838
0.452838
0.452838
0.452838
0.452838
0.452838
0.452838
0.452838
0.452838
0.452838
0.452838
0.452838
0.452838
0.452838
0.452838
0.452838
0.452838
0.452838
0.452838
0.452838
0.452838
0.452838
0.452838
0.452838
0.452838
0.452838
0.452838
0.452838
0.452838
0.452838
0.452838
0.452838
0.452838
0.452838
0.452838
0.452838
0.452838
0.452838
0.452839
0.452838
0.45284
0.452842
0.451866
0.496867
0.309198
7.50702e-05
7.62104e-06
8.84663e-05
0.000276193
9.21344e-06
0.000720231
0.00206551
0.00742834
0.00292609
0.00416502
0.0251354
0.0750777
0.0154332
0.0134222
0.0129076
0.0158643
0.0265999
0.014949
0.00764513
0.0121642
0.104522
0.0578385
0.0158374
0.00780044
0.00955331
0.0088514
0.00872608
0.0184565
0.182882
0.225145
0.31455
0.0598161
0.00413017
0.00105218
0.000120716
0.452838
0.452838
0.452838
0.452838
0.452838
0.452838
0.452838
0.452838
0.452838
0.452838
0.452838
0.452838
0.452838
0.452838
0.452838
0.452838
0.452838
0.452838
0.452838
0.452838
0.452838
0.452838
0.452838
0.452838
0.452838
0.452838
0.452838
0.452838
0.452838
0.452838
0.452838
0.452838
0.452838
0.452838
0.452838
0.452838
0.452838
0.452838
0.452838
0.452838
0.452838
0.452838
0.452838
0.452838
0.452838
0.452838
0.452838
0.452838
0.452838
0.452838
0.452838
0.452838
0.452838
0.452838
0.452839
0.452839
0.45284
0.452854
0.450982
0.487625
0.935837
0.00520973
0.985599
0.999993
0.993848
0.0199611
0.000647025
8.29198e-05
3.3077e-05
2.60611e-05
1.2192e-05
9.78183e-06
0.000995401
0.000845831
0.00159495
0.00152241
0.00198492
0.00222354
0.00186486
0.00954108
0.00720859
0.00135566
0.0040193
0.00591108
0.0172893
0.0137134
0.0106426
0.0143221
0.0159144
0.0185645
0.0207046
0.108803
0.0137358
0.00404247
0.000997329
0.000122672
0.452838
0.452838
0.452838
0.452838
0.452838
0.452838
0.452838
0.452838
0.452838
0.452838
0.452838
0.452838
0.452838
0.452838
0.452838
0.452838
0.452838
0.452838
0.452838
0.452838
0.452838
0.452838
0.452838
0.452838
0.452838
0.452838
0.452838
0.452838
0.452838
0.452838
0.452838
0.452838
0.452838
0.452838
0.452838
0.452838
0.452838
0.452838
0.452838
0.452838
0.452838
0.452838
0.452838
0.452838
0.452838
0.452838
0.452838
0.452838
0.452838
0.452838
0.452838
0.452838
0.452838
0.452838
0.452839
0.452838
0.452842
0.452824
0.388572
0.500183
0.852323
0.999151
0.0103005
0.378554
0.980132
0.105359
0.142886
0.136658
0.860909
0.142496
0.191106
0.903456
0.983404
0.109607
0.986629
0.0089333
0.017975
0.000392095
0.000102741
1.1584e-05
7.61307e-06
0.000407624
0.000353955
0.000203668
0.000212634
0.000245539
0.000231657
0.000239354
0.000386658
0.000745762
0.00235045
0.000654169
0.00852619
0.000908893
0.000306854
8.07157e-05
0.452838
0.452838
0.452838
0.452838
0.452838
0.452838
0.452838
0.452838
0.452838
0.452838
0.452838
0.452838
0.452838
0.452838
0.452838
0.452838
0.452838
0.452838
0.452838
0.452838
0.452838
0.452838
0.452838
0.452838
0.452838
0.452838
0.452838
0.452838
0.452838
0.452838
0.452838
0.452838
0.452838
0.452838
0.452838
0.452838
0.452838
0.452838
0.452838
0.452838
0.452838
0.452838
0.452838
0.452838
0.452838
0.452838
0.452838
0.452838
0.452838
0.452838
0.452838
0.452838
0.452838
0.452838
0.452839
0.452839
0.45284
0.452824
0.452345
0.532167
0.0482023
0.0913132
0.339758
0.281436
0.157231
0.0611314
0.047683
0.944558
0.787698
0.164274
0.909353
0.791394
0.104387
0.0310838
0.00280093
0.000533376
0.000110808
1
0.999966
5.30401e-05
0.999836
0.000146521
0.998638
0.999286
0.999832
0.000174996
0.000133992
0.998147
0.999337
0.99992
0.00252745
0.999999
0.017699
1.6134e-05
1.49294e-05
2.81401e-05
0.452838
0.452838
0.452838
0.452838
0.452838
0.452838
0.452838
0.452838
0.452838
0.452838
0.452838
0.452838
0.452838
0.452838
0.452838
0.452838
0.452838
0.452838
0.452838
0.452838
0.452838
0.452838
0.452838
0.452838
0.452838
0.452838
0.452838
0.452838
0.452838
0.452838
0.452838
0.452838
0.452838
0.452838
0.452838
0.452838
0.452838
0.452838
0.452838
0.452838
0.452838
0.452838
0.452838
0.452838
0.452838
0.452838
0.452838
0.452838
0.452838
0.452838
0.452838
0.452838
0.452838
0.452838
0.452839
0.452839
0.452837
0.452822
0.416705
0.559124
0.977206
0.0986021
0.519226
0.128629
0.128105
0.225375
0.290661
0.216926
0.106549
0.312022
0.0816634
0.234303
0.177149
0.167501
0.153815
0.14729
0.138424
0.0193131
0.999395
0.99813
1.80003e-05
0.00167532
0.975915
0.973237
1
0.987546
0.000533778
0.626721
0.973216
0.0831661
0.999988
1
0.854085
0.515892
1
0.0221414
0.452838
0.452838
0.452838
0.452838
0.452838
0.452838
0.452838
0.452838
0.452838
0.452838
0.452838
0.452838
0.452838
0.452838
0.452838
0.452838
0.452838
0.452838
0.452838
0.452838
0.452838
0.452838
0.452838
0.452838
0.452838
0.452838
0.452838
0.452838
0.452838
0.452838
0.452838
0.452838
0.452838
0.452838
0.452838
0.452838
0.452838
0.452838
0.452838
0.452838
0.452838
0.452838
0.452838
0.452838
0.452838
0.452838
0.452838
0.452838
0.452838
0.452838
0.452838
0.452838
0.452838
0.452838
0.452838
0.452839
0.45284
0.452821
0.391939
0.514835
0.161401
0.0360569
0.0985932
0.0471769
0.0507867
0.480037
0.0837699
0.145078
0.512496
0.0639371
0.868613
0.0841352
0.282886
0.835235
0.8708
0.285807
0.328318
0.390299
0.20928
0.474414
0.00890565
0.073793
0.00643245
0.0286408
0.0623945
0.0584918
0.129302
0.823903
0.191938
0.068825
0.0925773
0.0636126
0.0152472
0.00639006
0.00704854
0.000678247
0.452838
0.452838
0.452838
0.452838
0.452838
0.452838
0.452838
0.452838
0.452838
0.452838
0.452838
0.452838
0.452838
0.452838
0.452838
0.452838
0.452838
0.452838
0.452838
0.452838
0.452838
0.452838
0.452838
0.452838
0.452838
0.452838
0.452838
0.452838
0.452838
0.452838
0.452838
0.452838
0.452838
0.452838
0.452838
0.452838
0.452838
0.452838
0.452838
0.452838
0.452838
0.452838
0.452838
0.452838
0.452838
0.452838
0.452838
0.452838
0.452838
0.452838
0.452838
0.452838
0.452838
0.452838
0.452839
0.452838
0.452841
0.452835
0.454069
0.476785
0.135011
0.00794512
0.00237492
0.00541107
0.00469758
0.00351234
0.00192056
0.00417687
0.021526
0.00240137
0.00469531
0.0038327
0.00348812
0.0179934
0.214951
0.00239456
0.00573871
0.0402715
0.016449
0.408125
0.0877392
0.0396412
0.0191768
0.0321797
0.00478193
0.00466055
0.0254426
0.0292329
0.00465332
0.00371199
0.00301759
0.00258012
0.000842252
9.69704e-05
1.37076e-05
4.12096e-06
0.452838
0.452838
0.452838
0.452838
0.452838
0.452838
0.452838
0.452838
0.452838
0.452838
0.452838
0.452838
0.452838
0.452838
0.452838
0.452838
0.452838
0.452838
0.452838
0.452838
0.452838
0.452838
0.452838
0.452838
0.452838
0.452838
0.452838
0.452838
0.452838
0.452838
0.452838
0.452838
0.452838
0.452838
0.452838
0.452838
0.452838
0.452838
0.452838
0.452838
0.452838
0.452838
0.452838
0.452838
0.452838
0.452838
0.452838
0.452838
0.452838
0.452838
0.452838
0.452838
0.452838
0.452838
0.452839
0.452838
0.452837
0.452849
0.452024
0.581713
0.320699
3.13005e-05
0.000124879
3.68478e-06
0.000362289
0.000242094
0.000218859
0.000281922
0.000304188
0.000317444
0.000357898
0.000411639
0.000472266
0.000547506
0.00065155
0.000990135
0.00183594
0.00739307
0.0219472
0.0183983
0.00711631
0.00143249
0.000586929
0.000372031
0.000347997
0.000369449
0.000575409
0.000831881
0.000183304
0.000107312
0.000102999
0.000167183
0.000889848
0.000122287
3.18015e-05
0.000119044
0.452838
0.452838
0.452838
0.452838
0.452838
0.452838
0.452838
0.452838
0.452838
0.452838
0.452838
0.452838
0.452838
0.452838
0.452838
0.452838
0.452838
0.452838
0.452838
0.452838
0.452838
0.452838
0.452838
0.452838
0.452838
0.452838
0.452838
0.452838
0.452838
0.452838
0.452838
0.452838
0.452838
0.452838
0.452838
0.452838
0.452838
0.452838
0.452838
0.452838
0.452838
0.452838
0.452838
0.452838
0.452838
0.452838
0.452838
0.452838
0.452838
0.452838
0.452838
0.452838
0.452838
0.452838
0.452838
0.452839
0.452842
0.452847
0.454295
0.588456
0.159792
3.38428e-05
4.11726e-06
0.000746523
0.00260461
0.00547884
0.00485002
0.0253754
0.00339956
0.00275141
0.0028641
0.00342988
0.00349303
0.00365998
0.00749137
0.0717832
0.0149185
0.00509776
0.00345656
0.00419764
0.00566063
0.0134375
0.0231258
0.00471785
0.00169628
0.000953829
0.00117903
0.00344959
0.00519842
0.00238343
0.00114293
0.000977282
0.000614387
0.000589495
0.00166042
0.00013551
0.452838
0.452838
0.452838
0.452838
0.452838
0.452838
0.452838
0.452838
0.452838
0.452838
0.452838
0.452838
0.452838
0.452838
0.452838
0.452838
0.452838
0.452838
0.452838
0.452838
0.452838
0.452838
0.452838
0.452838
0.452838
0.452838
0.452838
0.452838
0.452838
0.452838
0.452838
0.452838
0.452838
0.452838
0.452838
0.452838
0.452838
0.452838
0.452838
0.452838
0.452838
0.452838
0.452838
0.452838
0.452838
0.452838
0.452838
0.452838
0.452838
0.452838
0.452838
0.452838
0.452838
0.452838
0.452838
0.452839
0.45284
0.452855
0.45286
0.514441
0.247364
5.73602e-05
3.57266e-06
0.000610507
0.00271905
0.000618793
0.00601357
0.015403
0.0142421
0.00471083
0.0023459
0.00169191
0.00171599
0.00238414
0.00396656
0.00480675
0.00487126
0.00778443
0.00741935
0.00361794
0.00355743
0.00308083
0.00375623
0.0359866
0.00315128
0.000960911
0.000887316
0.00242443
0.00634329
0.00493602
0.00177313
0.00118431
0.000735487
0.000616544
0.00100535
0.000124101
0.452838
0.452838
0.452838
0.452838
0.452838
0.452838
0.452838
0.452838
0.452838
0.452838
0.452838
0.452838
0.452838
0.452838
0.452838
0.452838
0.452838
0.452838
0.452838
0.452838
0.452838
0.452838
0.452838
0.452838
0.452838
0.452838
0.452838
0.452838
0.452838
0.452838
0.452838
0.452838
0.452838
0.452838
0.452838
0.452838
0.452838
0.452838
0.452838
0.452838
0.452838
0.452838
0.452838
0.452838
0.452838
0.452838
0.452838
0.452838
0.452838
0.452838
0.452838
0.452838
0.452838
0.452838
0.452838
0.452838
0.452844
0.452832
0.453343
0.465786
0.433698
0.000795125
5.63255e-06
0.000423991
0.000962721
0.000711195
0.00106714
0.00115158
0.00383229
0.00740292
0.00479567
0.00772644
0.019984
0.00852879
0.00488015
0.0036188
0.00302665
0.00300665
0.0062108
0.0196836
0.0121896
0.00701899
0.0107518
0.00341876
0.0018851
0.000955685
0.000769935
0.00158194
0.0114953
0.00551149
0.00169148
0.00110447
0.00069133
0.000499013
0.000776735
0.000125203
0.452838
0.452838
0.452838
0.452838
0.452838
0.452838
0.452838
0.452838
0.452838
0.452838
0.452838
0.452838
0.452838
0.452838
0.452838
0.452838
0.452838
0.452838
0.452838
0.452838
0.452838
0.452838
0.452838
0.452838
0.452838
0.452838
0.452838
0.452838
0.452838
0.452838
0.452838
0.452838
0.452838
0.452838
0.452838
0.452838
0.452838
0.452838
0.452838
0.452838
0.452838
0.452838
0.452838
0.452838
0.452838
0.452838
0.452838
0.452838
0.452838
0.452838
0.452838
0.452838
0.452838
0.452838
0.452838
0.452839
0.452845
0.453005
0.546692
0.533958
0.172741
0.0272011
1.28221e-05
3.44913e-06
0.000498252
0.00238898
0.00173281
0.00157577
0.00314953
0.00259098
0.00183106
0.00393041
0.00865069
0.00347603
0.00347827
0.003258
0.00349935
0.0046496
0.0127445
0.0103363
0.00451579
0.00528984
0.0110298
0.0121245
0.0260931
0.00169395
0.000942458
0.00228405
0.00762611
0.006624
0.00176805
0.00112539
0.000654128
0.000409768
0.00075804
0.000120873
0.452838
0.452838
0.452838
0.452838
0.452838
0.452838
0.452838
0.452838
0.452838
0.452838
0.452838
0.452838
0.452838
0.452838
0.452838
0.452838
0.452838
0.452838
0.452838
0.452838
0.452838
0.452838
0.452838
0.452838
0.452838
0.452838
0.452838
0.452838
0.452838
0.452838
0.452838
0.452838
0.452838
0.452838
0.452838
0.452838
0.452838
0.452838
0.452838
0.452838
0.452838
0.452838
0.452838
0.452838
0.452838
0.452838
0.452838
0.452838
0.452838
0.452838
0.452838
0.452838
0.452838
0.452838
0.452838
0.452838
0.452844
0.454002
0.455539
0.516845
0.282349
0.984056
1.92478e-05
2.85641e-06
0.0010349
0.00161161
0.0351794
0.108728
0.00566859
0.00385038
0.00398401
0.00344892
0.00360449
0.00367369
0.00341688
0.0030773
0.00291819
0.00292436
0.00248812
0.00292787
0.00367387
0.00535659
0.00328938
0.0109159
0.0257677
0.00144953
0.000795703
0.00212168
0.00504488
0.0037923
0.00171839
0.00104136
0.000563307
0.000406715
0.00137514
0.00011919
0.452838
0.452838
0.452838
0.452838
0.452838
0.452838
0.452838
0.452838
0.452838
0.452838
0.452838
0.452838
0.452838
0.452838
0.452838
0.452838
0.452838
0.452838
0.452838
0.452838
0.452838
0.452838
0.452838
0.452838
0.452838
0.452838
0.452838
0.452838
0.452838
0.452838
0.452838
0.452838
0.452838
0.452838
0.452838
0.452838
0.452838
0.452838
0.452838
0.452838
0.452838
0.452838
0.452838
0.452838
0.452838
0.452838
0.452838
0.452838
0.452838
0.452838
0.452838
0.452838
0.452838
0.452838
0.452839
0.452838
0.452842
0.452973
0.474963
0.56787
0.116522
0.00501682
5.20158e-06
6.69051e-06
0.00117082
0.00169625
0.0265238
0.00858793
0.11449
0.0188569
0.0194557
0.028327
0.0441938
0.191811
0.0746103
0.500236
0.0636965
0.296703
0.0196843
0.0121835
0.00947613
0.00930451
0.0173768
0.207165
0.064322
0.0329642
0.018813
0.0319898
0.0484934
0.0192543
0.0192919
0.0333968
0.0316784
0.00363674
0.000954999
0.00012018
0.452838
0.452838
0.452838
0.452838
0.452838
0.452838
0.452838
0.452838
0.452838
0.452838
0.452838
0.452838
0.452838
0.452838
0.452838
0.452838
0.452838
0.452838
0.452838
0.452838
0.452838
0.452838
0.452838
0.452838
0.452838
0.452838
0.452838
0.452838
0.452838
0.452838
0.452838
0.452838
0.452838
0.452838
0.452838
0.452838
0.452838
0.452838
0.452838
0.452838
0.452838
0.452838
0.452838
0.452838
0.452838
0.452838
0.452838
0.452838
0.452838
0.452838
0.452838
0.452838
0.452838
0.452838
0.452838
0.452838
0.452859
0.453753
0.48269
0.489899
0.220611
0.0125862
8.98845e-06
7.47582e-06
0.00299096
0.0168365
0.00240684
0.00277408
0.00418259
0.00510028
0.00720146
0.0147067
0.122361
0.0361665
0.0191151
0.038966
0.0151888
0.0156213
0.0101319
0.0108165
0.0257159
0.0568105
0.0190922
0.00825442
0.00522322
0.00568964
0.00842258
0.00772626
0.0108216
0.00623115
0.00721571
0.0078282
0.0388274
0.0049866
0.00112004
0.000124485
0.452838
0.452838
0.452838
0.452838
0.452838
0.452838
0.452838
0.452838
0.452838
0.452838
0.452838
0.452838
0.452838
0.452838
0.452838
0.452838
0.452838
0.452838
0.452838
0.452838
0.452838
0.452838
0.452838
0.452838
0.452838
0.452838
0.452838
0.452838
0.452838
0.452838
0.452838
0.452838
0.452838
0.452838
0.452838
0.452838
0.452838
0.452838
0.452838
0.452838
0.452838
0.452838
0.452838
0.452838
0.452838
0.452838
0.452838
0.452838
0.452838
0.452838
0.452838
0.452838
0.452838
0.452838
0.452838
0.452838
0.452842
0.452861
0.451707
0.512447
0.199454
0.00194144
8.94666e-06
2.75599e-05
0.00123824
0.127831
0.0088325
0.00258014
0.00672378
0.00599725
0.00633065
0.0164896
0.0291578
0.035444
0.0170548
0.0149008
0.0234887
0.0241119
0.0124028
0.012883
0.0414941
0.0225611
0.00784183
0.00640716
0.00978641
0.0368996
0.0838373
0.0507231
0.07441
0.230314
0.0608544
0.102454
0.0165918
0.00409322
0.000991191
0.000121564
0.452838
0.452838
0.452838
0.452838
0.452838
0.452838
0.452838
0.452838
0.452838
0.452838
0.452838
0.452838
0.452838
0.452838
0.452838
0.452838
0.452838
0.452838
0.452838
0.452838
0.452838
0.452838
0.452838
0.452838
0.452838
0.452838
0.452838
0.452838
0.452838
0.452838
0.452838
0.452838
0.452838
0.452838
0.452838
0.452838
0.452838
0.452838
0.452838
0.452838
0.452838
0.452838
0.452838
0.452838
0.452838
0.452838
0.452838
0.452838
0.452838
0.452838
0.452838
0.452838
0.452838
0.452838
0.452839
0.452838
0.45284
0.45282
0.50243
0.440933
0.460965
0.00262105
5.63065e-06
0.000301201
0.000550344
0.00191586
0.00142892
0.00360605
0.0111261
0.090811
0.0115909
0.0153889
0.017208
0.0182461
0.0135655
0.0179956
0.0286883
0.10055
0.160036
0.0739212
0.0106951
0.00490591
0.00374233
0.00401178
0.00426998
0.00502158
0.00997714
0.0249693
0.0210902
0.0109169
0.0125901
0.0102581
0.115142
0.0059243
0.00102353
0.000121659
0.452838
0.452838
0.452838
0.452838
0.452838
0.452838
0.452838
0.452838
0.452838
0.452838
0.452838
0.452838
0.452838
0.452838
0.452838
0.452838
0.452838
0.452838
0.452838
0.452838
0.452838
0.452838
0.452838
0.452838
0.452838
0.452838
0.452838
0.452838
0.452838
0.452838
0.452838
0.452838
0.452838
0.452838
0.452838
0.452838
0.452838
0.452838
0.452838
0.452838
0.452838
0.452838
0.452838
0.452838
0.452838
0.452838
0.452838
0.452838
0.452838
0.452838
0.452838
0.452838
0.452838
0.452838
0.452839
0.452838
0.45284
0.452828
0.453513
0.518272
0.219908
0.00229169
2.40516e-05
9.92241e-05
8.96145e-06
0.000326186
0.000580971
0.000701413
0.000673182
0.0011806
0.000932209
0.00828794
0.00293625
0.00297145
0.00354645
0.00519341
0.00745504
0.0136148
0.0128274
0.00895899
0.00921142
0.0113603
0.0199631
0.0303992
0.0225175
0.225891
0.0251542
0.015307
0.0110363
0.00989163
0.00758605
0.0141765
0.0120175
0.0045846
0.00103031
0.000122924
0.452838
0.452838
0.452838
0.452838
0.452838
0.452838
0.452838
0.452838
0.452838
0.452838
0.452838
0.452838
0.452838
0.452838
0.452838
0.452838
0.452838
0.452838
0.452838
0.452838
0.452838
0.452838
0.452838
0.452838
0.452838
0.452838
0.452838
0.452838
0.452838
0.452838
0.452838
0.452838
0.452838
0.452838
0.452838
0.452838
0.452838
0.452838
0.452838
0.452838
0.452838
0.452838
0.452838
0.452838
0.452838
0.452838
0.452838
0.452838
0.452838
0.452838
0.452838
0.452838
0.452838
0.452838
0.452839
0.452838
0.45284
0.452731
0.458712
0.466966
0.851885
0.09272
7.60962e-05
1.2074e-05
1.37629e-05
8.45766e-06
3.09253e-05
1.61867e-05
7.59166e-06
0.000886103
0.000969047
0.00177629
0.00432141
0.00497055
0.00276718
0.00318072
0.00616605
0.00877633
0.0092616
0.00332484
0.0299926
0.0442885
0.00975284
0.0181664
0.0537438
0.00403509
0.0230317
0.0160255
0.0362552
0.0399797
0.024246
0.017852
0.0217813
0.00403946
0.000913538
0.000119827
0.452838
0.452838
0.452838
0.452838
0.452838
0.452838
0.452838
0.452838
0.452838
0.452838
0.452838
0.452838
0.452838
0.452838
0.452838
0.452838
0.452838
0.452838
0.452838
0.452838
0.452838
0.452838
0.452838
0.452838
0.452838
0.452838
0.452838
0.452838
0.452838
0.452838
0.452838
0.452838
0.452838
0.452838
0.452838
0.452838
0.452838
0.452838
0.452838
0.452838
0.452838
0.452838
0.452838
0.452838
0.452838
0.452838
0.452838
0.452838
0.452838
0.452838
0.452838
0.452838
0.452838
0.452838
0.452839
0.452838
0.452852
0.45372
0.430995
0.509061
0.511994
0.000772414
4.43938e-06
0.000740121
0.00090371
0.0016597
8.00448e-06
1.38678e-05
1.11977e-05
8.46713e-06
0.00931444
0.00190182
0.00128622
0.00115032
0.000919425
0.000799753
0.000765787
0.013659
0.0102756
0.0100204
0.0100563
0.0114285
0.0353354
0.0964159
0.0414194
0.0144795
0.0220569
0.0131938
0.00751081
0.0017039
0.00098396
0.00264654
0.000204933
0.00110657
0.000205669
8.28838e-05
0.452838
0.452838
0.452838
0.452838
0.452838
0.452838
0.452838
0.452838
0.452838
0.452838
0.452838
0.452838
0.452838
0.452838
0.452838
0.452838
0.452838
0.452838
0.452838
0.452838
0.452838
0.452838
0.452838
0.452838
0.452838
0.452838
0.452838
0.452838
0.452838
0.452838
0.452838
0.452838
0.452838
0.452838
0.452838
0.452838
0.452838
0.452838
0.452838
0.452838
0.452838
0.452838
0.452838
0.452838
0.452838
0.452838
0.452838
0.452838
0.452838
0.452838
0.452838
0.452838
0.452838
0.452838
0.452839
0.452838
0.452842
0.452965
0.486304
0.484804
0.371214
0.000429417
0.000195729
6.80584e-05
0.000610221
0.110177
0.000736375
0.000346996
0.000910021
0.00104359
0.00407514
0.000726326
0.000649821
0.000538247
0.000473407
0.000664814
0.000699999
0.000654683
0.000194062
0.000192921
0.000315491
0.000573594
0.00504506
0.00737231
0.00043317
0.00485582
0.00267948
0.00112218
0.000667195
0.000412697
0.000432946
0.00138523
0.00128457
0.000378598
0.00194255
2.4012e-05
0.452838
0.452838
0.452838
0.452838
0.452838
0.452838
0.452838
0.452838
0.452838
0.452838
0.452838
0.452838
0.452838
0.452838
0.452838
0.452838
0.452838
0.452838
0.452838
0.452838
0.452838
0.452838
0.452838
0.452838
0.452838
0.452838
0.452838
0.452838
0.452838
0.452838
0.452838
0.452838
0.452838
0.452838
0.452838
0.452838
0.452838
0.452838
0.452838
0.452838
0.452838
0.452838
0.452838
0.452838
0.452838
0.452838
0.452838
0.452838
0.452838
0.452838
0.452838
0.452838
0.452838
0.452838
0.452839
0.452838
0.452841
0.452831
0.4688
0.493734
0.615382
0.0319343
0.00107245
0.000496611
0.00351801
0.0520256
0.00541126
0.0199375
0.0108481
0.00234134
0.00124211
0.00138488
0.00126038
0.00122525
0.00110386
0.00106936
0.00116839
0.00107988
0.00196897
0.000697868
9.91853e-05
1.03492e-05
7.84539e-06
1.0946e-05
0.00167878
1.1639e-05
0.000707939
0.000624745
0.000288022
0.000210192
0.000157328
0.000119836
8.44339e-05
7.48422e-05
6.22046e-05
3.30289e-05
0.452838
0.452838
0.452838
0.452838
0.452838
0.452838
0.452838
0.452838
0.452838
0.452838
0.452838
0.452838
0.452838
0.452838
0.452838
0.452838
0.452838
0.452838
0.452838
0.452838
0.452838
0.452838
0.452838
0.452838
0.452838
0.452838
0.452838
0.452838
0.452838
0.452838
0.452838
0.452838
0.452838
0.452838
0.452838
0.452838
0.452838
0.452838
0.452838
0.452838
0.452838
0.452838
0.452838
0.452838
0.452838
0.452838
0.452838
0.452838
0.452838
0.452838
0.452838
0.452838
0.452838
0.452838
0.452839
0.452838
0.452843
0.452668
0.451107
0.554571
0.129756
0.980386
4.82936e-05
4.59514e-05
4.74289e-05
1.16795e-05
3.10912e-05
1.02552e-05
4.5972e-05
1.70447e-05
7.05909e-06
0.00128012
0.0003263
0.000296567
0.000294207
0.000264373
0.000168226
8.52523e-06
1.61226e-05
1.27877e-05
5.67886e-06
0.000175997
0.000465214
0.000213241
8.94384e-06
1.20692e-05
1.35905e-05
9.11601e-06
0.00116146
0.000413971
0.000381366
0.000196452
0.000115413
8.91552e-05
8.56933e-05
0.00013539
0.452838
0.452838
0.452838
0.452838
0.452838
0.452838
0.452838
0.452838
0.452838
0.452838
0.452838
0.452838
0.452838
0.452838
0.452838
0.452838
0.452838
0.452838
0.452838
0.452838
0.452838
0.452838
0.452838
0.452838
0.452838
0.452838
0.452838
0.452838
0.452838
0.452838
0.452838
0.452838
0.452838
0.452838
0.452838
0.452838
0.452838
0.452838
0.452838
0.452838
0.452838
0.452838
0.452838
0.452838
0.452838
0.452838
0.452838
0.452838
0.452838
0.452838
0.452838
0.452838
0.452838
0.452838
0.452839
0.452838
0.45284
0.45294
0.435849
0.404921
0.759702
0.0135552
6.89977e-06
5.48481e-06
0.000833237
0.00114531
0.00309019
0.00182572
0.00130704
0.00456135
0.00623949
0.00420702
0.00341408
0.00281705
0.00251609
0.00185049
0.00150363
0.00151482
0.000595333
0.000504233
0.00170462
0.00236347
0.00239395
0.0265727
0.00958705
0.000943851
0.00132267
0.0219374
0.00637314
0.00497491
0.00781878
0.0143434
0.00161003
0.00238164
0.004002
0.000118048
0.452838
0.452838
0.452838
0.452838
0.452838
0.452838
0.452838
0.452838
0.452838
0.452838
0.452838
0.452838
0.452838
0.452838
0.452838
0.452838
0.452838
0.452838
0.452838
0.452838
0.452838
0.452838
0.452838
0.452838
0.452838
0.452838
0.452838
0.452838
0.452838
0.452838
0.452838
0.452838
0.452838
0.452838
0.452838
0.452838
0.452838
0.452838
0.452838
0.452838
0.452838
0.452838
0.452838
0.452838
0.452838
0.452838
0.452838
0.452838
0.452838
0.452838
0.452838
0.452838
0.452838
0.452838
0.452839
0.452838
0.452842
0.452859
0.453361
0.493118
0.362674
0.0272737
7.31951e-06
3.50099e-06
0.000904072
0.00192605
0.00436701
0.0150683
0.0125776
0.015502
0.00844131
0.00878452
0.00577266
0.00313981
0.00299519
0.00549893
0.0129773
0.00272976
0.00218689
0.00207372
0.00123716
0.000823798
0.00102663
0.00241306
0.00624688
0.00820834
0.0119374
0.00687825
0.0140674
0.0136823
0.00220154
0.00136791
0.000856266
0.00363545
0.0526997
0.000121511
0.452838
0.452838
0.452838
0.452838
0.452838
0.452838
0.452838
0.452838
0.452838
0.452838
0.452838
0.452838
0.452838
0.452838
0.452838
0.452838
0.452838
0.452838
0.452838
0.452838
0.452838
0.452838
0.452838
0.452838
0.452838
0.452838
0.452838
0.452838
0.452838
0.452838
0.452838
0.452838
0.452838
0.452838
0.452838
0.452838
0.452838
0.452838
0.452838
0.452838
0.452838
0.452838
0.452838
0.452838
0.452838
0.452838
0.452838
0.452838
0.452838
0.452838
0.452838
0.452838
0.452838
0.452838
0.452838
0.452839
0.452845
0.453748
0.453946
0.512686
0.256714
0.00307339
6.7645e-06
0.000167463
0.000983627
0.000734985
0.0165993
0.00465074
0.00604607
0.0103545
0.00660423
0.0061803
0.0323528
0.0575648
0.0305321
0.0186117
0.0302275
0.00363639
0.00275106
0.00487643
0.00312036
0.00116746
0.00076379
0.00110577
0.0103397
0.00649911
0.00905166
0.0139966
0.0132207
0.00856671
0.0444154
0.00370681
0.00126176
0.00330154
0.00398117
0.000119587
0.452838
0.452838
0.452838
0.452838
0.452838
0.452838
0.452838
0.452838
0.452838
0.452838
0.452838
0.452838
0.452838
0.452838
0.452838
0.452838
0.452838
0.452838
0.452838
0.452838
0.452838
0.452838
0.452838
0.452838
0.452838
0.452838
0.452838
0.452838
0.452838
0.452838
0.452838
0.452838
0.452838
0.452838
0.452838
0.452838
0.452838
0.452838
0.452838
0.452838
0.452838
0.452838
0.452838
0.452838
0.452838
0.452838
0.452838
0.452838
0.452838
0.452838
0.452838
0.452838
0.452838
0.452838
0.452838
0.452838
0.452843
0.452876
0.46883
0.502887
0.292282
0.0574316
9.78193e-06
3.32515e-06
0.000839396
0.000471331
0.000477108
0.000898483
0.00698914
0.00598361
0.0113707
0.0642478
0.00830327
0.00658679
0.00628649
0.0236784
0.0045834
0.00209838
0.00243026
0.00819034
0.00486712
0.00146059
0.000712179
0.000588783
0.00106528
0.0118446
0.00610652
0.0116463
0.00697004
0.0119613
0.00281839
0.00143269
0.000935817
0.0018736
0.00386398
0.000123852
0.452838
0.452838
0.452838
0.452838
0.452838
0.452838
0.452838
0.452838
0.452838
0.452838
0.452838
0.452838
0.452838
0.452838
0.452838
0.452838
0.452838
0.452838
0.452838
0.452838
0.452838
0.452838
0.452838
0.452838
0.452838
0.452838
0.452838
0.452838
0.452838
0.452838
0.452838
0.452838
0.452838
0.452838
0.452838
0.452838
0.452838
0.452838
0.452838
0.452838
0.452838
0.452838
0.452838
0.452838
0.452838
0.452838
0.452838
0.452838
0.452838
0.452838
0.452838
0.452838
0.452838
0.452838
0.452838
0.452839
0.452845
0.45293
0.477203
0.497296
0.287886
0.0183956
1.12207e-05
3.19868e-06
0.00176528
0.0241185
0.00366478
0.00240232
0.00209115
0.00112899
0.00100704
0.00196541
0.00638992
0.0667885
0.31787
0.0215592
0.0060943
0.00426648
0.00356034
0.00323072
0.00210126
0.00151137
0.000945364
0.000588444
0.000731926
0.0129531
0.00470738
0.00403812
0.00407159
0.00911025
0.0177494
0.00289111
0.00175697
0.00254466
0.00787751
0.000122269
0.452838
0.452838
0.452838
0.452838
0.452838
0.452838
0.452838
0.452838
0.452838
0.452838
0.452838
0.452838
0.452838
0.452838
0.452838
0.452838
0.452838
0.452838
0.452838
0.452838
0.452838
0.452838
0.452838
0.452838
0.452838
0.452838
0.452838
0.452838
0.452838
0.452838
0.452838
0.452838
0.452838
0.452838
0.452838
0.452838
0.452838
0.452838
0.452838
0.452838
0.452838
0.452838
0.452838
0.452838
0.452838
0.452838
0.452838
0.452838
0.452838
0.452838
0.452838
0.452838
0.452838
0.452838
0.452838
0.452838
0.452844
0.453011
0.454417
0.688125
0.878106
0.995968
6.45475e-06
2.98664e-06
0.000626291
0.000726006
0.00450477
0.0054107
0.00279029
0.00194687
0.00214745
0.00169453
0.00161131
0.00241115
0.00381366
0.00399607
0.0032103
0.00258636
0.00221262
0.00238275
0.00283763
0.00365995
0.00332242
0.000586081
0.000507044
0.00820494
0.00408574
0.00378105
0.00271845
0.0212199
0.00316928
0.00151664
0.00203702
0.00523405
0.00732004
0.000123108
)
;

boundaryField
{
    outlet
    {
        type            zeroGradient;
    }
    inlet
    {
        type            fixedValue;
        value           uniform 0.45;
    }
    walls
    {
        type            zeroGradient;
    }
}


// ************************************************************************* //
