/*--------------------------------*- C++ -*----------------------------------*\
| =========                 |                                                 |
| \\      /  F ield         | OpenFOAM: The Open Source CFD Toolbox           |
|  \\    /   O peration     | Version:  2.3.0                                 |
|   \\  /    A nd           | Web:      www.OpenFOAM.org                      |
|    \\/     M anipulation  |                                                 |
\*---------------------------------------------------------------------------*/
FoamFile
{
    version     2.0;
    format      ascii;
    class       volScalarField;
    location    "35";
    object      w2;
}
// * * * * * * * * * * * * * * * * * * * * * * * * * * * * * * * * * * * * * //

dimensions      [0 0 0 0 0 0 0];

internalField   nonuniform List<scalar> 
6144
(
0.452838
0.452838
0.452838
0.452838
0.452838
0.452838
0.452838
0.452838
0.452838
0.452838
0.452838
0.452838
0.452838
0.452838
0.452838
0.452838
0.452838
0.452838
0.452838
0.452838
0.452838
0.452838
0.452838
0.452838
0.452838
0.452838
0.452838
0.452838
0.452838
0.452838
0.452838
0.452838
0.452838
0.452838
0.452838
0.452838
0.452838
0.452838
0.452838
0.452838
0.452838
0.452838
0.452838
0.452838
0.452838
0.452838
0.452838
0.452838
0.452838
0.452838
0.452838
0.452838
0.452838
0.452838
0.452838
0.452838
0.452839
0.452842
0.480501
0.475876
0.179304
0.000929974
4.30034e-06
0.000838135
0.0221933
0.00257262
0.00195847
0.0216707
0.00417068
0.00436948
0.0151225
0.0298976
0.0389188
0.0152102
0.00579057
0.00793421
0.010604
0.0263631
0.0785587
0.0207916
0.170528
0.0465625
0.225165
0.0252816
0.0112544
0.0213075
0.0125891
0.00620825
0.0223727
0.0314876
0.118559
0.0500068
0.0123727
0.00260507
0.000436863
8.41807e-05
0.452838
0.452838
0.452838
0.452838
0.452838
0.452838
0.452838
0.452838
0.452838
0.452838
0.452838
0.452838
0.452838
0.452838
0.452838
0.452838
0.452838
0.452838
0.452838
0.452838
0.452838
0.452838
0.452838
0.452838
0.452838
0.452838
0.452838
0.452838
0.452838
0.452838
0.452838
0.452838
0.452838
0.452838
0.452838
0.452838
0.452838
0.452838
0.452838
0.452838
0.452838
0.452838
0.452838
0.452838
0.452838
0.452838
0.452838
0.452838
0.452838
0.452838
0.452838
0.452838
0.452838
0.452838
0.452838
0.452838
0.452839
0.4529
0.459278
0.517737
0.151606
2.64814e-05
4.89376e-06
0.00376895
0.000178697
0.000642955
0.000223964
0.000278262
0.00033951
0.000474195
0.000477153
0.000438351
0.000469297
0.00055766
0.0019442
0.0350895
0.000665077
0.000531742
0.00194223
0.00224534
0.00285494
0.00388968
0.00382098
0.0796041
0.0259487
0.00645862
0.0265672
0.0109097
0.00532174
0.00728385
0.00210695
0.00207587
0.00128655
0.00258258
0.000586042
9.40969e-05
0.452838
0.452838
0.452838
0.452838
0.452838
0.452838
0.452838
0.452838
0.452838
0.452838
0.452838
0.452838
0.452838
0.452838
0.452838
0.452838
0.452838
0.452838
0.452838
0.452838
0.452838
0.452838
0.452838
0.452838
0.452838
0.452838
0.452838
0.452838
0.452838
0.452838
0.452838
0.452838
0.452838
0.452838
0.452838
0.452838
0.452838
0.452838
0.452838
0.452838
0.452838
0.452838
0.452838
0.452838
0.452838
0.452838
0.452838
0.452838
0.452838
0.452838
0.452838
0.452838
0.452838
0.452838
0.452839
0.452838
0.452839
0.452838
0.452643
0.506874
0.970436
0.00375083
0.00177759
0.22032
0.00552497
0.00583664
0.0128118
0.0154167
0.00309394
0.00598593
0.00174395
0.00259149
0.973684
0.000765958
0.000131694
6.31465e-05
2.57789e-05
1.0858e-05
1.07679e-05
0.00457818
0.303105
0.00175382
0.000830407
0.00254252
0.0139579
0.00972584
0.0375342
0.00258505
0.00324298
0.00157874
0.0064301
0.00182047
0.0048867
0.00644671
0.000656978
0.000101676
0.452838
0.452838
0.452838
0.452838
0.452838
0.452838
0.452838
0.452838
0.452838
0.452838
0.452838
0.452838
0.452838
0.452838
0.452838
0.452838
0.452838
0.452838
0.452838
0.452838
0.452838
0.452838
0.452838
0.452838
0.452838
0.452838
0.452838
0.452838
0.452838
0.452838
0.452838
0.452838
0.452838
0.452838
0.452838
0.452838
0.452838
0.452838
0.452838
0.452838
0.452838
0.452838
0.452838
0.452838
0.452838
0.452838
0.452838
0.452838
0.452838
0.452838
0.452838
0.452838
0.452838
0.452838
0.452839
0.452838
0.452839
0.453003
0.483014
0.502692
0.982657
0.254141
0.244718
0.22986
0.98046
0.946071
0.820053
0.821294
0.0518656
0.0730111
0.0720253
0.976788
0.104177
0.0773992
0.102111
0.235416
0.0774954
0.0598793
0.00907038
0.00597597
0.000897931
0.998505
9.28008e-06
5.4815e-06
0.000306157
0.00025391
0.00198318
0.00422749
0.00198935
0.0114925
0.00865307
0.00273696
0.00186713
0.0144152
0.000585089
9.39945e-05
0.452838
0.452838
0.452838
0.452838
0.452838
0.452838
0.452838
0.452838
0.452838
0.452838
0.452838
0.452838
0.452838
0.452838
0.452838
0.452838
0.452838
0.452838
0.452838
0.452838
0.452838
0.452838
0.452838
0.452838
0.452838
0.452838
0.452838
0.452838
0.452838
0.452838
0.452838
0.452838
0.452838
0.452838
0.452838
0.452838
0.452838
0.452838
0.452838
0.452838
0.452838
0.452838
0.452838
0.452838
0.452838
0.452838
0.452838
0.452838
0.452838
0.452838
0.452838
0.452838
0.452838
0.452838
0.452839
0.452838
0.452838
0.452833
0.452098
0.499919
0.487081
0.974998
0.151564
0.405201
0.440427
0.310937
0.822813
0.260596
0.815006
0.388354
0.163645
0.775693
0.891061
0.272283
0.924343
0.791514
0.043082
0.791155
0.0112628
0.0270521
0.0280343
0.375275
0.0170027
0.00385951
0.000196617
1.05596e-05
4.09426e-06
9.21976e-05
0.002356
0.00173419
0.00614886
0.00752022
0.00386672
0.00567596
0.000614014
9.48005e-05
0.452838
0.452838
0.452838
0.452838
0.452838
0.452838
0.452838
0.452838
0.452838
0.452838
0.452838
0.452838
0.452838
0.452838
0.452838
0.452838
0.452838
0.452838
0.452838
0.452838
0.452838
0.452838
0.452838
0.452838
0.452838
0.452838
0.452838
0.452838
0.452838
0.452838
0.452838
0.452838
0.452838
0.452838
0.452838
0.452838
0.452838
0.452838
0.452838
0.452838
0.452838
0.452838
0.452838
0.452838
0.452838
0.452838
0.452838
0.452838
0.452838
0.452838
0.452838
0.452838
0.452838
0.452838
0.452839
0.452838
0.452838
0.452838
0.45285
0.494597
0.24788
0.99999
0.996396
0.48803
0.479724
0.0756194
0.181918
0.897579
0.902734
0.422084
0.924111
0.863805
0.978276
0.0927424
0.205421
0.197815
0.983934
0.994823
0.989324
0.624381
0.382836
0.150929
0.441093
0.908045
0.832878
0.615407
0.00104106
0.999964
3.55021e-06
3.27219e-05
3.92203e-05
4.73395e-05
0.000108895
0.000375986
0.00012675
0.000210138
0.452838
0.452838
0.452838
0.452838
0.452838
0.452838
0.452838
0.452838
0.452838
0.452838
0.452838
0.452838
0.452838
0.452838
0.452838
0.452838
0.452838
0.452838
0.452838
0.452838
0.452838
0.452838
0.452838
0.452838
0.452838
0.452838
0.452838
0.452838
0.452838
0.452838
0.452838
0.452838
0.452838
0.452838
0.452838
0.452838
0.452838
0.452838
0.452838
0.452838
0.452838
0.452838
0.452838
0.452838
0.452838
0.452838
0.452838
0.452838
0.452838
0.452838
0.452838
0.452838
0.452838
0.452838
0.452839
0.452839
0.452839
0.452817
0.452582
0.51718
0.124752
0.017444
0.172539
0.362041
0.564866
0.790664
0.997569
0.987062
0.462242
0.992603
0.90287
0.804117
0.26333
0.815605
0.886445
0.868373
0.672534
0.833253
0.986471
0.934498
0.885353
0.880904
0.991562
0.430424
0.42979
0.601479
0.579343
0.922877
0.999508
0.00666605
0.00449749
0.00963579
0.01075
0.0139165
0.566092
0.000536223
0.452838
0.452838
0.452838
0.452838
0.452838
0.452838
0.452838
0.452838
0.452838
0.452838
0.452838
0.452838
0.452838
0.452838
0.452838
0.452838
0.452838
0.452838
0.452838
0.452838
0.452838
0.452838
0.452838
0.452838
0.452838
0.452838
0.452838
0.452838
0.452838
0.452838
0.452838
0.452838
0.452838
0.452838
0.452838
0.452838
0.452838
0.452838
0.452838
0.452838
0.452838
0.452838
0.452838
0.452838
0.452838
0.452838
0.452838
0.452838
0.452838
0.452838
0.452838
0.452838
0.452838
0.452838
0.452838
0.452839
0.452839
0.453369
0.441685
0.523899
0.119097
0.924458
0.640336
0.36841
0.986371
0.666048
0.186815
0.710237
0.33038
0.211182
0.380354
0.201889
0.921068
0.0347313
0.123932
0.88549
0.543477
0.998018
0.979827
0.919684
0.446216
0.999891
0.292522
0.286021
0.299944
0.666326
0.149277
0.000759873
0.981859
0.730612
0.523225
0.770593
0.943787
0.917643
0.517482
0.896869
0.452838
0.452838
0.452838
0.452838
0.452838
0.452838
0.452838
0.452838
0.452838
0.452838
0.452838
0.452838
0.452838
0.452838
0.452838
0.452838
0.452838
0.452838
0.452838
0.452838
0.452838
0.452838
0.452838
0.452838
0.452838
0.452838
0.452838
0.452838
0.452838
0.452838
0.452838
0.452838
0.452838
0.452838
0.452838
0.452838
0.452838
0.452838
0.452838
0.452838
0.452838
0.452838
0.452838
0.452838
0.452838
0.452838
0.452838
0.452838
0.452838
0.452838
0.452838
0.452838
0.452838
0.452838
0.452838
0.452839
0.452821
0.451931
0.45582
0.522922
0.994505
1.5674e-07
2.26267e-09
1.95285e-06
0.985047
0.768544
0.988762
0.668285
0.776364
0.959556
0.23853
0.17758
0.291375
0.944391
0.888265
0.997567
0.885245
0.758238
0.563419
0.0644045
0.336482
0.166277
0.117172
0.156822
0.862264
0.97612
0.866001
0.941468
0.456034
0.466591
0.449694
0.317565
0.263736
0.15789
0.204519
0.0028672
0.452838
0.452838
0.452838
0.452838
0.452838
0.452838
0.452838
0.452838
0.452838
0.452838
0.452838
0.452838
0.452838
0.452838
0.452838
0.452838
0.452838
0.452838
0.452838
0.452838
0.452838
0.452838
0.452838
0.452838
0.452838
0.452838
0.452838
0.452838
0.452838
0.452838
0.452838
0.452838
0.452838
0.452838
0.452838
0.452838
0.452838
0.452838
0.452838
0.452838
0.452838
0.452838
0.452838
0.452838
0.452838
0.452838
0.452838
0.452838
0.452838
0.452838
0.452838
0.452838
0.452838
0.452838
0.452838
0.452838
0.452839
0.452859
0.453343
0.532904
0.0473888
0.185586
0.0431679
0.0472105
0.202918
0.837628
0.86582
0.77859
0.122459
0.82782
0.0847485
0.77428
0.874554
0.197509
0.198529
0.860939
0.397198
0.988471
0.999993
0.961257
0.484343
0.901483
0.110553
0.229258
0.585212
0.957269
0.306333
0.20267
0.824604
0.992354
0.886296
0.0742823
0.90032
0.148746
0.00292789
0.000418115
0.452838
0.452838
0.452838
0.452838
0.452838
0.452838
0.452838
0.452838
0.452838
0.452838
0.452838
0.452838
0.452838
0.452838
0.452838
0.452838
0.452838
0.452838
0.452838
0.452838
0.452838
0.452838
0.452838
0.452838
0.452838
0.452838
0.452838
0.452838
0.452838
0.452838
0.452838
0.452838
0.452838
0.452838
0.452838
0.452838
0.452838
0.452838
0.452838
0.452838
0.452838
0.452838
0.452838
0.452838
0.452838
0.452838
0.452838
0.452838
0.452838
0.452838
0.452838
0.452838
0.452838
0.452838
0.452839
0.452838
0.45284
0.45193
0.507017
0.510656
0.0645423
0.000637799
0.00325629
0.00365403
0.00339546
0.00735023
0.00664826
0.040563
0.0442218
0.0317007
0.011387
0.0145105
0.0212291
0.0220242
0.103822
0.0221638
0.0207172
0.0582838
0.401828
0.0364637
0.0857183
0.0308938
0.04081
0.0626184
0.91168
0.123997
0.180433
0.0979677
0.0339301
0.792664
0.0334837
0.115877
0.0148136
0.0014257
0.000200081
3.7705e-06
0.452838
0.452838
0.452838
0.452838
0.452838
0.452838
0.452838
0.452838
0.452838
0.452838
0.452838
0.452838
0.452838
0.452838
0.452838
0.452838
0.452838
0.452838
0.452838
0.452838
0.452838
0.452838
0.452838
0.452838
0.452838
0.452838
0.452838
0.452838
0.452838
0.452838
0.452838
0.452838
0.452838
0.452838
0.452838
0.452838
0.452838
0.452838
0.452838
0.452838
0.452838
0.452838
0.452838
0.452838
0.452838
0.452838
0.452838
0.452838
0.452838
0.452838
0.452838
0.452838
0.452838
0.452838
0.452838
0.452838
0.452839
0.452847
0.451752
0.49769
0.085295
8.30366e-05
2.24465e-06
0.000141616
0.00035084
0.00216037
0.00110979
0.000419789
0.000195733
0.000128506
0.000123794
0.000374815
0.000273435
0.000121829
0.0036069
0.000621819
0.000248809
0.000348438
0.000595474
0.000563365
0.000413583
0.000131279
5.98587e-06
1.19056e-05
1.12542e-05
1.79336e-05
1.03345e-05
2.71632e-05
7.83246e-06
1.23311e-05
1.43106e-05
1.71573e-05
1.12153e-05
0.000634667
0.000594944
0.00011234
0.452838
0.452838
0.452838
0.452838
0.452838
0.452838
0.452838
0.452838
0.452838
0.452838
0.452838
0.452838
0.452838
0.452838
0.452838
0.452838
0.452838
0.452838
0.452838
0.452838
0.452838
0.452838
0.452838
0.452838
0.452838
0.452838
0.452838
0.452838
0.452838
0.452838
0.452838
0.452838
0.452838
0.452838
0.452838
0.452838
0.452838
0.452838
0.452838
0.452838
0.452838
0.452838
0.452838
0.452838
0.452838
0.452838
0.452838
0.452838
0.452838
0.452838
0.452838
0.452838
0.452838
0.452838
0.452838
0.452838
0.45284
0.452841
0.452875
0.547638
0.0639115
0.000118987
2.44938e-06
0.00021489
0.000264728
0.000760524
0.00124815
0.00173397
0.00191029
0.004957
0.00902616
0.0051427
0.00641076
0.0176866
0.00639322
0.000912698
0.00126808
0.00430377
0.00166015
0.00123508
0.00125124
0.00680539
0.00176624
0.00305617
0.00142878
0.00169625
0.000881062
0.00503336
0.00201505
0.00998396
0.00146252
0.00371189
0.00090095
0.000902775
0.000973808
0.0001214
0.452838
0.452838
0.452838
0.452838
0.452838
0.452838
0.452838
0.452838
0.452838
0.452838
0.452838
0.452838
0.452838
0.452838
0.452838
0.452838
0.452838
0.452838
0.452838
0.452838
0.452838
0.452838
0.452838
0.452838
0.452838
0.452838
0.452838
0.452838
0.452838
0.452838
0.452838
0.452838
0.452838
0.452838
0.452838
0.452838
0.452838
0.452838
0.452838
0.452838
0.452838
0.452838
0.452838
0.452838
0.452838
0.452838
0.452838
0.452838
0.452838
0.452838
0.452838
0.452838
0.452838
0.452838
0.452838
0.452839
0.452841
0.452841
0.45289
0.523431
0.0795199
1.06254e-05
2.55203e-06
0.000181465
0.000258382
0.000598165
0.000678505
0.00125793
0.00157011
0.00159892
0.00269483
0.0280704
0.00584392
0.00369752
0.00357787
0.00313068
0.00120908
0.00142443
0.00192815
0.00146018
0.00125678
0.00169768
0.00505337
0.0149119
0.00220128
0.00144832
0.00136858
0.00181534
0.00410623
0.0386251
0.00857253
0.00453932
0.0021122
0.00156222
0.00152747
0.000123193
0.452838
0.452838
0.452838
0.452838
0.452838
0.452838
0.452838
0.452838
0.452838
0.452838
0.452838
0.452838
0.452838
0.452838
0.452838
0.452838
0.452838
0.452838
0.452838
0.452838
0.452838
0.452838
0.452838
0.452838
0.452838
0.452838
0.452838
0.452838
0.452838
0.452838
0.452838
0.452838
0.452838
0.452838
0.452838
0.452838
0.452838
0.452838
0.452838
0.452838
0.452838
0.452838
0.452838
0.452838
0.452838
0.452838
0.452838
0.452838
0.452838
0.452838
0.452838
0.452838
0.452838
0.452838
0.452838
0.452838
0.452842
0.452843
0.454522
0.545689
0.0343916
0.000118296
2.51347e-06
0.000296819
0.000246127
0.0013419
0.00104901
0.00224571
0.00257262
0.0021882
0.00235047
0.00257902
0.00342431
0.00692312
0.0231676
0.0442011
0.00298593
0.00134374
0.00836564
0.00208872
0.00196938
0.00154207
0.00126224
0.00164152
0.0121186
0.0214203
0.0016481
0.00289812
0.0159538
0.00304607
0.0015869
0.00132531
0.00141636
0.00134411
0.000858355
0.000116254
0.452838
0.452838
0.452838
0.452838
0.452838
0.452838
0.452838
0.452838
0.452838
0.452838
0.452838
0.452838
0.452838
0.452838
0.452838
0.452838
0.452838
0.452838
0.452838
0.452838
0.452838
0.452838
0.452838
0.452838
0.452838
0.452838
0.452838
0.452838
0.452838
0.452838
0.452838
0.452838
0.452838
0.452838
0.452838
0.452838
0.452838
0.452838
0.452838
0.452838
0.452838
0.452838
0.452838
0.452838
0.452838
0.452838
0.452838
0.452838
0.452838
0.452838
0.452838
0.452838
0.452838
0.452838
0.452838
0.452838
0.452841
0.452846
0.451134
0.519579
0.124376
0.00529806
2.31485e-06
0.000231532
0.00083561
0.020993
0.00112953
0.00145195
0.0021615
0.00225808
0.00224767
0.00259866
0.00213814
0.00246501
0.00868904
0.00549191
0.0175373
0.00162841
0.011066
0.00142433
0.00169756
0.00411589
0.00184651
0.00144522
0.00207477
0.00432549
0.0037662
0.00380441
0.00365355
0.00391601
0.00610589
0.00637203
0.118499
0.0204733
0.00196629
0.000122536
0.452838
0.452838
0.452838
0.452838
0.452838
0.452838
0.452838
0.452838
0.452838
0.452838
0.452838
0.452838
0.452838
0.452838
0.452838
0.452838
0.452838
0.452838
0.452838
0.452838
0.452838
0.452838
0.452838
0.452838
0.452838
0.452838
0.452838
0.452838
0.452838
0.452838
0.452838
0.452838
0.452838
0.452838
0.452838
0.452838
0.452838
0.452838
0.452838
0.452838
0.452838
0.452838
0.452838
0.452838
0.452838
0.452838
0.452838
0.452838
0.452838
0.452838
0.452838
0.452838
0.452838
0.452838
0.452839
0.452838
0.452836
0.453387
0.4877
0.496021
0.195474
0.00193823
4.28019e-06
0.000655847
0.000195205
0.000177127
0.00157276
0.00136154
0.00492236
0.00402802
0.00454617
0.00876924
0.179894
0.00655352
0.00074658
0.000754161
0.0110909
0.0046813
0.00524531
0.00802785
0.0141352
0.0118274
0.0130849
0.0076522
0.00681882
0.107651
0.00403197
0.015692
0.0174319
0.00735249
0.032794
0.00700169
0.00499514
0.00268311
0.000501818
8.63427e-05
0.452838
0.452838
0.452838
0.452838
0.452838
0.452838
0.452838
0.452838
0.452838
0.452838
0.452838
0.452838
0.452838
0.452838
0.452838
0.452838
0.452838
0.452838
0.452838
0.452838
0.452838
0.452838
0.452838
0.452838
0.452838
0.452838
0.452838
0.452838
0.452838
0.452838
0.452838
0.452838
0.452838
0.452838
0.452838
0.452838
0.452838
0.452838
0.452838
0.452838
0.452838
0.452838
0.452838
0.452838
0.452838
0.452838
0.452838
0.452838
0.452838
0.452838
0.452838
0.452838
0.452838
0.452838
0.452838
0.452838
0.452839
0.452848
0.451831
0.503944
0.133926
1.81838e-05
4.82414e-06
9.06239e-06
1.38371e-05
9.92216e-06
5.77307e-06
0.00045379
0.000413743
0.000612691
0.00052918
0.000471742
0.000334841
1.12848e-05
1.23651e-05
1.28787e-05
9.03023e-06
0.000488922
0.000826232
0.000865393
0.000630777
0.00159139
0.00227086
0.00291195
0.00193769
0.00142194
0.00222308
0.00237131
0.0099991
0.00723413
0.00457578
0.00254282
0.00260961
0.00302728
0.000741188
0.000100923
0.452838
0.452838
0.452838
0.452838
0.452838
0.452838
0.452838
0.452838
0.452838
0.452838
0.452838
0.452838
0.452838
0.452838
0.452838
0.452838
0.452838
0.452838
0.452838
0.452838
0.452838
0.452838
0.452838
0.452838
0.452838
0.452838
0.452838
0.452838
0.452838
0.452838
0.452838
0.452838
0.452838
0.452838
0.452838
0.452838
0.452838
0.452838
0.452838
0.452838
0.452838
0.452838
0.452838
0.452838
0.452838
0.452838
0.452838
0.452838
0.452838
0.452838
0.452838
0.452838
0.452838
0.452838
0.452839
0.452838
0.452838
0.452827
0.487497
0.503357
0.0112685
0.00220427
0.0045436
0.0104832
0.0899887
0.00536236
0.016512
0.598357
0.00308273
0.00728446
0.0132998
0.0234263
0.00216956
0.00578621
0.0024694
0.0350913
0.0501199
0.000956597
0.000133666
2.47719e-05
9.0322e-06
1.11527e-05
0.000813651
0.00474204
0.000781928
0.0022059
0.00319894
0.00658022
0.0363862
0.0185041
0.00561069
0.00188609
0.0145444
0.00201933
0.00066731
0.000102402
0.452838
0.452838
0.452838
0.452838
0.452838
0.452838
0.452838
0.452838
0.452838
0.452838
0.452838
0.452838
0.452838
0.452838
0.452838
0.452838
0.452838
0.452838
0.452838
0.452838
0.452838
0.452838
0.452838
0.452838
0.452838
0.452838
0.452838
0.452838
0.452838
0.452838
0.452838
0.452838
0.452838
0.452838
0.452838
0.452838
0.452838
0.452838
0.452838
0.452838
0.452838
0.452838
0.452838
0.452838
0.452838
0.452838
0.452838
0.452838
0.452838
0.452838
0.452838
0.452838
0.452838
0.452838
0.452839
0.452838
0.452838
0.452875
0.454988
0.5094
0.745647
0.986252
0.947733
0.973496
0.729129
0.128828
0.978425
0.835391
0.000366661
0.0241281
0.183206
0.0468966
0.145249
0.996769
0.30323
0.447611
0.153271
0.761761
0.961812
0.858749
0.0318756
0.0078604
0.000394433
2.17976e-05
7.54063e-06
0.000106857
0.00012812
0.000705256
0.003716
0.0111391
0.00381586
0.00173125
0.00293369
0.970475
0.000580556
0.000102097
0.452838
0.452838
0.452838
0.452838
0.452838
0.452838
0.452838
0.452838
0.452838
0.452838
0.452838
0.452838
0.452838
0.452838
0.452838
0.452838
0.452838
0.452838
0.452838
0.452838
0.452838
0.452838
0.452838
0.452838
0.452838
0.452838
0.452838
0.452838
0.452838
0.452838
0.452838
0.452838
0.452838
0.452838
0.452838
0.452838
0.452838
0.452838
0.452838
0.452838
0.452838
0.452838
0.452838
0.452838
0.452838
0.452838
0.452838
0.452838
0.452838
0.452838
0.452838
0.452838
0.452838
0.452839
0.452838
0.452838
0.452838
0.452848
0.453004
0.50666
0.147053
0.710532
0.207934
0.461778
0.991117
0.020319
0.638116
0.000721873
0.00213436
0.981367
0.999698
0.828941
0.897456
0.487607
0.377161
0.383672
0.68917
0.299839
0.690046
0.299345
0.619433
0.172527
0.124974
0.311689
0.0030618
0.000247616
1.03296e-05
4.03264e-06
7.44707e-05
0.0033045
0.00791839
0.00264933
0.00493293
0.011218
0.000652502
0.00010285
0.452838
0.452838
0.452838
0.452838
0.452838
0.452838
0.452838
0.452838
0.452838
0.452838
0.452838
0.452838
0.452838
0.452838
0.452838
0.452838
0.452838
0.452838
0.452838
0.452838
0.452838
0.452838
0.452838
0.452838
0.452838
0.452838
0.452838
0.452838
0.452838
0.452838
0.452838
0.452838
0.452838
0.452838
0.452838
0.452838
0.452838
0.452838
0.452838
0.452838
0.452838
0.452838
0.452838
0.452838
0.452838
0.452838
0.452838
0.452838
0.452838
0.452838
0.452838
0.452838
0.452838
0.452838
0.452839
0.452838
0.452837
0.452815
0.452374
0.586764
0.926313
0.99649
0.818128
0.306194
0.91474
0.616447
0.327846
0.892234
0.505059
0.432938
0.572827
0.29097
0.688801
0.686058
0.266841
0.515326
0.430806
0.310824
0.413645
0.639705
0.362188
0.498288
0.554563
0.590506
0.870228
0.137729
0.999996
0.999975
2.21103e-05
2.99257e-06
0.000184459
0.000211649
0.19548
0.99829
0.000162553
5.66692e-05
0.452838
0.452838
0.452838
0.452838
0.452838
0.452838
0.452838
0.452838
0.452838
0.452838
0.452838
0.452838
0.452838
0.452838
0.452838
0.452838
0.452838
0.452838
0.452838
0.452838
0.452838
0.452838
0.452838
0.452838
0.452838
0.452838
0.452838
0.452838
0.452838
0.452838
0.452838
0.452838
0.452838
0.452838
0.452838
0.452838
0.452838
0.452838
0.452838
0.452838
0.452838
0.452838
0.452838
0.452838
0.452838
0.452838
0.452838
0.452838
0.452838
0.452838
0.452838
0.452838
0.452838
0.452838
0.452839
0.452838
0.452838
0.452845
0.450547
0.593846
0.093959
0.580188
0.487828
0.484001
0.808358
0.401275
0.468591
0.699127
0.52719
0.229818
0.402916
0.465844
0.711684
0.254875
0.429616
0.585982
0.469899
0.387168
0.412051
0.339518
0.579358
0.530756
0.543875
0.615435
0.994802
0.999207
0.781954
0.994192
0.824674
0.327294
0.128487
0.653457
0.123626
0.401251
0.859758
0.0532918
0.452838
0.452838
0.452838
0.452838
0.452838
0.452838
0.452838
0.452838
0.452838
0.452838
0.452838
0.452838
0.452838
0.452838
0.452838
0.452838
0.452838
0.452838
0.452838
0.452838
0.452838
0.452838
0.452838
0.452838
0.452838
0.452838
0.452838
0.452838
0.452838
0.452838
0.452838
0.452838
0.452838
0.452838
0.452838
0.452838
0.452838
0.452838
0.452838
0.452838
0.452838
0.452838
0.452838
0.452838
0.452838
0.452838
0.452838
0.452838
0.452838
0.452838
0.452838
0.452838
0.452838
0.452838
0.452838
0.452838
0.452839
0.452837
0.45304
0.604001
0.0968819
0.993313
0.954822
0.381535
0.726426
0.463705
0.941393
0.884692
0.519285
0.882492
0.420379
0.362876
0.423132
0.541132
0.900297
0.4824
0.992081
0.231654
0.462976
0.260355
0.484096
0.516496
0.454658
0.539328
0.423119
0.272102
0.256092
0.580983
0.728997
0.574347
0.442371
0.757229
0.219405
0.984714
0.985748
0.998096
0.452838
0.452838
0.452838
0.452838
0.452838
0.452838
0.452838
0.452838
0.452838
0.452838
0.452838
0.452838
0.452838
0.452838
0.452838
0.452838
0.452838
0.452838
0.452838
0.452838
0.452838
0.452838
0.452838
0.452838
0.452838
0.452838
0.452838
0.452838
0.452838
0.452838
0.452838
0.452838
0.452838
0.452838
0.452838
0.452838
0.452838
0.452838
0.452838
0.452838
0.452838
0.452838
0.452838
0.452838
0.452838
0.452838
0.452838
0.452838
0.452838
0.452838
0.452838
0.452838
0.452838
0.452838
0.452838
0.452838
0.45284
0.452924
0.455691
0.52505
0.982237
0.926104
0.879996
0.358471
0.207206
0.815235
0.996851
0.222765
0.00351605
0.00500601
0.115536
0.983402
0.952578
0.922198
0.629078
0.323493
0.199104
0.15442
0.174453
0.939394
0.365602
0.949503
0.670912
0.27208
0.658885
0.808414
0.922062
0.597728
0.276593
0.884883
0.957225
0.98364
0.823099
0.304802
0.865125
0.876216
0.452838
0.452838
0.452838
0.452838
0.452838
0.452838
0.452838
0.452838
0.452838
0.452838
0.452838
0.452838
0.452838
0.452838
0.452838
0.452838
0.452838
0.452838
0.452838
0.452838
0.452838
0.452838
0.452838
0.452838
0.452838
0.452838
0.452838
0.452838
0.452838
0.452838
0.452838
0.452838
0.452838
0.452838
0.452838
0.452838
0.452838
0.452838
0.452838
0.452838
0.452838
0.452838
0.452838
0.452838
0.452838
0.452838
0.452838
0.452838
0.452838
0.452838
0.452838
0.452838
0.452838
0.452838
0.452838
0.452838
0.452839
0.45284
0.452897
0.519537
0.0526974
0.0167988
0.467889
0.0542225
0.0472865
0.0406917
0.772532
0.118259
0.160138
0.05335
0.999947
0.998054
0.933154
0.173321
0.184654
0.0867236
0.154873
0.906001
0.985566
0.875292
0.424956
0.890298
0.309145
0.366339
0.946521
0.989057
0.965326
0.945171
0.960395
0.176292
0.866418
0.671548
0.818594
0.273119
0.221878
0.00537684
0.452838
0.452838
0.452838
0.452838
0.452838
0.452838
0.452838
0.452838
0.452838
0.452838
0.452838
0.452838
0.452838
0.452838
0.452838
0.452838
0.452838
0.452838
0.452838
0.452838
0.452838
0.452838
0.452838
0.452838
0.452838
0.452838
0.452838
0.452838
0.452838
0.452838
0.452838
0.452838
0.452838
0.452838
0.452838
0.452838
0.452838
0.452838
0.452838
0.452838
0.452838
0.452838
0.452838
0.452838
0.452838
0.452838
0.452838
0.452838
0.452838
0.452838
0.452838
0.452838
0.452838
0.452838
0.452839
0.452838
0.45284
0.452851
0.435471
0.541953
0.0374459
0.000597843
0.013532
0.0186492
0.00567185
0.00341284
0.00457563
0.0110969
0.0307821
0.118573
0.0196776
0.0641072
0.0294777
0.00914979
0.00627499
0.0222993
0.022451
0.0318603
0.0236667
0.118814
0.116026
0.801083
0.997812
0.0412862
0.999941
0.754821
0.129824
0.976166
0.861014
0.302288
0.495637
0.363576
0.00546266
0.0249599
0.00347341
1.49974e-05
0.452838
0.452838
0.452838
0.452838
0.452838
0.452838
0.452838
0.452838
0.452838
0.452838
0.452838
0.452838
0.452838
0.452838
0.452838
0.452838
0.452838
0.452838
0.452838
0.452838
0.452838
0.452838
0.452838
0.452838
0.452838
0.452838
0.452838
0.452838
0.452838
0.452838
0.452838
0.452838
0.452838
0.452838
0.452838
0.452838
0.452838
0.452838
0.452838
0.452838
0.452838
0.452838
0.452838
0.452838
0.452838
0.452838
0.452838
0.452838
0.452838
0.452838
0.452838
0.452838
0.452838
0.452838
0.452838
0.452838
0.45284
0.45284
0.461419
0.503975
0.679909
0.999999
0.000290972
3.31115e-06
0.000250452
0.000753169
0.000646434
0.000845974
0.00121298
0.000982262
0.00483748
0.00126908
9.96117e-06
0.00030968
7.55766e-06
9.25525e-06
1.11781e-05
4.85049e-05
0.000448526
0.00102208
0.000832587
0.000631638
0.00112141
0.00364661
0.588206
0.00494411
0.000488405
0.000346833
0.000825124
0.000416515
3.21237e-05
7.25974e-06
8.00109e-06
0.00410979
0.00154828
0.000187103
0.452838
0.452838
0.452838
0.452838
0.452838
0.452838
0.452838
0.452838
0.452838
0.452838
0.452838
0.452838
0.452838
0.452838
0.452838
0.452838
0.452838
0.452838
0.452838
0.452838
0.452838
0.452838
0.452838
0.452838
0.452838
0.452838
0.452838
0.452838
0.452838
0.452838
0.452838
0.452838
0.452838
0.452838
0.452838
0.452838
0.452838
0.452838
0.452838
0.452838
0.452838
0.452838
0.452838
0.452838
0.452838
0.452838
0.452838
0.452838
0.452838
0.452838
0.452838
0.452838
0.452838
0.452838
0.452838
0.452838
0.452841
0.452844
0.452749
0.499223
0.556011
0.00364742
0.000169139
0.000218976
0.00133741
0.000515691
0.00278797
0.0275312
0.00272913
0.00240984
0.00310477
0.00307951
0.00167797
0.00101056
0.00198992
0.00683254
0.00025738
0.000493499
0.00519444
0.00148955
0.000996359
0.00489637
0.00105904
0.000577312
0.000510515
0.00462297
0.00100371
0.000963981
0.000379109
9.24161e-05
8.87999e-05
0.000119423
0.00196883
0.00186114
0.0015205
0.000119813
0.452838
0.452838
0.452838
0.452838
0.452838
0.452838
0.452838
0.452838
0.452838
0.452838
0.452838
0.452838
0.452838
0.452838
0.452838
0.452838
0.452838
0.452838
0.452838
0.452838
0.452838
0.452838
0.452838
0.452838
0.452838
0.452838
0.452838
0.452838
0.452838
0.452838
0.452838
0.452838
0.452838
0.452838
0.452838
0.452838
0.452838
0.452838
0.452838
0.452838
0.452838
0.452838
0.452838
0.452838
0.452838
0.452838
0.452838
0.452838
0.452838
0.452838
0.452838
0.452838
0.452838
0.452838
0.452838
0.452838
0.452842
0.452749
0.455154
0.507859
0.540166
2.46778e-05
0.00123256
0.000115479
0.0006158
0.000440295
0.000872313
0.00220278
0.0161
0.00363397
0.00315354
0.00826331
0.0196322
0.00514219
0.00212888
0.00141726
0.00165751
0.00714534
0.0021298
0.00187895
0.00119069
0.0042464
0.00547444
0.00634661
0.00456871
0.00103891
0.000686403
0.000873951
0.000971456
0.00116603
0.00237496
0.0124606
0.00374829
0.00234442
0.00168154
0.000120171
0.452838
0.452838
0.452838
0.452838
0.452838
0.452838
0.452838
0.452838
0.452838
0.452838
0.452838
0.452838
0.452838
0.452838
0.452838
0.452838
0.452838
0.452838
0.452838
0.452838
0.452838
0.452838
0.452838
0.452838
0.452838
0.452838
0.452838
0.452838
0.452838
0.452838
0.452838
0.452838
0.452838
0.452838
0.452838
0.452838
0.452838
0.452838
0.452838
0.452838
0.452838
0.452838
0.452838
0.452838
0.452838
0.452838
0.452838
0.452838
0.452838
0.452838
0.452838
0.452838
0.452838
0.452838
0.452838
0.452839
0.452842
0.453438
0.489582
0.471749
0.659014
4.2973e-06
0.000267754
0.000143282
0.00042853
0.00152743
0.00134591
0.00496069
0.0589475
0.0149195
0.00559016
0.00585244
0.00842711
0.0538367
0.00869481
0.00595788
0.00320462
0.0141962
0.00159325
0.0225707
0.00156315
0.0474751
0.00501432
0.00515331
0.00417303
0.0010653
0.000921376
0.00117875
0.00202811
0.00220575
0.00187052
0.00154482
0.0012205
0.00137643
0.000786236
0.000109183
0.452838
0.452838
0.452838
0.452838
0.452838
0.452838
0.452838
0.452838
0.452838
0.452838
0.452838
0.452838
0.452838
0.452838
0.452838
0.452838
0.452838
0.452838
0.452838
0.452838
0.452838
0.452838
0.452838
0.452838
0.452838
0.452838
0.452838
0.452838
0.452838
0.452838
0.452838
0.452838
0.452838
0.452838
0.452838
0.452838
0.452838
0.452838
0.452838
0.452838
0.452838
0.452838
0.452838
0.452838
0.452838
0.452838
0.452838
0.452838
0.452838
0.452838
0.452838
0.452838
0.452838
0.452838
0.452838
0.452839
0.452841
0.452945
0.457044
0.553472
0.159715
0.00598945
2.78098e-06
0.000288571
0.00102169
0.00155152
0.0184
0.0119635
0.104312
0.0226652
0.0447657
0.024169
0.0051935
0.0030458
0.00381654
0.0261707
0.00241575
0.00237285
0.0118536
0.00224418
0.00152074
0.157105
0.00552361
0.0615576
0.00466706
0.00166252
0.00191043
0.00228518
0.0040417
0.00708176
0.00312071
0.00212996
0.00318936
0.00281885
0.000703738
0.000108201
0.452838
0.452838
0.452838
0.452838
0.452838
0.452838
0.452838
0.452838
0.452838
0.452838
0.452838
0.452838
0.452838
0.452838
0.452838
0.452838
0.452838
0.452838
0.452838
0.452838
0.452838
0.452838
0.452838
0.452838
0.452838
0.452838
0.452838
0.452838
0.452838
0.452838
0.452838
0.452838
0.452838
0.452838
0.452838
0.452838
0.452838
0.452838
0.452838
0.452838
0.452838
0.452838
0.452838
0.452838
0.452838
0.452838
0.452838
0.452838
0.452838
0.452838
0.452838
0.452838
0.452838
0.452838
0.452839
0.452838
0.452839
0.452845
0.453133
0.565064
0.166224
0.00142035
6.48128e-06
0.00099164
0.00636907
0.0132004
0.0358904
0.0116986
0.00269193
0.0015817
0.00246573
0.0553871
0.00301233
0.00317303
0.00940846
0.00397068
0.00403763
0.00739291
0.0117333
0.0443182
0.283986
0.0268577
0.011021
0.00736576
0.00453139
0.00566507
0.0320594
0.00959856
0.00869014
0.0300688
0.0237908
0.00448881
0.00469163
0.00261354
0.00059013
0.000102951
0.452838
0.452838
0.452838
0.452838
0.452838
0.452838
0.452838
0.452838
0.452838
0.452838
0.452838
0.452838
0.452838
0.452838
0.452838
0.452838
0.452838
0.452838
0.452838
0.452838
0.452838
0.452838
0.452838
0.452838
0.452838
0.452838
0.452838
0.452838
0.452838
0.452838
0.452838
0.452838
0.452838
0.452838
0.452838
0.452838
0.452838
0.452838
0.452838
0.452838
0.452838
0.452838
0.452838
0.452838
0.452838
0.452838
0.452838
0.452838
0.452838
0.452838
0.452838
0.452838
0.452838
0.452838
0.452838
0.452838
0.452839
0.452839
0.454928
0.512324
0.168378
0.00364494
4.39489e-06
0.00012968
0.000643883
0.00100993
0.000143498
0.000194129
0.000279833
0.00162492
0.000932323
0.00102284
0.00107646
0.000549971
0.000304892
0.000258452
0.000352525
0.000584916
0.013146
0.000487471
0.000469681
0.00121669
0.00203712
0.00322725
0.00565299
0.0208815
0.00650162
0.0088661
0.00888516
0.0101946
0.00582587
0.0035915
0.0031272
0.00280727
0.00105789
0.000118145
0.452838
0.452838
0.452838
0.452838
0.452838
0.452838
0.452838
0.452838
0.452838
0.452838
0.452838
0.452838
0.452838
0.452838
0.452838
0.452838
0.452838
0.452838
0.452838
0.452838
0.452838
0.452838
0.452838
0.452838
0.452838
0.452838
0.452838
0.452838
0.452838
0.452838
0.452838
0.452838
0.452838
0.452838
0.452838
0.452838
0.452838
0.452838
0.452838
0.452838
0.452838
0.452838
0.452838
0.452838
0.452838
0.452838
0.452838
0.452838
0.452838
0.452838
0.452838
0.452838
0.452838
0.452838
0.452838
0.452838
0.45284
0.452783
0.45063
0.527448
0.0401982
0.000704467
0.0777393
0.00109817
0.00284626
0.0055816
0.00183261
0.00135312
0.00730705
0.00102419
0.00119924
0.000775149
0.000812636
0.000677219
0.000538214
0.00461278
9.5631e-05
1.88268e-05
0.000346138
3.23982e-05
1.82882e-05
8.26222e-06
0.00026398
0.000217082
0.000619022
0.0015427
0.00933907
0.156188
0.0166635
0.0519873
0.00761305
0.00204929
0.0171961
0.00275539
0.000660525
0.00011365
0.452838
0.452838
0.452838
0.452838
0.452838
0.452838
0.452838
0.452838
0.452838
0.452838
0.452838
0.452838
0.452838
0.452838
0.452838
0.452838
0.452838
0.452838
0.452838
0.452838
0.452838
0.452838
0.452838
0.452838
0.452838
0.452838
0.452838
0.452838
0.452838
0.452838
0.452838
0.452838
0.452838
0.452838
0.452838
0.452838
0.452838
0.452838
0.452838
0.452838
0.452838
0.452838
0.452838
0.452838
0.452838
0.452838
0.452838
0.452838
0.452838
0.452838
0.452838
0.452838
0.452838
0.452838
0.452839
0.452838
0.452839
0.45284
0.450643
0.521461
0.745646
0.0181155
0.0386096
0.129179
0.190048
0.832073
0.004149
0.0774233
0.250123
0.275506
0.110768
0.0278388
0.296374
0.0332349
0.109475
0.14842
0.444813
0.4274
0.183676
0.0316836
0.863243
0.0136345
0.997848
0.250853
8.39765e-06
5.4407e-06
7.45145e-05
0.00233532
0.00244785
0.00349897
0.00275066
0.00183536
0.00284794
0.135333
0.000717695
0.000113695
0.452838
0.452838
0.452838
0.452838
0.452838
0.452838
0.452838
0.452838
0.452838
0.452838
0.452838
0.452838
0.452838
0.452838
0.452838
0.452838
0.452838
0.452838
0.452838
0.452838
0.452838
0.452838
0.452838
0.452838
0.452838
0.452838
0.452838
0.452838
0.452838
0.452838
0.452838
0.452838
0.452838
0.452838
0.452838
0.452838
0.452838
0.452838
0.452838
0.452838
0.452838
0.452838
0.452838
0.452838
0.452838
0.452838
0.452838
0.452838
0.452838
0.452838
0.452838
0.452838
0.452838
0.452838
0.452839
0.452838
0.452839
0.452838
0.451493
0.514337
0.978152
0.0621625
0.221187
0.096358
0.0416716
0.029397
0.293466
0.877517
0.765242
0.766302
0.0736897
0.161123
0.506
0.945798
0.133807
0.403376
0.915206
0.0495262
0.255779
0.0440186
0.897793
0.999787
0.981781
0.466655
0.00965636
0.000419558
1.65096e-05
3.9303e-06
8.23684e-05
0.00297036
0.0591152
0.00407736
0.0078726
0.00468132
0.000697856
0.000113507
0.452838
0.452838
0.452838
0.452838
0.452838
0.452838
0.452838
0.452838
0.452838
0.452838
0.452838
0.452838
0.452838
0.452838
0.452838
0.452838
0.452838
0.452838
0.452838
0.452838
0.452838
0.452838
0.452838
0.452838
0.452838
0.452838
0.452838
0.452838
0.452838
0.452838
0.452838
0.452838
0.452838
0.452838
0.452838
0.452838
0.452838
0.452838
0.452838
0.452838
0.452838
0.452838
0.452838
0.452838
0.452838
0.452838
0.452838
0.452838
0.452838
0.452838
0.452838
0.452838
0.452838
0.452838
0.452839
0.452838
0.45284
0.45283
0.421986
0.519206
0.937202
0.850113
0.138554
0.118142
0.137846
0.192799
0.954912
0.575165
0.49976
0.2981
0.402425
0.997483
0.896825
0.0508114
0.224739
0.918665
0.998575
0.557927
0.997557
0.37497
0.940055
0.951147
0.355228
0.0612156
0.988253
0.0775642
0.114378
0.0561162
1.46568e-05
2.80506e-06
0.000208684
0.000193348
0.000185721
0.000185808
0.000275318
0.000116621
0.452838
0.452838
0.452838
0.452838
0.452838
0.452838
0.452838
0.452838
0.452838
0.452838
0.452838
0.452838
0.452838
0.452838
0.452838
0.452838
0.452838
0.452838
0.452838
0.452838
0.452838
0.452838
0.452838
0.452838
0.452838
0.452838
0.452838
0.452838
0.452838
0.452838
0.452838
0.452838
0.452838
0.452838
0.452838
0.452838
0.452838
0.452838
0.452838
0.452838
0.452838
0.452838
0.452838
0.452838
0.452838
0.452838
0.452838
0.452838
0.452838
0.452838
0.452838
0.452838
0.452838
0.452838
0.452839
0.452838
0.45284
0.452834
0.452498
0.525768
0.0765039
0.00297
0.8111
0.29096
0.522721
0.108021
0.170359
0.946798
1
0.406868
0.961334
0.965048
0.195218
0.386259
0.271986
0.55589
0.685216
0.999995
0.982303
0.757285
0.998366
0.82384
0.331812
0.2836
0.0780065
0.147987
0.719338
0.549838
0.970348
0.00806256
0.0101252
0.0113906
0.0150902
0.998616
0.999617
0.999999
0.452838
0.452838
0.452838
0.452838
0.452838
0.452838
0.452838
0.452838
0.452838
0.452838
0.452838
0.452838
0.452838
0.452838
0.452838
0.452838
0.452838
0.452838
0.452838
0.452838
0.452838
0.452838
0.452838
0.452838
0.452838
0.452838
0.452838
0.452838
0.452838
0.452838
0.452838
0.452838
0.452838
0.452838
0.452838
0.452838
0.452838
0.452838
0.452838
0.452838
0.452838
0.452838
0.452838
0.452838
0.452838
0.452838
0.452838
0.452838
0.452838
0.452838
0.452838
0.452838
0.452838
0.452838
0.452838
0.452838
0.452841
0.452847
0.434705
0.558687
0.971541
0.712326
0.28977
0.141576
0.879403
0.804671
0.894368
0.772154
0.999975
0.378076
0.522125
0.961503
0.399415
0.995212
0.167335
0.536935
0.00198258
0.686458
0.529538
0.999599
0.357701
0.781023
0.83056
0.883953
0.865638
0.277032
0.951027
0.881173
0.888311
0.164362
0.809821
0.642086
0.862301
0.943473
0.0188211
0.000787238
0.452838
0.452838
0.452838
0.452838
0.452838
0.452838
0.452838
0.452838
0.452838
0.452838
0.452838
0.452838
0.452838
0.452838
0.452838
0.452838
0.452838
0.452838
0.452838
0.452838
0.452838
0.452838
0.452838
0.452838
0.452838
0.452838
0.452838
0.452838
0.452838
0.452838
0.452838
0.452838
0.452838
0.452838
0.452838
0.452838
0.452838
0.452838
0.452838
0.452838
0.452838
0.452838
0.452838
0.452838
0.452838
0.452838
0.452838
0.452838
0.452838
0.452838
0.452838
0.452838
0.452838
0.452838
0.452838
0.452838
0.45284
0.452838
0.426782
0.510978
0.108502
0.807802
0.00143537
0.995823
0.962687
0.775043
0.288239
0.968088
0.818463
0.0694797
0.134545
0.0247209
0.11492
0.0727021
0.0764543
0.00718081
0.951024
0.00614502
0.0071159
0.97502
0.0058434
0.0288614
0.559363
0.10143
0.957588
0.581225
0.811646
0.540846
0.115037
0.144148
0.897333
0.842241
0.977746
0.784337
0.0161263
0.000192559
0.452838
0.452838
0.452838
0.452838
0.452838
0.452838
0.452838
0.452838
0.452838
0.452838
0.452838
0.452838
0.452838
0.452838
0.452838
0.452838
0.452838
0.452838
0.452838
0.452838
0.452838
0.452838
0.452838
0.452838
0.452838
0.452838
0.452838
0.452838
0.452838
0.452838
0.452838
0.452838
0.452838
0.452838
0.452838
0.452838
0.452838
0.452838
0.452838
0.452838
0.452838
0.452838
0.452838
0.452838
0.452838
0.452838
0.452838
0.452838
0.452838
0.452838
0.452838
0.452838
0.452838
0.452838
0.452838
0.452838
0.45284
0.452842
0.452726
0.514852
0.0632951
0.0193971
0.98859
0.0460531
0.0970463
0.265527
0.0109751
0.0126561
0.0359766
0.0419831
0.0169156
0.0195909
0.0261692
0.979109
0.966848
0.870782
0.0494683
0.998241
0.00818907
0.626593
0.0279141
0.0280291
0.0250376
0.14447
0.0276161
0.276787
0.842864
0.233104
0.0626833
0.0579577
0.985016
0.00332672
0.997354
0.00046737
0.000459851
1.91325e-05
0.452838
0.452838
0.452838
0.452838
0.452838
0.452838
0.452838
0.452838
0.452838
0.452838
0.452838
0.452838
0.452838
0.452838
0.452838
0.452838
0.452838
0.452838
0.452838
0.452838
0.452838
0.452838
0.452838
0.452838
0.452838
0.452838
0.452838
0.452838
0.452838
0.452838
0.452838
0.452838
0.452838
0.452838
0.452838
0.452838
0.452838
0.452838
0.452838
0.452838
0.452838
0.452838
0.452838
0.452838
0.452838
0.452838
0.452838
0.452838
0.452838
0.452838
0.452838
0.452838
0.452838
0.452838
0.452838
0.452838
0.452839
0.452862
0.449982
0.548317
0.0512893
0.0010118
0.00175685
0.00911055
0.0222652
0.00292964
0.00907381
0.00210193
0.00356555
0.0269663
0.00765647
0.00292236
0.0014655
0.00106803
0.00104655
0.00101039
0.00122721
0.00166552
0.00590116
0.00399142
0.0665855
0.00278514
0.00120573
0.00348925
0.00849813
0.00707668
0.00684178
0.000222004
2.61389e-05
1.93802e-05
1.78245e-05
1.05252e-05
7.67549e-06
0.000287125
0.000118508
4.56788e-05
0.452838
0.452838
0.452838
0.452838
0.452838
0.452838
0.452838
0.452838
0.452838
0.452838
0.452838
0.452838
0.452838
0.452838
0.452838
0.452838
0.452838
0.452838
0.452838
0.452838
0.452838
0.452838
0.452838
0.452838
0.452838
0.452838
0.452838
0.452838
0.452838
0.452838
0.452838
0.452838
0.452838
0.452838
0.452838
0.452838
0.452838
0.452838
0.452838
0.452838
0.452838
0.452838
0.452838
0.452838
0.452838
0.452838
0.452838
0.452838
0.452838
0.452838
0.452838
0.452838
0.452838
0.452838
0.452838
0.452839
0.45284
0.452903
0.459359
0.519367
0.255266
5.82259e-05
1.55399e-05
3.88293e-05
8.14382e-06
7.86143e-06
0.000522982
0.000374977
0.000825396
0.0006056
0.000286872
0.000177371
0.000188154
0.000271714
0.000145178
0.000122766
0.000173669
0.000147403
0.000193273
0.000306865
0.00168041
0.0207878
0.000462677
0.000360435
0.0139672
0.000477333
0.000792365
0.000145522
0.000314276
0.00109717
0.00027666
0.000326182
0.000982092
0.0011183
0.000582856
0.000110566
0.452838
0.452838
0.452838
0.452838
0.452838
0.452838
0.452838
0.452838
0.452838
0.452838
0.452838
0.452838
0.452838
0.452838
0.452838
0.452838
0.452838
0.452838
0.452838
0.452838
0.452838
0.452838
0.452838
0.452838
0.452838
0.452838
0.452838
0.452838
0.452838
0.452838
0.452838
0.452838
0.452838
0.452838
0.452838
0.452838
0.452838
0.452838
0.452838
0.452838
0.452838
0.452838
0.452838
0.452838
0.452838
0.452838
0.452838
0.452838
0.452838
0.452838
0.452838
0.452838
0.452838
0.452838
0.452838
0.452839
0.45284
0.452851
0.452291
0.518836
0.678587
2.34106e-05
4.93916e-05
0.000782208
0.000392567
0.00119686
0.0114859
0.106948
0.00214564
0.00107332
0.00112385
0.0026946
0.00355161
0.00252036
0.00385665
0.0114629
0.0871467
0.00544944
0.00263725
0.00599479
0.00717495
0.00434495
0.0036082
0.00692168
0.00956277
0.00529118
0.00116952
0.000492394
0.000703339
0.00218127
0.000697543
0.00191446
0.00364008
0.00353487
0.00120865
0.000120915
0.452838
0.452838
0.452838
0.452838
0.452838
0.452838
0.452838
0.452838
0.452838
0.452838
0.452838
0.452838
0.452838
0.452838
0.452838
0.452838
0.452838
0.452838
0.452838
0.452838
0.452838
0.452838
0.452838
0.452838
0.452838
0.452838
0.452838
0.452838
0.452838
0.452838
0.452838
0.452838
0.452838
0.452838
0.452838
0.452838
0.452838
0.452838
0.452838
0.452838
0.452838
0.452838
0.452838
0.452838
0.452838
0.452838
0.452838
0.452838
0.452838
0.452838
0.452838
0.452838
0.452838
0.452838
0.452838
0.452838
0.452843
0.452795
0.454503
0.47762
0.389578
0.000336543
2.58041e-06
0.000208938
0.00377233
0.000567923
0.00198944
0.00790339
0.0120248
0.00215633
0.00185984
0.00660257
0.00902693
0.00878914
0.00621686
0.00240361
0.00258222
0.00486324
0.00222805
0.00298967
0.00414328
0.00205444
0.0017926
0.00672645
0.0077112
0.00159075
0.00108054
0.000685732
0.000670957
0.00144273
0.0195768
0.002617
0.00340943
0.00342107
0.00112865
0.000106366
0.452838
0.452838
0.452838
0.452838
0.452838
0.452838
0.452838
0.452838
0.452838
0.452838
0.452838
0.452838
0.452838
0.452838
0.452838
0.452838
0.452838
0.452838
0.452838
0.452838
0.452838
0.452838
0.452838
0.452838
0.452838
0.452838
0.452838
0.452838
0.452838
0.452838
0.452838
0.452838
0.452838
0.452838
0.452838
0.452838
0.452838
0.452838
0.452838
0.452838
0.452838
0.452838
0.452838
0.452838
0.452838
0.452838
0.452838
0.452838
0.452838
0.452838
0.452838
0.452838
0.452838
0.452838
0.452838
0.452839
0.452844
0.452961
0.535966
0.52784
0.115893
0.00171794
2.52582e-06
0.000302234
0.000899985
0.00101339
0.00121307
0.00312356
0.0104057
0.00506336
0.00287987
0.00166585
0.00179423
0.00317514
0.00974621
0.00605492
0.00226454
0.00223518
0.00218646
0.00263212
0.00419288
0.00245375
0.0033357
0.00727704
0.00557919
0.00144659
0.00108582
0.00150533
0.00224868
0.00161302
0.000782465
0.000650561
0.00263559
0.00303303
0.00233417
0.000122468
0.452838
0.452838
0.452838
0.452838
0.452838
0.452838
0.452838
0.452838
0.452838
0.452838
0.452838
0.452838
0.452838
0.452838
0.452838
0.452838
0.452838
0.452838
0.452838
0.452838
0.452838
0.452838
0.452838
0.452838
0.452838
0.452838
0.452838
0.452838
0.452838
0.452838
0.452838
0.452838
0.452838
0.452838
0.452838
0.452838
0.452838
0.452838
0.452838
0.452838
0.452838
0.452838
0.452838
0.452838
0.452838
0.452838
0.452838
0.452838
0.452838
0.452838
0.452838
0.452838
0.452838
0.452838
0.452838
0.452839
0.452843
0.454038
0.454864
0.518522
0.188826
0.994067
3.3137e-06
0.000412859
0.00362011
0.0177602
0.00095246
0.000992999
0.00136321
0.00207428
0.00885079
0.012216
0.00892839
0.00598362
0.0109001
0.0300113
0.00493504
0.00343596
0.00177865
0.00241176
0.00404629
0.00144594
0.00210686
0.0184001
0.00291708
0.0016325
0.00182048
0.00574709
0.00248516
0.146984
0.0143632
0.0056847
0.00952675
0.00147907
0.000626755
0.000108628
0.452838
0.452838
0.452838
0.452838
0.452838
0.452838
0.452838
0.452838
0.452838
0.452838
0.452838
0.452838
0.452838
0.452838
0.452838
0.452838
0.452838
0.452838
0.452838
0.452838
0.452838
0.452838
0.452838
0.452838
0.452838
0.452838
0.452838
0.452838
0.452838
0.452838
0.452838
0.452838
0.452838
0.452838
0.452838
0.452838
0.452838
0.452838
0.452838
0.452838
0.452838
0.452838
0.452838
0.452838
0.452838
0.452838
0.452838
0.452838
0.452838
0.452838
0.452838
0.452838
0.452838
0.452838
0.452838
0.452838
0.452839
0.452839
0.470421
0.558824
0.106294
0.0017143
6.78832e-06
0.000700716
0.000924524
0.0029565
0.00868553
0.0109442
0.011147
0.0213869
0.00751441
0.00360923
0.005762
0.00310064
0.00156825
0.00233473
0.00747208
0.00445439
0.00669141
0.05193
0.00718643
0.0054387
0.00598089
0.0386034
0.00487349
0.00686255
0.0356767
0.0328085
0.0079005
0.00472086
0.0238059
0.00287551
0.00708943
0.00239044
0.000770198
0.00010192
0.452838
0.452838
0.452838
0.452838
0.452838
0.452838
0.452838
0.452838
0.452838
0.452838
0.452838
0.452838
0.452838
0.452838
0.452838
0.452838
0.452838
0.452838
0.452838
0.452838
0.452838
0.452838
0.452838
0.452838
0.452838
0.452838
0.452838
0.452838
0.452838
0.452838
0.452838
0.452838
0.452838
0.452838
0.452838
0.452838
0.452838
0.452838
0.452838
0.452838
0.452838
0.452838
0.452838
0.452838
0.452838
0.452838
0.452838
0.452838
0.452838
0.452838
0.452838
0.452838
0.452838
0.452838
0.452838
0.452838
0.452839
0.453301
0.482
0.496701
0.20508
0.0051916
7.18558e-06
1.3006e-05
0.00692894
0.0354034
0.0218667
0.00664674
0.00717431
0.00714663
0.00509061
0.00307467
0.00522559
0.0051525
0.00256879
0.0209313
0.00705593
0.00521685
0.00318217
0.00208588
0.0014747
0.00133509
0.00192981
0.00535578
0.0194806
0.0103009
0.00348409
0.00466329
0.00271879
0.00274566
0.0134825
0.00383605
0.00203613
0.002887
0.00191558
0.000117382
0.452838
0.452838
0.452838
0.452838
0.452838
0.452838
0.452838
0.452838
0.452838
0.452838
0.452838
0.452838
0.452838
0.452838
0.452838
0.452838
0.452838
0.452838
0.452838
0.452838
0.452838
0.452838
0.452838
0.452838
0.452838
0.452838
0.452838
0.452838
0.452838
0.452838
0.452838
0.452838
0.452838
0.452838
0.452838
0.452838
0.452838
0.452838
0.452838
0.452838
0.452838
0.452838
0.452838
0.452838
0.452838
0.452838
0.452838
0.452838
0.452838
0.452838
0.452838
0.452838
0.452838
0.452838
0.452838
0.452838
0.452839
0.452845
0.452606
0.518138
0.162618
0.000903085
4.82409e-06
0.000134048
0.000154867
0.000286581
0.000296233
0.000219774
0.000172109
0.000632058
0.000436345
0.000458687
0.000449045
0.00053194
0.003756
0.00102402
0.00321969
0.00408635
0.00158206
0.00223803
0.00223899
0.0838585
0.00503638
0.00530805
0.00241912
0.00201817
0.00177227
0.00309945
0.00177294
0.00190543
0.00356508
0.0073059
0.00400499
0.00229881
0.000719705
0.00010866
0.452838
0.452838
0.452838
0.452838
0.452838
0.452838
0.452838
0.452838
0.452838
0.452838
0.452838
0.452838
0.452838
0.452838
0.452838
0.452838
0.452838
0.452838
0.452838
0.452838
0.452838
0.452838
0.452838
0.452838
0.452838
0.452838
0.452838
0.452838
0.452838
0.452838
0.452838
0.452838
0.452838
0.452838
0.452838
0.452838
0.452838
0.452838
0.452838
0.452838
0.452838
0.452838
0.452838
0.452838
0.452838
0.452838
0.452838
0.452838
0.452838
0.452838
0.452838
0.452838
0.452838
0.452838
0.452839
0.452838
0.452839
0.45269
0.504096
0.455327
0.511886
0.00535306
0.00038099
0.000957512
0.000395425
0.00023613
0.000211839
5.69658e-05
7.56694e-06
5.24736e-06
0.000299172
0.000359691
0.000261061
0.000341235
0.000886999
0.000628212
0.00155542
0.00182774
0.0087375
0.000895173
0.00079305
0.000425485
0.000241123
0.000177126
0.000213113
0.00533459
0.0271726
0.0037197
0.00226347
0.00167935
0.00161847
0.0014728
0.00297489
0.00861291
0.000690247
0.000109673
0.452838
0.452838
0.452838
0.452838
0.452838
0.452838
0.452838
0.452838
0.452838
0.452838
0.452838
0.452838
0.452838
0.452838
0.452838
0.452838
0.452838
0.452838
0.452838
0.452838
0.452838
0.452838
0.452838
0.452838
0.452838
0.452838
0.452838
0.452838
0.452838
0.452838
0.452838
0.452838
0.452838
0.452838
0.452838
0.452838
0.452838
0.452838
0.452838
0.452838
0.452838
0.452838
0.452838
0.452838
0.452838
0.452838
0.452838
0.452838
0.452838
0.452838
0.452838
0.452838
0.452838
0.452838
0.452838
0.452838
0.452839
0.452829
0.453081
0.520094
0.114657
0.0031621
0.00215967
0.00246135
0.0023885
0.00258543
0.000404698
0.000117181
0.000703236
0.000131628
0.000139235
8.17094e-05
1.93701e-05
8.59777e-06
0.000786589
8.91663e-06
0.000404626
1.18786e-05
9.39073e-05
0.000136488
0.000571991
0.00139082
0.000389994
0.000160175
0.000208015
0.000382837
0.000510295
0.0317765
0.0179747
0.00388649
0.00412844
0.00286563
0.0109113
0.00241754
0.00070739
0.000110382
0.452838
0.452838
0.452838
0.452838
0.452838
0.452838
0.452838
0.452838
0.452838
0.452838
0.452838
0.452838
0.452838
0.452838
0.452838
0.452838
0.452838
0.452838
0.452838
0.452838
0.452838
0.452838
0.452838
0.452838
0.452838
0.452838
0.452838
0.452838
0.452838
0.452838
0.452838
0.452838
0.452838
0.452838
0.452838
0.452838
0.452838
0.452838
0.452838
0.452838
0.452838
0.452838
0.452838
0.452838
0.452838
0.452838
0.452838
0.452838
0.452838
0.452838
0.452838
0.452838
0.452838
0.452838
0.452839
0.452838
0.452838
0.452778
0.45747
0.483954
0.932569
0.0100816
0.000838956
0.000667866
0.00160662
0.000242398
0.00416046
0.000188746
0.000311935
7.68714e-05
8.91722e-06
4.80647e-06
0.00117468
0.00505924
3.98009e-06
2.09593e-05
0.00017588
0.00108994
0.000945642
9.89769e-05
2.49731e-05
1.01276e-05
6.05263e-06
0.000181947
0.000150338
0.000132304
0.000222987
0.00176387
0.000473157
0.00304728
0.00516171
0.0148486
0.00397472
0.00259658
0.000752325
0.0001096
0.452838
0.452838
0.452838
0.452838
0.452838
0.452838
0.452838
0.452838
0.452838
0.452838
0.452838
0.452838
0.452838
0.452838
0.452838
0.452838
0.452838
0.452838
0.452838
0.452838
0.452838
0.452838
0.452838
0.452838
0.452838
0.452838
0.452838
0.452838
0.452838
0.452838
0.452838
0.452838
0.452838
0.452838
0.452838
0.452838
0.452838
0.452838
0.452838
0.452838
0.452838
0.452838
0.452838
0.452838
0.452838
0.452838
0.452838
0.452838
0.452838
0.452838
0.452838
0.452838
0.452838
0.452838
0.452839
0.452838
0.452846
0.453856
0.422487
0.518248
0.572934
0.00423868
0.00235425
0.000611315
0.00195528
0.00202449
0.00390937
0.00297212
0.00170068
0.000584362
0.000537859
0.00135632
0.00817196
0.00326525
0.00112785
0.00107886
0.00144928
0.00221008
0.000513093
0.000116494
1.38801e-05
7.91988e-06
0.000182414
0.000227069
0.000179717
0.999658
0.999893
7.61064e-05
0.000314798
0.00108168
0.000641344
0.000447347
0.000367776
0.000567394
0.000225568
0.000112899
0.452838
0.452838
0.452838
0.452838
0.452838
0.452838
0.452838
0.452838
0.452838
0.452838
0.452838
0.452838
0.452838
0.452838
0.452838
0.452838
0.452838
0.452838
0.452838
0.452838
0.452838
0.452838
0.452838
0.452838
0.452838
0.452838
0.452838
0.452838
0.452838
0.452838
0.452838
0.452838
0.452838
0.452838
0.452838
0.452838
0.452838
0.452838
0.452838
0.452838
0.452838
0.452838
0.452838
0.452838
0.452838
0.452838
0.452838
0.452838
0.452838
0.452838
0.452838
0.452838
0.452838
0.452838
0.452839
0.452838
0.45284
0.45288
0.498203
0.483843
0.395504
0.00289047
0.000173604
1.08374e-05
4.46411e-06
0.000626459
0.999952
0.237083
0.99992
0.999674
0.000828864
0.000347439
0.000188263
2.72056e-05
0.000393636
0.00222108
0.997183
0.999956
6.51494e-05
0.29139
0.00231801
0.999946
0.0102889
0.00090702
0.999524
0.999906
0.999935
0.999645
0.414255
1
0.00845395
0.000278103
4.91044e-05
2.37755e-06
3.42751e-05
0.000148121
0.452838
0.452838
0.452838
0.452838
0.452838
0.452838
0.452838
0.452838
0.452838
0.452838
0.452838
0.452838
0.452838
0.452838
0.452838
0.452838
0.452838
0.452838
0.452838
0.452838
0.452838
0.452838
0.452838
0.452838
0.452838
0.452838
0.452838
0.452838
0.452838
0.452838
0.452838
0.452838
0.452838
0.452838
0.452838
0.452838
0.452838
0.452838
0.452838
0.452838
0.452838
0.452838
0.452838
0.452838
0.452838
0.452838
0.452838
0.452838
0.452838
0.452838
0.452838
0.452838
0.452838
0.452838
0.452839
0.452838
0.452839
0.452834
0.47468
0.49332
0.575972
0.0101804
0.000681141
0.00167261
0.000418623
0.00020054
2.36666e-05
5.13688e-06
0.000569635
0.000497098
1.2883e-05
8.85079e-06
3.05224e-05
1.05975e-05
7.26335e-06
7.82845e-06
1.48003e-05
0.00015363
0.000349636
0.000500229
0.00123841
0.00194922
0.00642535
0.001303
0.000708389
0.000542769
0.000555612
0.000502887
0.00232479
0.00109164
0.000472457
7.05104e-05
5.76027e-05
2.655e-06
2.83347e-05
2.16156e-05
0.452838
0.452838
0.452838
0.452838
0.452838
0.452838
0.452838
0.452838
0.452838
0.452838
0.452838
0.452838
0.452838
0.452838
0.452838
0.452838
0.452838
0.452838
0.452838
0.452838
0.452838
0.452838
0.452838
0.452838
0.452838
0.452838
0.452838
0.452838
0.452838
0.452838
0.452838
0.452838
0.452838
0.452838
0.452838
0.452838
0.452838
0.452838
0.452838
0.452838
0.452838
0.452838
0.452838
0.452838
0.452838
0.452838
0.452838
0.452838
0.452838
0.452838
0.452838
0.452838
0.452838
0.452838
0.452838
0.452838
0.452839
0.452828
0.45128
0.550482
0.066673
0.927507
0.000273018
0.000579068
4.60299e-05
1.07595e-05
7.27789e-06
0.00115306
0.00174753
0.00154611
0.00053171
0.000538581
0.000362107
0.000468474
0.00274058
0.000482038
0.00177474
0.000222766
0.000134949
0.000142663
0.000188799
0.00022268
0.000149199
0.000120707
0.000147672
0.000179399
0.000597901
4.83996e-06
0.000171621
1.25326e-05
8.59503e-05
0.000149402
0.00049431
7.12348e-05
8.96503e-05
5.52379e-05
0.452838
0.452838
0.452838
0.452838
0.452838
0.452838
0.452838
0.452838
0.452838
0.452838
0.452838
0.452838
0.452838
0.452838
0.452838
0.452838
0.452838
0.452838
0.452838
0.452838
0.452838
0.452838
0.452838
0.452838
0.452838
0.452838
0.452838
0.452838
0.452838
0.452838
0.452838
0.452838
0.452838
0.452838
0.452838
0.452838
0.452838
0.452838
0.452838
0.452838
0.452838
0.452838
0.452838
0.452838
0.452838
0.452838
0.452838
0.452838
0.452838
0.452838
0.452838
0.452838
0.452838
0.452838
0.452838
0.452838
0.45284
0.452601
0.437418
0.444067
0.78178
0.00114385
6.19231e-06
0.000182043
0.000225836
0.000277352
0.000724719
0.000416341
0.000415118
0.000404506
0.000595027
0.00134461
0.10735
0.00120048
0.000448779
0.000350233
0.000354382
0.000417251
0.000653835
0.00141403
0.000355325
0.000252921
0.000195581
0.000211785
0.000370264
0.00112971
0.00157405
0.000309263
0.000141491
0.000758678
0.000918517
0.00206267
0.00156995
0.00114007
0.000521008
8.7132e-05
0.452838
0.452838
0.452838
0.452838
0.452838
0.452838
0.452838
0.452838
0.452838
0.452838
0.452838
0.452838
0.452838
0.452838
0.452838
0.452838
0.452838
0.452838
0.452838
0.452838
0.452838
0.452838
0.452838
0.452838
0.452838
0.452838
0.452838
0.452838
0.452838
0.452838
0.452838
0.452838
0.452838
0.452838
0.452838
0.452838
0.452838
0.452838
0.452838
0.452838
0.452838
0.452838
0.452838
0.452838
0.452838
0.452838
0.452838
0.452838
0.452838
0.452838
0.452838
0.452838
0.452838
0.452838
0.452838
0.452838
0.452841
0.452861
0.453655
0.503999
0.356422
0.00216671
3.19627e-06
0.000613256
0.000301461
0.00110313
0.00337967
0.0105876
0.109438
0.00521239
0.00207725
0.00292282
0.0650823
0.00699476
0.00498054
0.00174166
0.0018136
0.00504882
0.0150308
0.0563489
0.0152476
0.0212356
0.00619735
0.0419889
0.00785244
0.00564544
0.00160649
0.000447579
0.000339274
0.000918441
0.000465736
0.000727959
0.0271426
0.000912745
0.000339336
7.94338e-05
0.452838
0.452838
0.452838
0.452838
0.452838
0.452838
0.452838
0.452838
0.452838
0.452838
0.452838
0.452838
0.452838
0.452838
0.452838
0.452838
0.452838
0.452838
0.452838
0.452838
0.452838
0.452838
0.452838
0.452838
0.452838
0.452838
0.452838
0.452838
0.452838
0.452838
0.452838
0.452838
0.452838
0.452838
0.452838
0.452838
0.452838
0.452838
0.452838
0.452838
0.452838
0.452838
0.452838
0.452838
0.452838
0.452838
0.452838
0.452838
0.452838
0.452838
0.452838
0.452838
0.452838
0.452838
0.452838
0.452839
0.452844
0.453686
0.453753
0.51597
0.19598
0.000809229
2.54124e-06
0.000222931
0.00183308
0.00103881
0.00905157
0.0287199
0.0103754
0.00433483
0.00187483
0.00158136
0.0017709
0.00200266
0.00364592
0.0130638
0.00607038
0.0116047
0.00595521
0.0108785
0.04552
0.0248901
0.00969633
0.00765371
0.00489427
0.0110773
0.00166885
0.000419368
0.000284653
0.00142252
0.000524752
0.000580195
0.00219042
0.000857105
0.000329104
9.66385e-05
0.452838
0.452838
0.452838
0.452838
0.452838
0.452838
0.452838
0.452838
0.452838
0.452838
0.452838
0.452838
0.452838
0.452838
0.452838
0.452838
0.452838
0.452838
0.452838
0.452838
0.452838
0.452838
0.452838
0.452838
0.452838
0.452838
0.452838
0.452838
0.452838
0.452838
0.452838
0.452838
0.452838
0.452838
0.452838
0.452838
0.452838
0.452838
0.452838
0.452838
0.452838
0.452838
0.452838
0.452838
0.452838
0.452838
0.452838
0.452838
0.452838
0.452838
0.452838
0.452838
0.452838
0.452838
0.452838
0.452838
0.452842
0.452898
0.470873
0.506442
0.212388
0.00335032
3.54913e-06
0.000302358
0.00203829
0.000832121
0.00272366
0.193122
0.00336485
0.00188352
0.00268644
0.00463577
0.00832035
0.0619954
0.0387038
0.143181
0.0109464
0.00360606
0.00269775
0.00535953
0.0235742
0.00723909
0.00756355
0.00665069
0.00467105
0.00584531
0.000902887
0.000432804
0.000514265
0.00113234
0.00216085
0.000970328
0.00150135
0.00109117
0.000489514
0.000111186
0.452838
0.452838
0.452838
0.452838
0.452838
0.452838
0.452838
0.452838
0.452838
0.452838
0.452838
0.452838
0.452838
0.452838
0.452838
0.452838
0.452838
0.452838
0.452838
0.452838
0.452838
0.452838
0.452838
0.452838
0.452838
0.452838
0.452838
0.452838
0.452838
0.452838
0.452838
0.452838
0.452838
0.452838
0.452838
0.452838
0.452838
0.452838
0.452838
0.452838
0.452838
0.452838
0.452838
0.452838
0.452838
0.452838
0.452838
0.452838
0.452838
0.452838
0.452838
0.452838
0.452838
0.452838
0.452838
0.452839
0.452843
0.452946
0.47909
0.503216
0.208063
0.00193682
5.53987e-06
0.000807934
0.0195173
0.00332144
0.00230153
0.095539
0.00368552
0.00204356
0.00147802
0.00160194
0.00273507
0.00563361
0.0100576
0.0139532
0.0509664
0.00458715
0.00282815
0.00387838
0.0110604
0.00487433
0.962338
0.00939971
0.00298115
0.00273449
0.000870356
0.000949777
0.00126953
0.000739748
0.000558332
0.000710482
0.00331312
0.00538279
0.12671
0.000132091
0.452838
0.452838
0.452838
0.452838
0.452838
0.452838
0.452838
0.452838
0.452838
0.452838
0.452838
0.452838
0.452838
0.452838
0.452838
0.452838
0.452838
0.452838
0.452838
0.452838
0.452838
0.452838
0.452838
0.452838
0.452838
0.452838
0.452838
0.452838
0.452838
0.452838
0.452838
0.452838
0.452838
0.452838
0.452838
0.452838
0.452838
0.452838
0.452838
0.452838
0.452838
0.452838
0.452838
0.452838
0.452838
0.452838
0.452838
0.452838
0.452838
0.452838
0.452838
0.452838
0.452838
0.452838
0.452838
0.452839
0.452843
0.452846
0.458692
0.628445
0.923497
0.000468767
2.7358e-06
0.000314377
0.000863007
0.00567924
0.00258821
0.00259107
0.00309508
0.0619448
0.0935673
0.00573888
0.00602346
0.00918404
0.00681197
0.00775117
0.0147168
0.0266714
0.0101974
0.00713257
0.00297634
0.00273359
0.0214558
0.00458386
0.00579185
0.00180237
0.000992493
0.00503829
0.00640776
0.0103028
0.00168605
0.000714298
0.000727618
0.0010927
0.0161144
0.000121097
)
;

boundaryField
{
    outlet
    {
        type            zeroGradient;
    }
    inlet
    {
        type            fixedValue;
        value           uniform 0.45;
    }
    walls
    {
        type            zeroGradient;
    }
}


// ************************************************************************* //
