/*--------------------------------*- C++ -*----------------------------------*\
| =========                 |                                                 |
| \\      /  F ield         | OpenFOAM: The Open Source CFD Toolbox           |
|  \\    /   O peration     | Version:  2.3.0                                 |
|   \\  /    A nd           | Web:      www.OpenFOAM.org                      |
|    \\/     M anipulation  |                                                 |
\*---------------------------------------------------------------------------*/
FoamFile
{
    version     2.0;
    format      ascii;
    class       volScalarField;
    location    "43";
    object      w1;
}
// * * * * * * * * * * * * * * * * * * * * * * * * * * * * * * * * * * * * * //

dimensions      [0 0 0 0 0 0 0];

internalField   nonuniform List<scalar> 
6144
(
0.518788
0.518788
0.518788
0.518788
0.518788
0.518788
0.518788
0.518788
0.518788
0.518788
0.518788
0.518788
0.518788
0.518788
0.518788
0.518788
0.518788
0.518788
0.518788
0.518788
0.518788
0.518788
0.518788
0.518788
0.518788
0.518788
0.518788
0.518788
0.518788
0.518788
0.518788
0.518788
0.518788
0.518788
0.518788
0.518788
0.518788
0.518788
0.518788
0.518788
0.518788
0.518788
0.518788
0.518788
0.518788
0.518788
0.518788
0.518788
0.518788
0.518788
0.518788
0.518788
0.518788
0.518788
0.518788
0.518788
0.518787
0.518712
0.485837
0.482856
0.856234
0.999402
0.999996
0.999054
0.999304
0.995371
0.992322
0.960364
0.981016
0.975432
0.991034
0.993642
0.994206
0.995991
0.998272
0.998832
0.997579
0.995832
0.996109
0.986029
0.92208
0.887278
0.99473
0.997222
0.995495
0.9286
0.883673
0.969618
0.993957
0.993898
0.989899
0.820708
0.985581
0.992021
0.998884
0.999872
0.518788
0.518788
0.518788
0.518788
0.518788
0.518788
0.518788
0.518788
0.518788
0.518788
0.518788
0.518788
0.518788
0.518788
0.518788
0.518788
0.518788
0.518788
0.518788
0.518788
0.518788
0.518788
0.518788
0.518788
0.518788
0.518788
0.518788
0.518788
0.518788
0.518788
0.518788
0.518788
0.518788
0.518788
0.518788
0.518788
0.518788
0.518788
0.518788
0.518788
0.518788
0.518788
0.518788
0.518788
0.518788
0.518788
0.518788
0.518788
0.518788
0.518788
0.518788
0.518788
0.518788
0.518788
0.518788
0.518788
0.518783
0.517529
0.462204
0.487671
0.822212
0.999303
0.999996
0.999433
0.997076
0.998416
0.995425
0.98534
0.99306
0.9954
0.995724
0.996947
0.997096
0.994149
0.999034
0.99877
0.994499
0.998907
0.998757
0.996557
0.997373
0.999179
0.999277
0.998975
0.997421
0.983967
0.974453
0.995896
0.998315
0.998479
0.997129
0.996487
0.989103
0.996189
0.999309
0.999883
0.518788
0.518788
0.518788
0.518788
0.518788
0.518788
0.518788
0.518788
0.518788
0.518788
0.518788
0.518788
0.518788
0.518788
0.518788
0.518788
0.518788
0.518788
0.518788
0.518788
0.518788
0.518788
0.518788
0.518788
0.518788
0.518788
0.518788
0.518788
0.518788
0.518788
0.518788
0.518788
0.518788
0.518788
0.518788
0.518788
0.518788
0.518788
0.518788
0.518788
0.518788
0.518788
0.518788
0.518788
0.518788
0.518788
0.518788
0.518788
0.518788
0.518788
0.518788
0.518788
0.518788
0.518788
0.518788
0.518788
0.518788
0.51877
0.495493
0.579187
0.167122
0.999375
0.999996
0.999598
0.997839
0.998554
0.998434
0.991454
0.991802
0.991552
0.972305
0.980307
0.981177
0.838816
0.997713
0.989266
0.99866
0.998742
0.99823
0.995367
0.998693
0.999169
0.999125
0.998595
0.99621
5.39513e-06
0.99419
0.996478
0.997776
0.997633
0.953517
0.984086
0.937671
0.9984
0.99935
0.999881
0.518788
0.518788
0.518788
0.518788
0.518788
0.518788
0.518788
0.518788
0.518788
0.518788
0.518788
0.518788
0.518788
0.518788
0.518788
0.518788
0.518788
0.518788
0.518788
0.518788
0.518788
0.518788
0.518788
0.518788
0.518788
0.518788
0.518788
0.518788
0.518788
0.518788
0.518788
0.518788
0.518788
0.518788
0.518788
0.518788
0.518788
0.518788
0.518788
0.518788
0.518788
0.518788
0.518788
0.518788
0.518788
0.518788
0.518788
0.518788
0.518788
0.518788
0.518788
0.518788
0.518788
0.518788
0.518788
0.518788
0.518788
0.518817
0.515583
0.476564
0.0732479
0.973053
0.999993
0.999737
0.999463
0.999568
0.999359
0.99606
0.997342
0.998541
0.998914
0.998747
0.997503
0.996036
0.997707
0.954474
0.998881
0.999693
0.99983
0.999843
0.999278
0.99912
0.999569
0.999554
0.999569
0.999629
0.999739
0.999707
0.998617
0.999305
0.998133
0.995527
0.994728
0.999046
0.999378
0.999876
0.518788
0.518788
0.518788
0.518788
0.518788
0.518788
0.518788
0.518788
0.518788
0.518788
0.518788
0.518788
0.518788
0.518788
0.518788
0.518788
0.518788
0.518788
0.518788
0.518788
0.518788
0.518788
0.518788
0.518788
0.518788
0.518788
0.518788
0.518788
0.518788
0.518788
0.518788
0.518788
0.518788
0.518788
0.518788
0.518788
0.518788
0.518788
0.518788
0.518788
0.518788
0.518788
0.518788
0.518788
0.518788
0.518788
0.518788
0.518788
0.518788
0.518788
0.518788
0.518788
0.518788
0.518788
0.518788
0.518788
0.518787
0.518794
0.518817
0.495385
0.844895
0.987456
0.780519
0.000761162
0.99977
5.62672e-07
0.999992
0.999989
0.999936
0.999913
0.999867
0.999699
4.73068e-07
0.999738
0.999873
0.999994
0.999989
0.999552
0.999054
0.998265
0.99928
0.999525
0.999369
0.999225
0.998496
0.999617
0.999958
0.999992
0.999974
0.999579
0.999985
0.99989
0.998515
0.999188
0.999166
0.999869
0.518788
0.518788
0.518788
0.518788
0.518788
0.518788
0.518788
0.518788
0.518788
0.518788
0.518788
0.518788
0.518788
0.518788
0.518788
0.518788
0.518788
0.518788
0.518788
0.518788
0.518788
0.518788
0.518788
0.518788
0.518788
0.518788
0.518788
0.518788
0.518788
0.518788
0.518788
0.518788
0.518788
0.518788
0.518788
0.518788
0.518788
0.518788
0.518788
0.518788
0.518788
0.518788
0.518788
0.518788
0.518788
0.518788
0.518788
0.518788
0.518788
0.518788
0.518788
0.518788
0.518788
0.518788
0.518788
0.518788
0.518788
0.518788
0.518776
0.481747
0.796751
0.69485
0.146172
0.00550713
0.00128257
0.125282
0.0002511
0.952345
0.992222
0.972333
0.309572
0.870718
1.66593e-07
6.71902e-06
0.88877
0.854888
0.97763
0.84451
0.972414
0.994664
0.998064
0.993698
0.994004
0.993715
0.991773
0.989075
0.983291
0.965161
0.987204
0.998437
0.999797
0.99998
0.999994
0.999632
0.999424
0.999645
0.518788
0.518788
0.518788
0.518788
0.518788
0.518788
0.518788
0.518788
0.518788
0.518788
0.518788
0.518788
0.518788
0.518788
0.518788
0.518788
0.518788
0.518788
0.518788
0.518788
0.518788
0.518788
0.518788
0.518788
0.518788
0.518788
0.518788
0.518788
0.518788
0.518788
0.518788
0.518788
0.518788
0.518788
0.518788
0.518788
0.518788
0.518788
0.518788
0.518788
0.518788
0.518788
0.518788
0.518788
0.518788
0.518788
0.518788
0.518788
0.518788
0.518788
0.518788
0.518788
0.518788
0.518788
0.518788
0.518788
0.518786
0.518846
0.520129
0.427667
0.924738
0.00582755
0.000509079
0.882282
0.146377
0.146443
0.145835
0.00774527
0.934564
0.00110409
0.0202971
0.006763
0.0121487
0.16542
8.86467e-05
0.0804673
0.136175
0.0396337
0.101325
0.96151
0.995348
0.998328
0.999542
0.999557
0.972378
8.15033e-07
0.867687
0.986426
0.987951
0.896973
0.990868
0.996384
0.981871
0.996301
0.995577
0.999952
0.518788
0.518788
0.518788
0.518788
0.518788
0.518788
0.518788
0.518788
0.518788
0.518788
0.518788
0.518788
0.518788
0.518788
0.518788
0.518788
0.518788
0.518788
0.518788
0.518788
0.518788
0.518788
0.518788
0.518788
0.518788
0.518788
0.518788
0.518788
0.518788
0.518788
0.518788
0.518788
0.518788
0.518788
0.518788
0.518788
0.518788
0.518788
0.518788
0.518788
0.518788
0.518788
0.518788
0.518788
0.518788
0.518788
0.518788
0.518788
0.518788
0.518788
0.518788
0.518788
0.518788
0.518788
0.518788
0.518788
0.518786
0.518075
0.53108
0.436956
0.889375
0.146443
0.139253
3.11409e-05
0.000284239
0.0956258
0.420555
0.000448858
0.605538
0.000881174
0.0508019
9.71189e-07
0.113319
0.00958954
0.0239631
0.795465
0.144319
0.146439
0.146447
0.146437
0.139266
0.00272618
0.864739
0.773384
0.972227
0.995765
0.99939
0.0393023
5.10731e-06
0.0978419
0.999659
0.950454
0.999647
4.93038e-08
7.70957e-06
0.995274
0.518788
0.518788
0.518788
0.518788
0.518788
0.518788
0.518788
0.518788
0.518788
0.518788
0.518788
0.518788
0.518788
0.518788
0.518788
0.518788
0.518788
0.518788
0.518788
0.518788
0.518788
0.518788
0.518788
0.518788
0.518788
0.518788
0.518788
0.518788
0.518788
0.518788
0.518788
0.518788
0.518788
0.518788
0.518788
0.518788
0.518788
0.518788
0.518788
0.518788
0.518788
0.518788
0.518788
0.518788
0.518788
0.518788
0.518788
0.518788
0.518788
0.518788
0.518788
0.518788
0.518788
0.518788
0.518788
0.518788
0.518815
0.519304
0.517625
0.441606
6.07998e-07
0.0818537
0.00112537
0.00177356
0.124091
0.150379
0.00294041
0.0234593
0.514723
0.198081
0.14614
0.0143135
0.125118
0.000156442
0.0237503
2.65285e-06
2.28384e-12
0.164635
0.0867148
2.24379e-08
0.934079
0.980484
1.92863e-06
0.0981731
0.950196
0.800837
0.981569
0.998687
0.999963
0.999997
0.999772
0.999621
0.99961
0.997813
0.999536
0.999931
0.518788
0.518788
0.518788
0.518788
0.518788
0.518788
0.518788
0.518788
0.518788
0.518788
0.518788
0.518788
0.518788
0.518788
0.518788
0.518788
0.518788
0.518788
0.518788
0.518788
0.518788
0.518788
0.518788
0.518788
0.518788
0.518788
0.518788
0.518788
0.518788
0.518788
0.518788
0.518788
0.518788
0.518788
0.518788
0.518788
0.518788
0.518788
0.518788
0.518788
0.518788
0.518788
0.518788
0.518788
0.518788
0.518788
0.518788
0.518788
0.518788
0.518788
0.518788
0.518788
0.518788
0.518788
0.518788
0.518788
0.518789
0.518797
0.518722
0.433385
0.973178
0.125523
0.000429247
0.0446321
2.69003e-11
0.0095421
0.000145263
0.697502
0.146164
0.0948859
0.258016
0.00308742
3.81611e-05
0.00594255
0.806683
8.3971e-07
0.643188
0.946596
0.000262972
0.998068
0.99959
0.999985
0.999971
0.999989
0.999827
0.999966
0.99999
0.999991
0.999727
0.999809
0.99848
0.998335
0.560076
0.997851
0.997234
0.999872
0.518788
0.518788
0.518788
0.518788
0.518788
0.518788
0.518788
0.518788
0.518788
0.518788
0.518788
0.518788
0.518788
0.518788
0.518788
0.518788
0.518788
0.518788
0.518788
0.518788
0.518788
0.518788
0.518788
0.518788
0.518788
0.518788
0.518788
0.518788
0.518788
0.518788
0.518788
0.518788
0.518788
0.518788
0.518788
0.518788
0.518788
0.518788
0.518788
0.518788
0.518788
0.518788
0.518788
0.518788
0.518788
0.518788
0.518788
0.518788
0.518788
0.518788
0.518788
0.518788
0.518788
0.518788
0.518788
0.518788
0.518788
0.520939
0.461888
0.442397
0.957588
0.96291
0.770191
0.256369
3.13409e-07
2.65115e-05
0.0223186
0.0515835
0.000614167
1.7252e-05
0.774409
0.962745
0.178729
0.950049
0.970437
0.990287
0.998836
0.99988
0.999991
0.999995
0.999491
0.998387
0.990645
0.997959
0.998497
0.998274
0.998633
0.994723
0.996577
0.997467
0.989981
0.994715
0.996599
0.997139
0.979255
0.999866
0.518788
0.518788
0.518788
0.518788
0.518788
0.518788
0.518788
0.518788
0.518788
0.518788
0.518788
0.518788
0.518788
0.518788
0.518788
0.518788
0.518788
0.518788
0.518788
0.518788
0.518788
0.518788
0.518788
0.518788
0.518788
0.518788
0.518788
0.518788
0.518788
0.518788
0.518788
0.518788
0.518788
0.518788
0.518788
0.518788
0.518788
0.518788
0.518788
0.518788
0.518788
0.518788
0.518788
0.518788
0.518788
0.518788
0.518788
0.518788
0.518788
0.518788
0.518788
0.518788
0.518788
0.518788
0.518788
0.518788
0.518788
0.518807
0.517976
0.481812
0.903452
0.997773
0.987939
0.988027
0.990695
0.660921
0.98773
0.989731
0.971316
0.979078
0.689331
0.99769
0.999067
0.999894
0.999981
0.99999
0.999982
0.999813
0.99969
0.993944
0.998633
0.998434
0.993929
0.985213
0.994617
0.993417
0.985943
0.992052
0.995764
0.997917
0.994472
0.994831
0.998034
0.991577
0.992271
0.999863
0.518788
0.518788
0.518788
0.518788
0.518788
0.518788
0.518788
0.518788
0.518788
0.518788
0.518788
0.518788
0.518788
0.518788
0.518788
0.518788
0.518788
0.518788
0.518788
0.518788
0.518788
0.518788
0.518788
0.518788
0.518788
0.518788
0.518788
0.518788
0.518788
0.518788
0.518788
0.518788
0.518788
0.518788
0.518788
0.518788
0.518788
0.518788
0.518788
0.518788
0.518788
0.518788
0.518788
0.518788
0.518788
0.518788
0.518788
0.518788
0.518788
0.518788
0.518788
0.518788
0.518788
0.518788
0.518788
0.518788
0.518788
0.518788
0.518778
0.394455
0.926014
0.999174
0.999719
0.999915
0.999943
0.999991
0.999994
0.999851
0.999862
0.999991
0.999985
0.999989
0.999993
0.99965
0.999669
0.999571
0.998071
0.998234
0.994937
0.996322
0.99835
0.997655
0.983173
0.993955
0.996264
0.994958
0.959033
0.980134
0.994556
0.998101
0.995074
0.985843
0.992867
0.997049
0.993909
0.999865
0.518788
0.518788
0.518788
0.518788
0.518788
0.518788
0.518788
0.518788
0.518788
0.518788
0.518788
0.518788
0.518788
0.518788
0.518788
0.518788
0.518788
0.518788
0.518788
0.518788
0.518788
0.518788
0.518788
0.518788
0.518788
0.518788
0.518788
0.518788
0.518788
0.518788
0.518788
0.518788
0.518788
0.518788
0.518788
0.518788
0.518788
0.518788
0.518788
0.518788
0.518788
0.518788
0.518788
0.518788
0.518788
0.518788
0.518788
0.518788
0.518788
0.518788
0.518788
0.518788
0.518788
0.518788
0.518788
0.518788
0.518787
0.518786
0.518754
0.449977
0.854274
0.999574
0.999997
0.999927
0.999635
0.999749
0.996684
0.999354
0.999246
0.998839
0.999722
0.999591
0.986729
0.991262
0.995065
0.996256
0.994391
0.988853
0.979458
0.993466
0.994955
0.993418
0.986359
0.997211
0.9978
0.997426
0.951697
0.931509
0.99096
0.998036
0.996542
0.963257
0.949158
0.997478
0.996573
0.999864
0.518788
0.518788
0.518788
0.518788
0.518788
0.518788
0.518788
0.518788
0.518788
0.518788
0.518788
0.518788
0.518788
0.518788
0.518788
0.518788
0.518788
0.518788
0.518788
0.518788
0.518788
0.518788
0.518788
0.518788
0.518788
0.518788
0.518788
0.518788
0.518788
0.518788
0.518788
0.518788
0.518788
0.518788
0.518788
0.518788
0.518788
0.518788
0.518788
0.518788
0.518788
0.518788
0.518788
0.518788
0.518788
0.518788
0.518788
0.518788
0.518788
0.518788
0.518788
0.518788
0.518788
0.518788
0.518788
0.518788
0.518787
0.518786
0.5157
0.398509
0.890893
0.998629
0.999997
0.999678
0.999642
0.998146
0.983846
0.99665
0.998141
0.999015
0.99888
0.998703
0.998596
0.99726
0.992461
0.993285
0.99565
0.996501
0.997453
0.997167
0.996323
0.996622
0.99822
0.998553
0.998417
0.996676
0.997273
0.997531
0.99322
0.997003
0.997568
0.99171
0.991622
0.994014
0.998501
0.999878
0.518788
0.518788
0.518788
0.518788
0.518788
0.518788
0.518788
0.518788
0.518788
0.518788
0.518788
0.518788
0.518788
0.518788
0.518788
0.518788
0.518788
0.518788
0.518788
0.518788
0.518788
0.518788
0.518788
0.518788
0.518788
0.518788
0.518788
0.518788
0.518788
0.518788
0.518788
0.518788
0.518788
0.518788
0.518788
0.518788
0.518788
0.518788
0.518788
0.518788
0.518788
0.518788
0.518788
0.518788
0.518788
0.518788
0.518788
0.518788
0.518788
0.518788
0.518788
0.518788
0.518788
0.518788
0.518788
0.518788
0.518787
0.518793
0.523052
0.445575
0.82299
0.0196628
0.999998
0.999682
0.999303
0.995732
0.997692
0.997851
0.997
0.996858
0.998453
0.998449
0.999019
0.998938
0.998917
0.998668
0.998045
0.996503
0.973707
0.995743
0.997161
0.996902
0.997172
0.996809
0.99736
0.994848
0.997851
0.99671
0.990081
0.998157
0.997553
0.998128
0.997699
0.997318
0.999242
0.999874
0.518788
0.518788
0.518788
0.518788
0.518788
0.518788
0.518788
0.518788
0.518788
0.518788
0.518788
0.518788
0.518788
0.518788
0.518788
0.518788
0.518788
0.518788
0.518788
0.518788
0.518788
0.518788
0.518788
0.518788
0.518788
0.518788
0.518788
0.518788
0.518788
0.518788
0.518788
0.518788
0.518788
0.518788
0.518788
0.518788
0.518788
0.518788
0.518788
0.518788
0.518788
0.518788
0.518788
0.518788
0.518788
0.518788
0.518788
0.518788
0.518788
0.518788
0.518788
0.518788
0.518788
0.518788
0.518788
0.518788
0.518787
0.517485
0.476747
0.471649
0.834897
0.998739
0.999996
0.999168
0.998831
0.99351
0.996455
0.986172
0.873809
0.963956
0.936504
0.969159
0.976098
0.939827
0.983356
0.998279
0.998586
0.950384
0.997892
0.997562
0.998308
0.998524
0.994504
0.998975
0.999193
0.997942
0.979419
0.975744
0.990673
0.978235
0.992339
0.994073
0.986801
0.978114
0.9984
0.999869
0.518788
0.518788
0.518788
0.518788
0.518788
0.518788
0.518788
0.518788
0.518788
0.518788
0.518788
0.518788
0.518788
0.518788
0.518788
0.518788
0.518788
0.518788
0.518788
0.518788
0.518788
0.518788
0.518788
0.518788
0.518788
0.518788
0.518788
0.518788
0.518788
0.518788
0.518788
0.518788
0.518788
0.518788
0.518788
0.518788
0.518788
0.518788
0.518788
0.518788
0.518788
0.518788
0.518788
0.518788
0.518788
0.518788
0.518788
0.518788
0.518788
0.518788
0.518788
0.518788
0.518788
0.518788
0.518788
0.518788
0.518786
0.518746
0.518557
0.470462
0.825983
0.9999
0.999996
0.999672
0.998967
0.998877
0.994791
0.993308
0.995717
0.995756
0.994192
0.991878
0.991681
0.992996
0.998211
0.998877
0.99856
0.996875
0.999072
0.999432
0.999522
0.997486
0.999369
0.999519
0.999135
0.995447
0.993662
0.994933
0.997753
0.998271
0.997549
0.994794
0.969566
0.987608
0.998994
0.999873
0.518788
0.518788
0.518788
0.518788
0.518788
0.518788
0.518788
0.518788
0.518788
0.518788
0.518788
0.518788
0.518788
0.518788
0.518788
0.518788
0.518788
0.518788
0.518788
0.518788
0.518788
0.518788
0.518788
0.518788
0.518788
0.518788
0.518788
0.518788
0.518788
0.518788
0.518788
0.518788
0.518788
0.518788
0.518788
0.518788
0.518788
0.518788
0.518788
0.518788
0.518788
0.518788
0.518788
0.518788
0.518788
0.518788
0.518788
0.518788
0.518788
0.518788
0.518788
0.518788
0.518788
0.518788
0.518788
0.518788
0.518787
0.518783
0.522368
0.445716
0.540645
0.999985
0.999819
0.999861
0.99883
0.993163
0.981098
0.99439
0.992846
0.983407
0.987249
0.991462
0.99188
0.995742
0.995256
0.998227
0.999316
0.998688
0.999412
0.999529
0.995925
0.99913
0.999281
0.998886
0.995877
0.990919
0.988796
0.961883
0.996977
0.996602
0.974798
0.996485
0.996581
0.995186
0.999148
0.999884
0.518788
0.518788
0.518788
0.518788
0.518788
0.518788
0.518788
0.518788
0.518788
0.518788
0.518788
0.518788
0.518788
0.518788
0.518788
0.518788
0.518788
0.518788
0.518788
0.518788
0.518788
0.518788
0.518788
0.518788
0.518788
0.518788
0.518788
0.518788
0.518788
0.518788
0.518788
0.518788
0.518788
0.518788
0.518788
0.518788
0.518788
0.518788
0.518788
0.518788
0.518788
0.518788
0.518788
0.518788
0.518788
0.518788
0.518788
0.518788
0.518788
0.518788
0.518788
0.518788
0.518788
0.518788
0.518788
0.518788
0.518787
0.518786
0.518147
0.511505
0.371359
2.90602e-08
0.999825
0.999989
0.999992
0.999804
0.999685
0.999766
0.999808
0.999844
0.999863
0.999863
0.999811
0.999364
0.999832
0.99999
0.999364
0.999991
0.999592
0.999235
0.993871
0.999029
0.999445
0.999572
0.999661
0.99974
0.999767
0.99972
0.999256
0.998526
0.995317
0.998674
0.995543
0.968667
0.999376
0.999885
0.518788
0.518788
0.518788
0.518788
0.518788
0.518788
0.518788
0.518788
0.518788
0.518788
0.518788
0.518788
0.518788
0.518788
0.518788
0.518788
0.518788
0.518788
0.518788
0.518788
0.518788
0.518788
0.518788
0.518788
0.518788
0.518788
0.518788
0.518788
0.518788
0.518788
0.518788
0.518788
0.518788
0.518788
0.518788
0.518788
0.518788
0.518788
0.518788
0.518788
0.518788
0.518788
0.518788
0.518788
0.518788
0.518788
0.518788
0.518788
0.518788
0.518788
0.518788
0.518788
0.518788
0.518788
0.518788
0.518788
0.518788
0.518783
0.518718
0.442021
0.910977
0.833294
0.00158821
0.0780566
0.991132
0.985793
0.998172
0.998705
0.998977
0.998726
0.998331
0.99688
0.988639
0.996764
1.45676e-05
0.999284
0.996561
0.997957
0.99432
0.993275
0.983854
0.991888
0.992037
0.995642
0.99053
0.988268
0.99935
0.999914
0.99999
0.99999
0.99984
0.9999
0.993655
0.994678
0.999446
0.999889
0.518788
0.518788
0.518788
0.518788
0.518788
0.518788
0.518788
0.518788
0.518788
0.518788
0.518788
0.518788
0.518788
0.518788
0.518788
0.518788
0.518788
0.518788
0.518788
0.518788
0.518788
0.518788
0.518788
0.518788
0.518788
0.518788
0.518788
0.518788
0.518788
0.518788
0.518788
0.518788
0.518788
0.518788
0.518788
0.518788
0.518788
0.518788
0.518788
0.518788
0.518788
0.518788
0.518788
0.518788
0.518788
0.518788
0.518788
0.518788
0.518788
0.518788
0.518788
0.518788
0.518788
0.518788
0.518788
0.518789
0.518789
0.518794
0.51883
0.402369
7.44873e-06
0.145503
0.146339
1.42324e-11
0.143261
0.96929
0.880583
0.851831
0.963332
0.785801
0.0154275
0.866749
0.931692
0.574242
0.145851
0.815512
0.02424
0.573483
0.864873
0.143385
0.146351
0.913142
0.777233
0.00140707
0.00119009
9.28271e-11
0.000250789
0.169062
0.910777
0.715036
0.99598
4.69047e-11
0.999997
0.999803
0.999899
0.999948
0.518788
0.518788
0.518788
0.518788
0.518788
0.518788
0.518788
0.518788
0.518788
0.518788
0.518788
0.518788
0.518788
0.518788
0.518788
0.518788
0.518788
0.518788
0.518788
0.518788
0.518788
0.518788
0.518788
0.518788
0.518788
0.518788
0.518788
0.518788
0.518788
0.518788
0.518788
0.518788
0.518788
0.518788
0.518788
0.518788
0.518788
0.518788
0.518788
0.518788
0.518788
0.518788
0.518788
0.518788
0.518788
0.518788
0.518788
0.518788
0.518788
0.518788
0.518788
0.518788
0.518788
0.518787
0.518789
0.518788
0.518787
0.518742
0.516808
0.356318
0.908558
1.6412e-06
0.279295
0.495479
4.15641e-07
0.00163091
0.232236
0.0820221
0.591426
0.69213
0.000600213
0.000408029
9.07042e-07
0.0393694
0.000116781
0.000525558
0.849463
0.24136
0.837947
0.406388
0.508695
0.524667
0.571254
0.420149
0.844829
0.209317
0.452673
0.572562
0.521039
0.0310278
0.102245
0.00028719
0.778457
0.740082
0.748066
0.993431
0.518788
0.518788
0.518788
0.518788
0.518788
0.518788
0.518788
0.518788
0.518788
0.518788
0.518788
0.518788
0.518788
0.518788
0.518788
0.518788
0.518788
0.518788
0.518788
0.518788
0.518788
0.518788
0.518788
0.518788
0.518788
0.518788
0.518788
0.518788
0.518788
0.518788
0.518788
0.518788
0.518788
0.518788
0.518788
0.518788
0.518788
0.518788
0.518788
0.518788
0.518788
0.518788
0.518788
0.518788
0.518788
0.518788
0.518788
0.518788
0.518788
0.518788
0.518788
0.518788
0.518788
0.518788
0.518788
0.518788
0.518774
0.518789
0.517181
0.344845
2.75329e-05
1.15289e-06
0.0666015
0.337883
0.238376
0.569786
0.654766
0.21169
0.437613
0.551899
0.328308
0.513247
0.529012
0.589109
0.593015
0.449481
0.482627
0.294686
0.302914
0.000636347
0.0131094
0.000128223
0.0601924
0.325187
0.709273
5.93577e-07
0.267227
0.760405
0.000234667
0.00171011
0.176988
0.244466
0.712947
0.00086754
0.848598
3.43964e-07
0.518788
0.518788
0.518788
0.518788
0.518788
0.518788
0.518788
0.518788
0.518788
0.518788
0.518788
0.518788
0.518788
0.518788
0.518788
0.518788
0.518788
0.518788
0.518788
0.518788
0.518788
0.518788
0.518788
0.518788
0.518788
0.518788
0.518788
0.518788
0.518788
0.518788
0.518788
0.518788
0.518788
0.518788
0.518788
0.518788
0.518788
0.518788
0.518788
0.518788
0.518788
0.518788
0.518788
0.518788
0.518788
0.518788
0.518788
0.518788
0.518788
0.518788
0.518788
0.518788
0.518788
0.518788
0.518788
0.518788
0.518788
0.518654
0.516363
0.441124
0.677077
0.00284132
0.00775783
0.0720356
0.0101703
0.779573
0.527338
5.99196e-05
0.531129
0.491505
0.614408
0.397517
0.358113
0.492591
0.67128
0.654455
0.000437374
0.296124
0.74296
0.662633
0.838203
0.0819891
0.000790205
0.620798
0.545611
0.578562
0.000297246
0.497277
0.100865
0.915464
6.06945e-05
0.0420873
0.880659
0.853913
0.90269
1.3293e-06
0.518788
0.518788
0.518788
0.518788
0.518788
0.518788
0.518788
0.518788
0.518788
0.518788
0.518788
0.518788
0.518788
0.518788
0.518788
0.518788
0.518788
0.518788
0.518788
0.518788
0.518788
0.518788
0.518788
0.518788
0.518788
0.518788
0.518788
0.518788
0.518788
0.518788
0.518788
0.518788
0.518788
0.518788
0.518788
0.518788
0.518788
0.518788
0.518788
0.518788
0.518788
0.518788
0.518788
0.518788
0.518788
0.518788
0.518788
0.518788
0.518788
0.518788
0.518788
0.518788
0.518788
0.518788
0.518788
0.518788
0.518788
0.518826
0.51923
0.441343
0.933917
0.000326929
0.14644
0.144848
0.00626029
0.0135101
5.94878e-06
0.000241024
0.101761
0.750885
0.312049
0.604654
0.622112
0.150987
0.00594515
0.00336352
0.000719352
0.00237691
0.0264004
0.996986
0.999007
0.998992
0.997818
0.9974
0.982807
0.996748
0.998836
0.995264
0.999853
0.999983
0.999994
0.999751
0.999642
0.99492
0.999765
0.999945
0.518788
0.518788
0.518788
0.518788
0.518788
0.518788
0.518788
0.518788
0.518788
0.518788
0.518788
0.518788
0.518788
0.518788
0.518788
0.518788
0.518788
0.518788
0.518788
0.518788
0.518788
0.518788
0.518788
0.518788
0.518788
0.518788
0.518788
0.518788
0.518788
0.518788
0.518788
0.518788
0.518788
0.518788
0.518788
0.518788
0.518788
0.518788
0.518788
0.518788
0.518788
0.518788
0.518788
0.518788
0.518788
0.518788
0.518788
0.518788
0.518788
0.518788
0.518788
0.518788
0.518788
0.518788
0.518788
0.518788
0.518788
0.518716
0.540585
0.424105
3.87204e-11
0.978251
0.746009
0.88172
0.933429
0.953005
0.000403369
0.706448
0.912313
0.774486
0.947176
0.262334
0.959666
0.50778
0.00569543
0.999232
0.999901
0.999995
0.999996
0.999912
0.999809
0.999656
0.999493
0.998943
0.998128
0.999091
0.999534
0.999672
0.999725
0.999575
0.992942
0.994591
0.983886
0.998414
0.993253
0.99986
0.518788
0.518788
0.518788
0.518788
0.518788
0.518788
0.518788
0.518788
0.518788
0.518788
0.518788
0.518788
0.518788
0.518788
0.518788
0.518788
0.518788
0.518788
0.518788
0.518788
0.518788
0.518788
0.518788
0.518788
0.518788
0.518788
0.518788
0.518788
0.518788
0.518788
0.518788
0.518788
0.518788
0.518788
0.518788
0.518788
0.518788
0.518788
0.518788
0.518788
0.518788
0.518788
0.518788
0.518788
0.518788
0.518788
0.518788
0.518788
0.518788
0.518788
0.518788
0.518788
0.518788
0.518788
0.518788
0.518788
0.518788
0.518793
0.553612
0.439433
0.00387913
0.999827
0.995196
0.992345
0.991317
0.996975
0.993029
0.999209
0.999241
0.989757
0.99972
0.999956
0.999991
0.999992
0.999833
0.999719
0.999152
0.999705
0.998961
0.998023
0.998013
0.973091
0.996018
0.997594
0.998299
0.998789
0.999053
0.998667
0.989725
0.973947
0.99343
0.997384
0.975156
0.997983
0.997868
0.999866
0.518788
0.518788
0.518788
0.518788
0.518788
0.518788
0.518788
0.518788
0.518788
0.518788
0.518788
0.518788
0.518788
0.518788
0.518788
0.518788
0.518788
0.518788
0.518788
0.518788
0.518788
0.518788
0.518788
0.518788
0.518788
0.518788
0.518788
0.518788
0.518788
0.518788
0.518788
0.518788
0.518788
0.518788
0.518788
0.518788
0.518788
0.518788
0.518788
0.518788
0.518788
0.518788
0.518788
0.518788
0.518788
0.518788
0.518788
0.518788
0.518788
0.518788
0.518788
0.518788
0.518788
0.518788
0.518788
0.518788
0.518788
0.518773
0.51693
0.447242
0.556223
0.998123
0.999249
0.999982
0.999988
0.999984
0.999993
0.999791
0.999846
0.999834
0.999796
0.999773
0.999579
0.994991
0.997196
0.993217
0.983398
0.942766
0.979479
0.94445
0.98358
0.997376
0.998696
0.998578
0.997033
0.997751
0.998373
0.998453
0.99689
0.994481
0.991607
0.996579
0.995197
0.998514
0.997796
0.999862
0.518788
0.518788
0.518788
0.518788
0.518788
0.518788
0.518788
0.518788
0.518788
0.518788
0.518788
0.518788
0.518788
0.518788
0.518788
0.518788
0.518788
0.518788
0.518788
0.518788
0.518788
0.518788
0.518788
0.518788
0.518788
0.518788
0.518788
0.518788
0.518788
0.518788
0.518788
0.518788
0.518788
0.518788
0.518788
0.518788
0.518788
0.518788
0.518788
0.518788
0.518788
0.518788
0.518788
0.518788
0.518788
0.518788
0.518788
0.518788
0.518788
0.518788
0.518788
0.518788
0.518788
0.518788
0.518788
0.518788
0.518787
0.518675
0.517098
0.461583
0.4033
0.999984
0.999883
0.999552
0.999782
0.999738
0.997745
0.997398
0.99916
0.99895
0.997405
0.997502
0.998017
0.995736
0.599761
0.963579
0.977467
0.977092
0.992711
0.997288
0.998286
0.998817
0.998932
0.997959
0.984598
0.992935
0.997642
0.998143
0.99803
0.997589
0.996169
0.997594
0.996352
0.998658
0.997951
0.999865
0.518788
0.518788
0.518788
0.518788
0.518788
0.518788
0.518788
0.518788
0.518788
0.518788
0.518788
0.518788
0.518788
0.518788
0.518788
0.518788
0.518788
0.518788
0.518788
0.518788
0.518788
0.518788
0.518788
0.518788
0.518788
0.518788
0.518788
0.518788
0.518788
0.518788
0.518788
0.518788
0.518788
0.518788
0.518788
0.518788
0.518788
0.518788
0.518788
0.518788
0.518788
0.518788
0.518788
0.518788
0.518788
0.518788
0.518788
0.518788
0.518788
0.518788
0.518788
0.518788
0.518788
0.518788
0.518788
0.518788
0.518787
0.518313
0.484245
0.505006
0.278877
0.999996
0.999416
0.999831
0.999674
0.99331
0.993145
0.997487
0.997085
0.982809
0.997373
0.998049
0.998144
0.995747
0.993297
0.985868
0.990185
0.996675
0.998375
0.998871
0.998825
0.998497
0.995883
0.997241
0.998597
0.998784
0.996318
0.796624
0.992906
0.986178
0.995054
0.997526
0.995139
0.996217
0.998956
0.999876
0.518788
0.518788
0.518788
0.518788
0.518788
0.518788
0.518788
0.518788
0.518788
0.518788
0.518788
0.518788
0.518788
0.518788
0.518788
0.518788
0.518788
0.518788
0.518788
0.518788
0.518788
0.518788
0.518788
0.518788
0.518788
0.518788
0.518788
0.518788
0.518788
0.518788
0.518788
0.518788
0.518788
0.518788
0.518788
0.518788
0.518788
0.518788
0.518788
0.518788
0.518788
0.518788
0.518788
0.518788
0.518788
0.518788
0.518788
0.518788
0.518788
0.518788
0.518788
0.518788
0.518788
0.518788
0.518788
0.518788
0.518787
0.518731
0.515401
0.403903
0.838274
0.994493
0.999997
0.999735
0.999529
0.964271
0.997805
0.954134
0.994768
0.996956
0.995518
0.99722
0.989664
0.458491
0.144166
0.00569252
0.936128
0.988974
0.997556
0.997184
0.996312
0.99491
0.932328
0.988362
0.997779
0.998316
0.987735
0.995103
0.996583
0.997397
0.99744
0.977543
0.997481
0.998393
0.999356
0.999866
0.518788
0.518788
0.518788
0.518788
0.518788
0.518788
0.518788
0.518788
0.518788
0.518788
0.518788
0.518788
0.518788
0.518788
0.518788
0.518788
0.518788
0.518788
0.518788
0.518788
0.518788
0.518788
0.518788
0.518788
0.518788
0.518788
0.518788
0.518788
0.518788
0.518788
0.518788
0.518788
0.518788
0.518788
0.518788
0.518788
0.518788
0.518788
0.518788
0.518788
0.518788
0.518788
0.518788
0.518788
0.518788
0.518788
0.518788
0.518788
0.518788
0.518788
0.518788
0.518788
0.518788
0.518788
0.518788
0.518788
0.518786
0.518774
0.51849
0.388537
0.85562
0.998726
0.999994
0.998782
0.99872
0.985513
0.996055
0.955712
0.993784
0.994619
0.994557
0.99392
0.98774
0.965231
0.982841
0.981471
0.998006
0.998602
0.991023
0.997883
0.998549
0.99913
0.9991
0.988951
0.999458
0.999442
0.998352
0.987442
0.995534
0.997114
0.997055
0.996879
0.996156
0.994287
0.9989
0.999873
0.518788
0.518788
0.518788
0.518788
0.518788
0.518788
0.518788
0.518788
0.518788
0.518788
0.518788
0.518788
0.518788
0.518788
0.518788
0.518788
0.518788
0.518788
0.518788
0.518788
0.518788
0.518788
0.518788
0.518788
0.518788
0.518788
0.518788
0.518788
0.518788
0.518788
0.518788
0.518788
0.518788
0.518788
0.518788
0.518788
0.518788
0.518788
0.518788
0.518788
0.518788
0.518788
0.518788
0.518788
0.518788
0.518788
0.518788
0.518788
0.518788
0.518788
0.518788
0.518788
0.518788
0.518788
0.518788
0.518788
0.518787
0.518779
0.516526
0.446768
0.846686
0.9994
0.999996
0.999699
0.999145
0.99846
0.981397
0.984356
0.972785
0.985458
0.933479
0.977042
0.993069
0.996607
0.998276
0.997707
0.998551
0.998068
0.997072
0.999238
0.999572
0.999554
0.99792
0.99943
0.999561
0.999241
0.996943
0.991478
0.996757
0.997883
0.99819
0.997662
0.991735
0.993782
0.999076
0.999878
0.518788
0.518788
0.518788
0.518788
0.518788
0.518788
0.518788
0.518788
0.518788
0.518788
0.518788
0.518788
0.518788
0.518788
0.518788
0.518788
0.518788
0.518788
0.518788
0.518788
0.518788
0.518788
0.518788
0.518788
0.518788
0.518788
0.518788
0.518788
0.518788
0.518788
0.518788
0.518788
0.518788
0.518788
0.518788
0.518788
0.518788
0.518788
0.518788
0.518788
0.518788
0.518788
0.518788
0.518788
0.518788
0.518788
0.518788
0.518788
0.518788
0.518788
0.518788
0.518788
0.518788
0.518788
0.518788
0.518788
0.518787
0.518804
0.519402
0.442158
0.918386
0.999955
0.999996
0.9994
0.999198
0.998447
0.998754
0.997073
0.983796
0.980984
0.981996
0.977408
0.963274
0.981759
0.993088
0.98772
0.996746
0.982953
0.998844
0.999489
0.999419
0.998803
0.999085
0.999078
0.998756
0.997349
0.824425
0.996332
0.996391
0.992254
0.892757
0.997492
0.998531
0.997719
0.99907
0.999882
0.518788
0.518788
0.518788
0.518788
0.518788
0.518788
0.518788
0.518788
0.518788
0.518788
0.518788
0.518788
0.518788
0.518788
0.518788
0.518788
0.518788
0.518788
0.518788
0.518788
0.518788
0.518788
0.518788
0.518788
0.518788
0.518788
0.518788
0.518788
0.518788
0.518788
0.518788
0.518788
0.518788
0.518788
0.518788
0.518788
0.518788
0.518788
0.518788
0.518788
0.518788
0.518788
0.518788
0.518788
0.518788
0.518788
0.518788
0.518788
0.518788
0.518788
0.518788
0.518788
0.518788
0.518788
0.518788
0.518788
0.518787
0.518785
0.520088
0.454941
0.57581
0.99982
0.999969
0.999991
0.999832
0.999847
0.999866
0.999881
0.999888
0.999879
0.999874
0.999864
0.999823
0.999583
0.998457
0.999815
0.999403
0.999817
0.998117
0.998728
0.998087
0.998688
0.998935
0.998814
0.999069
0.997465
0.98616
0.99729
0.997711
0.995697
0.998704
0.963022
0.999286
0.998787
0.998979
0.999878
0.518788
0.518788
0.518788
0.518788
0.518788
0.518788
0.518788
0.518788
0.518788
0.518788
0.518788
0.518788
0.518788
0.518788
0.518788
0.518788
0.518788
0.518788
0.518788
0.518788
0.518788
0.518788
0.518788
0.518788
0.518788
0.518788
0.518788
0.518788
0.518788
0.518788
0.518788
0.518788
0.518788
0.518788
0.518788
0.518788
0.518788
0.518788
0.518788
0.518788
0.518788
0.518788
0.518788
0.518788
0.518788
0.518788
0.518788
0.518788
0.518788
0.518788
0.518788
0.518788
0.518788
0.518788
0.518788
0.518788
0.518786
0.518789
0.517764
0.460453
0.0112399
4.434e-08
0.965269
0.985864
0.992575
0.993205
0.998329
0.999117
0.999611
0.999588
0.999492
0.998803
0.99014
0.998922
0.996151
0.998659
0.956042
0.999276
0.999701
0.999548
0.99885
0.999107
0.999713
0.999905
0.999988
0.999992
4.41906e-05
0.999699
0.998963
0.999806
0.99986
0.999861
0.999164
0.999143
0.998765
0.999879
0.518788
0.518788
0.518788
0.518788
0.518788
0.518788
0.518788
0.518788
0.518788
0.518788
0.518788
0.518788
0.518788
0.518788
0.518788
0.518788
0.518788
0.518788
0.518788
0.518788
0.518788
0.518788
0.518788
0.518788
0.518788
0.518788
0.518788
0.518788
0.518788
0.518788
0.518788
0.518788
0.518788
0.518788
0.518788
0.518788
0.518788
0.518788
0.518788
0.518788
0.518788
0.518788
0.518788
0.518788
0.518788
0.518788
0.518788
0.518788
0.518788
0.518788
0.518788
0.518788
0.518788
0.518788
0.518787
0.518788
0.518791
0.518854
0.566516
0.44144
0.0422234
0.125257
0.14146
0.0460644
0.8067
0.791435
0.958467
0.948086
0.910697
0.934712
0.922479
0.768218
0.792629
0.0246375
0.000119407
0.101023
0.00118366
0.971617
0.799046
0.913462
0.00750375
0.00185902
0.00504275
0.150925
0.00011813
0.00088369
0.144086
0.0049334
0.946223
0.998385
0.999857
0.999991
0.999997
0.999769
0.518243
0.99988
0.518788
0.518788
0.518788
0.518788
0.518788
0.518788
0.518788
0.518788
0.518788
0.518788
0.518788
0.518788
0.518788
0.518788
0.518788
0.518788
0.518788
0.518788
0.518788
0.518788
0.518788
0.518788
0.518788
0.518788
0.518788
0.518788
0.518788
0.518788
0.518788
0.518788
0.518788
0.518788
0.518788
0.518788
0.518788
0.518788
0.518788
0.518788
0.518788
0.518788
0.518788
0.518788
0.518788
0.518788
0.518788
0.518788
0.518788
0.518788
0.518788
0.518788
0.518788
0.518788
0.518788
0.518787
0.518788
0.518788
0.518788
0.518903
0.519907
0.437566
0.901674
0.688566
0.000628327
0.162327
0.489176
0.100496
0.358907
0.861089
0.104582
0.72413
0.00270788
0.0278984
0.832527
0.122292
0.489576
0.13663
0.043112
0.000164724
0.000190596
0.256156
0.0131736
5.24154e-05
4.6633e-05
0.545852
0.000965049
0.00504176
0.0455674
0.339187
0.599995
8.27465e-05
0.860375
0.995076
0.995567
0.999963
0.99997
0.99989
0.518788
0.518788
0.518788
0.518788
0.518788
0.518788
0.518788
0.518788
0.518788
0.518788
0.518788
0.518788
0.518788
0.518788
0.518788
0.518788
0.518788
0.518788
0.518788
0.518788
0.518788
0.518788
0.518788
0.518788
0.518788
0.518788
0.518788
0.518788
0.518788
0.518788
0.518788
0.518788
0.518788
0.518788
0.518788
0.518788
0.518788
0.518788
0.518788
0.518788
0.518788
0.518788
0.518788
0.518788
0.518788
0.518788
0.518788
0.518788
0.518788
0.518788
0.518788
0.518788
0.518788
0.518788
0.518788
0.518788
0.518789
0.518792
0.537791
0.401026
0.000367169
0.753489
0.000837644
0.59751
0.492439
0.000330851
0.577551
1.05521e-08
0.135995
0.158568
0.569545
0.556943
0.0309095
0.196646
0.000140222
0.131348
0.313395
0.493092
0.728562
0.378191
0.236894
0.327778
0.598239
0.0596759
0.537511
0.0512432
0.0003975
0.00131471
0.0145447
0.142111
3.5871e-05
0.075858
0.979931
0.245163
4.94648e-06
0.958796
0.518788
0.518788
0.518788
0.518788
0.518788
0.518788
0.518788
0.518788
0.518788
0.518788
0.518788
0.518788
0.518788
0.518788
0.518788
0.518788
0.518788
0.518788
0.518788
0.518788
0.518788
0.518788
0.518788
0.518788
0.518788
0.518788
0.518788
0.518788
0.518788
0.518788
0.518788
0.518788
0.518788
0.518788
0.518788
0.518788
0.518788
0.518788
0.518788
0.518788
0.518788
0.518788
0.518788
0.518788
0.518788
0.518788
0.518788
0.518788
0.518788
0.518788
0.518788
0.518788
0.518788
0.518788
0.518788
0.518788
0.518788
0.518802
0.550149
0.453193
0.864714
0.609998
0.493203
0.126692
0.011945
0.142489
0.00587216
0.101156
0.245682
2.76514e-05
0.752059
0.904793
0.00116376
0.00646271
0.669683
0.827758
0.617236
0.0238217
0.0557716
0.0962043
0.840346
0.891323
0.841879
0.632683
0.128328
0.024946
0.912671
0.000699521
1.02845e-06
0.0128601
0.923057
0.965767
0.97572
0.684898
0.98784
0.999977
0.518788
0.518788
0.518788
0.518788
0.518788
0.518788
0.518788
0.518788
0.518788
0.518788
0.518788
0.518788
0.518788
0.518788
0.518788
0.518788
0.518788
0.518788
0.518788
0.518788
0.518788
0.518788
0.518788
0.518788
0.518788
0.518788
0.518788
0.518788
0.518788
0.518788
0.518788
0.518788
0.518788
0.518788
0.518788
0.518788
0.518788
0.518788
0.518788
0.518788
0.518788
0.518788
0.518788
0.518788
0.518788
0.518788
0.518788
0.518788
0.518788
0.518788
0.518788
0.518788
0.518788
0.518788
0.518788
0.518788
0.518787
0.518791
0.518901
0.443197
0.948602
1.27699e-07
0.0295195
0.783246
0.142704
0.00132595
0.110305
0.487711
0.000126275
0.839201
0.898738
0.781589
0.319629
1.33426e-06
0.826366
0.0721122
0.139673
0.993174
0.999826
0.99998
0.99476
0.999474
0.999189
0.9998
0.999892
0.999914
0.999927
0.999931
0.999827
0.981266
0.999818
0.999692
0.999305
0.995307
0.999822
0.999942
0.518788
0.518788
0.518788
0.518788
0.518788
0.518788
0.518788
0.518788
0.518788
0.518788
0.518788
0.518788
0.518788
0.518788
0.518788
0.518788
0.518788
0.518788
0.518788
0.518788
0.518788
0.518788
0.518788
0.518788
0.518788
0.518788
0.518788
0.518788
0.518788
0.518788
0.518788
0.518788
0.518788
0.518788
0.518788
0.518788
0.518788
0.518788
0.518788
0.518788
0.518788
0.518788
0.518788
0.518788
0.518788
0.518788
0.518788
0.518788
0.518788
0.518788
0.518788
0.518788
0.518788
0.518788
0.518788
0.518788
0.518788
0.518682
0.521771
0.424245
0.971446
0.984687
0.96395
0.951242
0.974243
0.960917
0.723331
0.955253
0.924312
0.881092
0.943049
0.90237
0.951201
0.930733
0.998411
0.999882
0.999992
0.999995
0.999896
0.998718
0.998865
0.998239
0.99352
0.995261
0.998818
0.999203
0.998157
0.99755
0.996898
0.982424
0.99519
0.997063
0.991614
0.994367
0.997665
0.999872
0.518788
0.518788
0.518788
0.518788
0.518788
0.518788
0.518788
0.518788
0.518788
0.518788
0.518788
0.518788
0.518788
0.518788
0.518788
0.518788
0.518788
0.518788
0.518788
0.518788
0.518788
0.518788
0.518788
0.518788
0.518788
0.518788
0.518788
0.518788
0.518788
0.518788
0.518788
0.518788
0.518788
0.518788
0.518788
0.518788
0.518788
0.518788
0.518788
0.518788
0.518788
0.518788
0.518788
0.518788
0.518788
0.518788
0.518788
0.518788
0.518788
0.518788
0.518788
0.518788
0.518788
0.518788
0.518788
0.518788
0.518788
0.518718
0.515821
0.434323
0.761768
0.999926
0.999971
0.999872
0.999312
0.999987
0.999982
0.99999
0.999953
0.999907
0.999992
0.999991
0.99997
0.999507
0.99997
0.999691
0.999844
0.999139
0.994913
0.998147
0.998304
0.998305
0.997557
0.995442
0.995539
0.998872
0.999145
0.983759
0.995602
0.987278
0.997334
0.998025
0.997361
0.996835
0.998668
0.999876
0.518788
0.518788
0.518788
0.518788
0.518788
0.518788
0.518788
0.518788
0.518788
0.518788
0.518788
0.518788
0.518788
0.518788
0.518788
0.518788
0.518788
0.518788
0.518788
0.518788
0.518788
0.518788
0.518788
0.518788
0.518788
0.518788
0.518788
0.518788
0.518788
0.518788
0.518788
0.518788
0.518788
0.518788
0.518788
0.518788
0.518788
0.518788
0.518788
0.518788
0.518788
0.518788
0.518788
0.518788
0.518788
0.518788
0.518788
0.518788
0.518788
0.518788
0.518788
0.518788
0.518788
0.518788
0.518788
0.518788
0.518788
0.518778
0.518937
0.449815
0.436996
0.999985
0.999721
0.999844
0.99936
0.999753
0.998645
0.999368
0.99963
0.999793
0.999803
0.998143
0.979046
0.999469
0.997629
0.997305
0.998267
0.996041
0.986165
0.995424
0.996146
0.99504
0.994831
0.994632
0.993942
0.997583
0.998789
0.998251
0.992681
0.995217
0.997663
0.99788
0.997817
0.998308
0.998969
0.999874
0.518788
0.518788
0.518788
0.518788
0.518788
0.518788
0.518788
0.518788
0.518788
0.518788
0.518788
0.518788
0.518788
0.518788
0.518788
0.518788
0.518788
0.518788
0.518788
0.518788
0.518788
0.518788
0.518788
0.518788
0.518788
0.518788
0.518788
0.518788
0.518788
0.518788
0.518788
0.518788
0.518788
0.518788
0.518788
0.518788
0.518788
0.518788
0.518788
0.518788
0.518788
0.518788
0.518788
0.518788
0.518788
0.518788
0.518788
0.518788
0.518788
0.518788
0.518788
0.518788
0.518788
0.518788
0.518788
0.518788
0.518787
0.518577
0.516823
0.459031
0.30948
0.999996
0.999505
0.999508
0.999255
0.993618
0.998809
0.999087
0.998666
0.99497
0.995391
0.998517
0.999092
0.999035
0.998529
0.997498
0.994453
0.995058
0.0918428
0.975389
0.978579
0.973287
0.756504
0.99223
0.993544
0.997462
0.998519
0.998877
0.996818
0.993761
0.998449
0.998438
0.997304
0.998402
0.999069
0.999873
0.518788
0.518788
0.518788
0.518788
0.518788
0.518788
0.518788
0.518788
0.518788
0.518788
0.518788
0.518788
0.518788
0.518788
0.518788
0.518788
0.518788
0.518788
0.518788
0.518788
0.518788
0.518788
0.518788
0.518788
0.518788
0.518788
0.518788
0.518788
0.518788
0.518788
0.518788
0.518788
0.518788
0.518788
0.518788
0.518788
0.518788
0.518788
0.518788
0.518788
0.518788
0.518788
0.518788
0.518788
0.518788
0.518788
0.518788
0.518788
0.518788
0.518788
0.518788
0.518788
0.518788
0.518788
0.518788
0.518788
0.518787
0.51872
0.453726
0.485084
0.586576
0.999996
0.998661
0.999715
0.999578
0.996322
0.99822
0.998782
0.998881
0.998556
0.996899
0.970011
0.994135
0.996526
0.998314
0.998728
0.998403
0.997019
0.987328
0.983208
0.976968
0.99481
0.9975
0.998427
0.995849
0.900906
0.995395
0.998517
0.997816
0.994723
0.998401
0.998719
0.998505
0.999057
0.999445
0.999884
0.518788
0.518788
0.518788
0.518788
0.518788
0.518788
0.518788
0.518788
0.518788
0.518788
0.518788
0.518788
0.518788
0.518788
0.518788
0.518788
0.518788
0.518788
0.518788
0.518788
0.518788
0.518788
0.518788
0.518788
0.518788
0.518788
0.518788
0.518788
0.518788
0.518788
0.518788
0.518788
0.518788
0.518788
0.518788
0.518788
0.518788
0.518788
0.518788
0.518788
0.518788
0.518788
0.518788
0.518788
0.518788
0.518788
0.518788
0.518788
0.518788
0.518788
0.518788
0.518788
0.518788
0.518788
0.518788
0.518788
0.518787
0.518238
0.51764
0.449284
0.805653
0.00183397
0.999997
0.999732
0.999507
0.99461
0.997859
0.99019
0.984844
0.993294
0.980521
0.937154
0.991352
0.994307
0.65048
0.997679
0.998016
0.997411
0.996161
0.997187
0.997606
0.998265
0.998493
0.998603
0.995861
0.994834
0.9969
0.998828
0.99863
0.985765
0.998843
0.999021
0.999014
0.999403
0.999463
0.999881
0.518788
0.518788
0.518788
0.518788
0.518788
0.518788
0.518788
0.518788
0.518788
0.518788
0.518788
0.518788
0.518788
0.518788
0.518788
0.518788
0.518788
0.518788
0.518788
0.518788
0.518788
0.518788
0.518788
0.518788
0.518788
0.518788
0.518788
0.518788
0.518788
0.518788
0.518788
0.518788
0.518788
0.518788
0.518788
0.518788
0.518788
0.518788
0.518788
0.518788
0.518788
0.518788
0.518788
0.518788
0.518788
0.518788
0.518788
0.518788
0.518788
0.518788
0.518788
0.518788
0.518788
0.518788
0.518788
0.518788
0.518787
0.518766
0.498844
0.408163
0.921675
0.999148
0.999996
0.99853
0.999383
0.997763
0.995968
0.995886
0.987768
0.000449048
0.0414143
0.993164
0.991223
0.992834
0.965454
0.994981
0.992859
0.997904
0.997756
0.994043
0.998242
0.999417
0.999415
0.998874
0.974464
0.999425
0.999532
0.999155
0.997577
0.995131
0.988874
0.988878
0.990956
0.974803
0.998903
0.999874
0.518788
0.518788
0.518788
0.518788
0.518788
0.518788
0.518788
0.518788
0.518788
0.518788
0.518788
0.518788
0.518788
0.518788
0.518788
0.518788
0.518788
0.518788
0.518788
0.518788
0.518788
0.518788
0.518788
0.518788
0.518788
0.518788
0.518788
0.518788
0.518788
0.518788
0.518788
0.518788
0.518788
0.518788
0.518788
0.518788
0.518788
0.518788
0.518788
0.518788
0.518788
0.518788
0.518788
0.518788
0.518788
0.518788
0.518788
0.518788
0.518788
0.518788
0.518788
0.518788
0.518788
0.518788
0.518788
0.518788
0.518782
0.518163
0.488905
0.473865
0.799414
0.997624
0.999995
0.998531
0.994145
0.995686
0.996065
0.971539
0.9871
0.986483
0.992205
0.99275
0.988218
0.989158
0.997603
0.997522
0.998118
0.998524
0.99399
0.998432
0.999571
0.999711
0.998632
0.906744
0.972857
0.998735
0.999547
0.99957
0.999301
0.998517
0.99339
0.975028
0.991158
0.994467
0.998944
0.999876
0.518788
0.518788
0.518788
0.518788
0.518788
0.518788
0.518788
0.518788
0.518788
0.518788
0.518788
0.518788
0.518788
0.518788
0.518788
0.518788
0.518788
0.518788
0.518788
0.518788
0.518788
0.518788
0.518788
0.518788
0.518788
0.518788
0.518788
0.518788
0.518788
0.518788
0.518788
0.518788
0.518788
0.518788
0.518788
0.518788
0.518788
0.518788
0.518788
0.518788
0.518788
0.518788
0.518788
0.518788
0.518788
0.518788
0.518788
0.518788
0.518788
0.518788
0.518788
0.518788
0.518788
0.518788
0.518788
0.518788
0.518787
0.518772
0.519798
0.449853
0.81181
0.999035
0.999996
0.999542
0.997373
0.995753
0.995062
0.792882
0.993655
0.985041
0.948757
0.98588
0.990229
0.990288
0.995031
0.996517
0.98708
0.992688
0.997727
0.999487
0.999738
0.999071
0.597932
0.990166
0.991803
0.773349
0.990279
0.997291
0.999133
0.999528
0.999605
0.999352
0.998599
0.990547
0.999173
0.999881
0.518788
0.518788
0.518788
0.518788
0.518788
0.518788
0.518788
0.518788
0.518788
0.518788
0.518788
0.518788
0.518788
0.518788
0.518788
0.518788
0.518788
0.518788
0.518788
0.518788
0.518788
0.518788
0.518788
0.518788
0.518788
0.518788
0.518788
0.518788
0.518788
0.518788
0.518788
0.518788
0.518788
0.518788
0.518788
0.518788
0.518788
0.518788
0.518788
0.518788
0.518788
0.518788
0.518788
0.518788
0.518788
0.518788
0.518788
0.518788
0.518788
0.518788
0.518788
0.518788
0.518788
0.518788
0.518788
0.518788
0.518787
0.518997
0.479035
0.523799
0.526643
0.998614
0.999993
0.99947
0.99973
0.999927
0.999381
0.997544
0.978806
0.978029
0.990224
0.994431
0.994133
0.965905
0.991226
0.99195
0.995919
0.990585
0.999269
0.999636
0.998726
0.99783
0.997898
0.997782
0.996336
0.99219
0.947835
0.988995
0.974153
0.997003
0.999057
0.999643
0.99962
0.998915
0.998964
0.999878
0.518788
0.518788
0.518788
0.518788
0.518788
0.518788
0.518788
0.518788
0.518788
0.518788
0.518788
0.518788
0.518788
0.518788
0.518788
0.518788
0.518788
0.518788
0.518788
0.518788
0.518788
0.518788
0.518788
0.518788
0.518788
0.518788
0.518788
0.518788
0.518788
0.518788
0.518788
0.518788
0.518788
0.518788
0.518788
0.518788
0.518788
0.518788
0.518788
0.518788
0.518788
0.518788
0.518788
0.518788
0.518788
0.518788
0.518788
0.518788
0.518788
0.518788
0.518788
0.518788
0.518788
0.518788
0.518788
0.518788
0.518787
0.518812
0.518136
0.441229
0.858896
0.995568
0.998599
0.993096
0.999908
0.99999
0.999994
0.999828
0.999846
0.999734
0.999584
0.999697
0.999728
0.999466
0.999004
0.999684
0.999833
0.999882
0.99891
0.999459
0.998904
0.996838
0.99822
0.997876
0.99921
0.997266
0.998781
0.999086
0.999054
0.999363
0.999549
0.999321
0.99966
0.999493
0.998471
0.999878
0.518788
0.518788
0.518788
0.518788
0.518788
0.518788
0.518788
0.518788
0.518788
0.518788
0.518788
0.518788
0.518788
0.518788
0.518788
0.518788
0.518788
0.518788
0.518788
0.518788
0.518788
0.518788
0.518788
0.518788
0.518788
0.518788
0.518788
0.518788
0.518788
0.518788
0.518788
0.518788
0.518788
0.518788
0.518788
0.518788
0.518788
0.518788
0.518788
0.518788
0.518788
0.518788
0.518788
0.518788
0.518788
0.518788
0.518788
0.518788
0.518788
0.518788
0.518788
0.518788
0.518788
0.518788
0.518788
0.518788
0.518787
0.519059
0.512967
0.483068
0.0280726
0.964785
0.823241
0.988666
0.984838
0.987953
0.993909
0.997221
0.99826
0.998077
0.997573
0.993686
0.996007
0.996742
0.992761
0.985386
0.994956
0.996485
0.996486
0.993382
0.99259
0.993559
0.964378
0.990995
0.996894
0.999759
5.49185e-13
0.999992
0.99999
0.998977
0.999073
0.999056
0.999578
0.999205
0.998846
0.999884
0.518788
0.518788
0.518788
0.518788
0.518788
0.518788
0.518788
0.518788
0.518788
0.518788
0.518788
0.518788
0.518788
0.518788
0.518788
0.518788
0.518788
0.518788
0.518788
0.518788
0.518788
0.518788
0.518788
0.518788
0.518788
0.518788
0.518788
0.518788
0.518788
0.518788
0.518788
0.518788
0.518788
0.518788
0.518788
0.518788
0.518788
0.518788
0.518788
0.518788
0.518788
0.518788
0.518788
0.518788
0.518788
0.518788
0.518788
0.518788
0.518788
0.518788
0.518788
0.518788
0.518788
0.518788
0.518788
0.518788
0.518749
0.517618
0.536691
0.445938
0.356685
0.985566
0.575306
0.968394
0.855535
0.975153
0.950972
0.85752
0.964058
0.833118
0.991941
0.900145
0.989307
0.3426
7.94099e-05
0.983107
0.982186
0.00351181
0.711265
0.932364
0.900979
0.947743
0.953002
0.974303
0.96645
1.80593e-10
0.0389036
0.99428
0.999395
0.999926
0.999989
0.999998
0.998365
0.997036
0.999514
0.999913
0.518788
0.518788
0.518788
0.518788
0.518788
0.518788
0.518788
0.518788
0.518788
0.518788
0.518788
0.518788
0.518788
0.518788
0.518788
0.518788
0.518788
0.518788
0.518788
0.518788
0.518788
0.518788
0.518788
0.518788
0.518788
0.518788
0.518788
0.518788
0.518788
0.518788
0.518788
0.518788
0.518788
0.518788
0.518788
0.518788
0.518788
0.518788
0.518788
0.518788
0.518788
0.518788
0.518788
0.518788
0.518788
0.518788
0.518788
0.518788
0.518788
0.518788
0.518788
0.518788
0.518788
0.518788
0.518788
0.518788
0.518786
0.518608
0.492355
0.466505
0.402603
0.9726
7.5229e-05
0.94913
3.41833e-07
0.101933
0.940102
0.140153
0.00209843
0.533305
0.609919
0.560631
1.49128e-05
0.208632
0.133845
0.00111416
0.00245002
0.121601
0.514182
0.565727
0.766013
0.905241
0.87044
0.861409
0.000142028
0.0711912
0.87754
0.142411
0.996114
0.999662
0.99983
0.999988
0.999931
0.991852
0.999297
0.999968
0.518788
0.518788
0.518788
0.518788
0.518788
0.518788
0.518788
0.518788
0.518788
0.518788
0.518788
0.518788
0.518788
0.518788
0.518788
0.518788
0.518788
0.518788
0.518788
0.518788
0.518788
0.518788
0.518788
0.518788
0.518788
0.518788
0.518788
0.518788
0.518788
0.518788
0.518788
0.518788
0.518788
0.518788
0.518788
0.518788
0.518788
0.518788
0.518788
0.518788
0.518788
0.518788
0.518788
0.518788
0.518788
0.518788
0.518788
0.518788
0.518788
0.518788
0.518788
0.518788
0.518788
0.518788
0.518788
0.518788
0.518787
0.51879
0.505039
0.459835
0.306443
0.979467
0.844341
0.964684
1.8564e-05
0.0101882
0.982251
0.955741
0.717425
0.951582
0.787439
0.777019
0.918124
1.50141e-07
0.989275
0.819817
0.948698
0.000733271
0.800671
0.995932
0.9983
0.998312
0.995778
0.989453
0.993424
0.994277
0.997879
0.9985
0.997687
0.999494
0.999899
0.999984
0.999989
0.999581
0.999656
0.999872
0.518788
0.518788
0.518788
0.518788
0.518788
0.518788
0.518788
0.518788
0.518788
0.518788
0.518788
0.518788
0.518788
0.518788
0.518788
0.518788
0.518788
0.518788
0.518788
0.518788
0.518788
0.518788
0.518788
0.518788
0.518788
0.518788
0.518788
0.518788
0.518788
0.518788
0.518788
0.518788
0.518788
0.518788
0.518788
0.518788
0.518788
0.518788
0.518788
0.518788
0.518788
0.518788
0.518788
0.518788
0.518788
0.518788
0.518788
0.518788
0.518788
0.518788
0.518788
0.518788
0.518788
0.518788
0.518788
0.518788
0.51878
0.519013
0.520138
0.425586
0.9539
0.991749
0.971172
0.963512
0.939851
0.813439
0.993469
0.884353
0.989074
0.939036
0.963545
1.99957e-05
0.898676
0.87113
0.963176
0.975208
0.994819
0.999873
0.999991
0.999994
0.999249
0.999716
0.999816
0.999854
0.999863
0.999822
0.999676
0.999449
0.999768
0.999828
0.999814
0.999796
0.993961
0.999204
0.99956
0.999891
0.518788
0.518788
0.518788
0.518788
0.518788
0.518788
0.518788
0.518788
0.518788
0.518788
0.518788
0.518788
0.518788
0.518788
0.518788
0.518788
0.518788
0.518788
0.518788
0.518788
0.518788
0.518788
0.518788
0.518788
0.518788
0.518788
0.518788
0.518788
0.518788
0.518788
0.518788
0.518788
0.518788
0.518788
0.518788
0.518788
0.518788
0.518788
0.518788
0.518788
0.518788
0.518788
0.518788
0.518788
0.518788
0.518788
0.518788
0.518788
0.518788
0.518788
0.518788
0.518788
0.518788
0.518788
0.518788
0.518788
0.518788
0.518659
0.531407
0.524217
0.132859
0.995031
0.997722
0.967359
0.995206
0.996504
0.993627
0.99605
0.994736
0.848029
0.995765
0.99464
6.19206e-08
0.773182
0.000462974
0.999875
0.999988
0.999995
0.999908
0.998513
0.997974
0.997915
0.976566
0.999064
0.999442
0.998966
0.994412
0.995378
0.988681
0.993305
0.996993
0.993419
0.997539
0.998946
0.99923
0.999868
0.518788
0.518788
0.518788
0.518788
0.518788
0.518788
0.518788
0.518788
0.518788
0.518788
0.518788
0.518788
0.518788
0.518788
0.518788
0.518788
0.518788
0.518788
0.518788
0.518788
0.518788
0.518788
0.518788
0.518788
0.518788
0.518788
0.518788
0.518788
0.518788
0.518788
0.518788
0.518788
0.518788
0.518788
0.518788
0.518788
0.518788
0.518788
0.518788
0.518788
0.518788
0.518788
0.518788
0.518788
0.518788
0.518788
0.518788
0.518788
0.518788
0.518788
0.518788
0.518788
0.518788
0.518788
0.518788
0.518788
0.518788
0.518788
0.517975
0.468849
0.637059
0.997997
0.999982
0.999983
0.999935
0.999989
0.999993
0.999991
0.999982
0.999985
0.999993
0.999889
0.999886
0.99981
0.999801
0.998839
0.999846
0.999427
0.99351
0.998764
0.998437
0.999119
0.998796
0.997585
0.999485
0.999467
0.99805
0.980093
0.995499
0.997118
0.991579
0.963122
0.993922
0.998547
0.999094
0.999869
0.518788
0.518788
0.518788
0.518788
0.518788
0.518788
0.518788
0.518788
0.518788
0.518788
0.518788
0.518788
0.518788
0.518788
0.518788
0.518788
0.518788
0.518788
0.518788
0.518788
0.518788
0.518788
0.518788
0.518788
0.518788
0.518788
0.518788
0.518788
0.518788
0.518788
0.518788
0.518788
0.518788
0.518788
0.518788
0.518788
0.518788
0.518788
0.518788
0.518788
0.518788
0.518788
0.518788
0.518788
0.518788
0.518788
0.518788
0.518788
0.518788
0.518788
0.518788
0.518788
0.518788
0.518788
0.518788
0.518788
0.518788
0.518411
0.517487
0.449612
0.778989
0.998632
0.999996
0.999806
0.999849
0.999789
0.986516
0.999328
0.99999
0.999707
0.999988
0.999563
0.998721
0.994164
0.996594
0.998523
0.999027
0.999052
0.998662
0.993544
0.996948
0.998557
0.998891
0.99653
0.999255
0.999538
0.998269
0.995191
0.997675
0.997968
0.97919
0.996043
0.996335
0.997925
0.998162
0.99986
0.518788
0.518788
0.518788
0.518788
0.518788
0.518788
0.518788
0.518788
0.518788
0.518788
0.518788
0.518788
0.518788
0.518788
0.518788
0.518788
0.518788
0.518788
0.518788
0.518788
0.518788
0.518788
0.518788
0.518788
0.518788
0.518788
0.518788
0.518788
0.518788
0.518788
0.518788
0.518788
0.518788
0.518788
0.518788
0.518788
0.518788
0.518788
0.518788
0.518788
0.518788
0.518788
0.518788
0.518788
0.518788
0.518788
0.518788
0.518788
0.518788
0.518788
0.518788
0.518788
0.518788
0.518788
0.518788
0.518788
0.518787
0.518775
0.504982
0.45808
0.752448
0.994256
0.999995
0.999328
0.966677
0.99904
0.997104
0.999012
0.997084
0.999399
0.998234
0.998095
0.998476
0.997033
0.962879
0.91666
0.997192
0.997559
0.997652
0.992341
0.996754
0.99815
0.998125
0.993408
0.999048
0.999555
0.999002
0.990564
0.998261
0.998687
0.997526
0.998561
0.998696
0.999062
0.998545
0.999865
0.518788
0.518788
0.518788
0.518788
0.518788
0.518788
0.518788
0.518788
0.518788
0.518788
0.518788
0.518788
0.518788
0.518788
0.518788
0.518788
0.518788
0.518788
0.518788
0.518788
0.518788
0.518788
0.518788
0.518788
0.518788
0.518788
0.518788
0.518788
0.518788
0.518788
0.518788
0.518788
0.518788
0.518788
0.518788
0.518788
0.518788
0.518788
0.518788
0.518788
0.518788
0.518788
0.518788
0.518788
0.518788
0.518788
0.518788
0.518788
0.518788
0.518788
0.518788
0.518788
0.518788
0.518788
0.518788
0.518788
0.518787
0.518731
0.501579
0.458848
0.761028
0.99788
0.999996
0.999557
0.998409
0.994242
0.996025
0.99492
0.995764
0.991821
0.997463
0.997312
0.996163
0.994405
0.99489
0.994151
0.94597
0.986999
0.994758
0.978959
0.972287
0.949484
0.962068
0.992628
0.998837
0.999469
0.999062
0.995824
0.993715
0.997176
0.993312
0.983345
0.997531
0.999215
0.999181
0.999872
0.518788
0.518788
0.518788
0.518788
0.518788
0.518788
0.518788
0.518788
0.518788
0.518788
0.518788
0.518788
0.518788
0.518788
0.518788
0.518788
0.518788
0.518788
0.518788
0.518788
0.518788
0.518788
0.518788
0.518788
0.518788
0.518788
0.518788
0.518788
0.518788
0.518788
0.518788
0.518788
0.518788
0.518788
0.518788
0.518788
0.518788
0.518788
0.518788
0.518788
0.518788
0.518788
0.518788
0.518788
0.518788
0.518788
0.518788
0.518788
0.518788
0.518788
0.518788
0.518788
0.518788
0.518788
0.518788
0.518788
0.518785
0.519433
0.478586
0.325196
3.63843e-07
3.1119e-13
0.999998
0.999743
0.99744
0.992112
0.990842
0.99334
0.997138
0.994524
0.990008
0.997142
0.998254
0.998552
0.998714
0.998691
0.99806
0.996087
0.99274
0.922537
0.982136
0.984974
0.98966
0.984341
0.996317
0.999371
0.999298
0.994174
0.997201
0.998234
0.990821
0.941166
0.997699
0.999042
0.998335
0.999868
)
;

boundaryField
{
    outlet
    {
        type            zeroGradient;
    }
    inlet
    {
        type            fixedValue;
        value           uniform 0.02;
    }
    walls
    {
        type            zeroGradient;
    }
}


// ************************************************************************* //
