/*--------------------------------*- C++ -*----------------------------------*\
| =========                 |                                                 |
| \\      /  F ield         | OpenFOAM: The Open Source CFD Toolbox           |
|  \\    /   O peration     | Version:  2.3.0                                 |
|   \\  /    A nd           | Web:      www.OpenFOAM.org                      |
|    \\/     M anipulation  |                                                 |
\*---------------------------------------------------------------------------*/
FoamFile
{
    version     2.0;
    format      ascii;
    class       volScalarField;
    location    "27";
    object      L3;
}
// * * * * * * * * * * * * * * * * * * * * * * * * * * * * * * * * * * * * * //

dimensions      [0 0 0 0 0 0 0];

internalField   nonuniform List<scalar> 
6144
(
0.00631579
0.00631579
0.00631579
0.00631579
0.00631579
0.00631579
0.00631579
0.00631579
0.00631579
0.00631579
0.00631579
0.00631579
0.00631579
0.00631579
0.00631579
0.00631579
0.00631579
0.00631579
0.00631579
0.00631579
0.00631579
0.00631579
0.00631579
0.00631579
0.00631579
0.00631579
0.00631579
0.00631579
0.00631579
0.00631579
0.00631579
0.00631579
0.00631579
0.00631579
0.00631579
0.00631579
0.00631579
0.00631579
0.00631579
0.00631579
0.00631579
0.00631579
0.00631579
0.00631579
0.00631579
0.00631579
0.00631579
0.00631579
0.00631579
0.00631579
0.00631579
0.00631579
0.00631579
0.00631579
0.00631579
0.00631579
0.00631579
0.00631579
0.00631579
0.00631579
0.00631579
0.00720216
0.00748044
0.0001
0.0001
0.0001
0.0001
0.0001
0.0001
0.0001
0.0001
0.0001
0.0001
0.0001
0.0001
0.0001
0.0001
0.0001
0.0001
0.0001
0.0001
0.0001
0.0001
0.0001
0.0001
0.0001
0.0001
0.0001
0.0001
0.0001
0.0001
0.0001
0.0001
0.0001
0.0001
0.0001
0.00631579
0.00631579
0.00631579
0.00631579
0.00631579
0.00631579
0.00631579
0.00631579
0.00631579
0.00631579
0.00631579
0.00631579
0.00631579
0.00631579
0.00631579
0.00631579
0.00631579
0.00631579
0.00631579
0.00631579
0.00631579
0.00631579
0.00631579
0.00631579
0.00631579
0.00631579
0.00631579
0.00631579
0.00631579
0.00631579
0.00631579
0.00631579
0.00631579
0.00631579
0.00631579
0.00631579
0.00631579
0.00631579
0.00631579
0.00631579
0.00631579
0.00631579
0.00631579
0.00631579
0.00631579
0.00631579
0.00631579
0.00631579
0.00631579
0.00631579
0.00631579
0.00631579
0.00631579
0.00631579
0.00631579
0.00631579
0.00631579
0.00631579
0.00631579
0.00631579
0.00631579
0.00723118
0.0001
0.0001
0.0001
0.0001
0.0001
0.0001
0.0001
0.0001
0.0001
0.0001
0.0001
0.0001
0.0001
0.0001
0.0001
0.0001
0.0001
0.0001
0.0001
0.0001
0.0001
0.0001
0.0001
0.0001
0.0001
0.0001
0.0001
0.0001
0.0001
0.0001
0.0001
0.0001
0.0001
0.0001
0.00631579
0.00631579
0.00631579
0.00631579
0.00631579
0.00631579
0.00631579
0.00631579
0.00631579
0.00631579
0.00631579
0.00631579
0.00631579
0.00631579
0.00631579
0.00631579
0.00631579
0.00631579
0.00631579
0.00631579
0.00631579
0.00631579
0.00631579
0.00631579
0.00631579
0.00631579
0.00631579
0.00631579
0.00631579
0.00631579
0.00631579
0.00631579
0.00631579
0.00631579
0.00631579
0.00631579
0.00631579
0.00631579
0.00631579
0.00631579
0.00631579
0.00631579
0.00631579
0.00631579
0.00631579
0.00631579
0.00631579
0.00631579
0.00631579
0.00631579
0.00631579
0.00631579
0.00631579
0.00631579
0.00631579
0.00631579
0.00631579
0.00631579
0.00631579
0.00631579
0.00631579
0.00747341
0.0001
0.0001
0.0001
0.0001
0.0001
0.0001
0.0001
0.0001
0.0001
0.0001
0.0001
0.0001
0.0001
0.0001
0.0001
0.0001
0.0001
0.0001
0.0001
0.0001
0.0001
0.0001
0.0001
0.0001
0.0001
0.0001
0.0001
0.0001
0.0001
0.0001
0.0001
0.0001
0.0001
0.0001
0.00631579
0.00631579
0.00631579
0.00631579
0.00631579
0.00631579
0.00631579
0.00631579
0.00631579
0.00631579
0.00631579
0.00631579
0.00631579
0.00631579
0.00631579
0.00631579
0.00631579
0.00631579
0.00631579
0.00631579
0.00631579
0.00631579
0.00631579
0.00631579
0.00631579
0.00631579
0.00631579
0.00631579
0.00631579
0.00631579
0.00631579
0.00631579
0.00631579
0.00631579
0.00631579
0.00631579
0.00631579
0.00631579
0.00631579
0.00631579
0.00631579
0.00631579
0.00631579
0.00631579
0.00631579
0.00631579
0.00631579
0.00631579
0.00631579
0.00631579
0.00631579
0.00631579
0.00631579
0.00631579
0.00631579
0.00631579
0.00631579
0.00631579
0.00631579
0.00631579
0.00631579
0.00748044
0.0001
0.0001
0.0001
0.0001
0.0001
0.0001
0.0001
0.0001
0.0001
0.0001
0.0001
0.0001
0.0001
0.0001
0.0001
0.0001
0.0001
0.0001
0.0001
0.0001
0.0001
0.0001
0.0001
0.0001
0.0001
0.0001
0.0001
0.0001
0.0001
0.0001
0.0001
0.0001
0.0001
0.0001
0.00631579
0.00631579
0.00631579
0.00631579
0.00631579
0.00631579
0.00631579
0.00631579
0.00631579
0.00631579
0.00631579
0.00631579
0.00631579
0.00631579
0.00631579
0.00631579
0.00631579
0.00631579
0.00631579
0.00631579
0.00631579
0.00631579
0.00631579
0.00631579
0.00631579
0.00631579
0.00631579
0.00631579
0.00631579
0.00631579
0.00631579
0.00631579
0.00631579
0.00631579
0.00631579
0.00631579
0.00631579
0.00631579
0.00631579
0.00631579
0.00631579
0.00631579
0.00631579
0.00631579
0.00631579
0.00631579
0.00631579
0.00631579
0.00631579
0.00631579
0.00631579
0.00631579
0.00631579
0.00631579
0.00631579
0.00631579
0.00631579
0.00631579
0.00631579
0.00631579
0.00631579
0.00748044
0.00708697
0.00709975
0.00736738
0.00727739
0.00657656
0.00655851
0.00631579
0.00631579
0.00716259
0.00631579
0.00631579
0.00658334
0.00734058
0.00736726
0.00727954
0.00744689
0.00748044
0.00748044
0.0001
0.0001
0.0001
0.0001
0.0001
0.0001
0.0001
0.0001
0.0001
0.0001
0.0001
0.0001
0.0001
0.0001
0.0001
0.0001
0.00631579
0.00631579
0.00631579
0.00631579
0.00631579
0.00631579
0.00631579
0.00631579
0.00631579
0.00631579
0.00631579
0.00631579
0.00631579
0.00631579
0.00631579
0.00631579
0.00631579
0.00631579
0.00631579
0.00631579
0.00631579
0.00631579
0.00631579
0.00631579
0.00631579
0.00631579
0.00631579
0.00631579
0.00631579
0.00631579
0.00631579
0.00631579
0.00631579
0.00631579
0.00631579
0.00631579
0.00631579
0.00631579
0.00631579
0.00631579
0.00631579
0.00631579
0.00631579
0.00631579
0.00631579
0.00631579
0.00631579
0.00631579
0.00631579
0.00631579
0.00631579
0.00631579
0.00631579
0.00631579
0.00631579
0.00631579
0.00631579
0.00631579
0.00631579
0.00631579
0.00631579
0.00631579
0.00631579
0.00631579
0.00631579
0.00631579
0.00631579
0.00631579
0.00631579
0.00631579
0.00631579
0.00631579
0.00631579
0.00631579
0.00631579
0.00631579
0.00631579
0.00631579
0.00631579
0.00631579
0.00648441
0.0070698
0.0073348
0.00748044
0.00748044
0.0001
0.0001
0.0001
0.0001
0.0001
0.0001
0.0001
0.0001
0.0001
0.0001
0.0001
0.00631579
0.00631579
0.00631579
0.00631579
0.00631579
0.00631579
0.00631579
0.00631579
0.00631579
0.00631579
0.00631579
0.00631579
0.00631579
0.00631579
0.00631579
0.00631579
0.00631579
0.00631579
0.00631579
0.00631579
0.00631579
0.00631579
0.00631579
0.00631579
0.00631579
0.00631579
0.00631579
0.00631579
0.00631579
0.00631579
0.00631579
0.00631579
0.00631579
0.00631579
0.00631579
0.00631579
0.00631579
0.00631579
0.00631579
0.00631579
0.00631579
0.00631579
0.00631579
0.00631579
0.00631579
0.00631579
0.00631579
0.00631579
0.00631579
0.00631579
0.00631579
0.00631579
0.00631579
0.00631579
0.00631579
0.00631579
0.00631579
0.00631579
0.00631579
0.00631579
0.00631579
0.00631579
0.00631579
0.00631579
0.00631579
0.00631579
0.00631579
0.00631579
0.00631579
0.00631579
0.00631579
0.00631579
0.00631579
0.00631579
0.00631579
0.00631579
0.00631579
0.00631579
0.00631579
0.00631579
0.00631579
0.00631579
0.00631579
0.00631579
0.00631579
0.00639986
0.00742321
0.00747905
0.0001
0.0001
0.0001
0.0001
0.0001
0.0001
0.0001
0.00748044
0.00631579
0.00631579
0.00631579
0.00631579
0.00631579
0.00631579
0.00631579
0.00631579
0.00631579
0.00631579
0.00631579
0.00631579
0.00631579
0.00631579
0.00631579
0.00631579
0.00631579
0.00631579
0.00631579
0.00631579
0.00631579
0.00631579
0.00631579
0.00631579
0.00631579
0.00631579
0.00631579
0.00631579
0.00631579
0.00631579
0.00631579
0.00631579
0.00631579
0.00631579
0.00631579
0.00631579
0.00631579
0.00631579
0.00631579
0.00631579
0.00631579
0.00631579
0.00631579
0.00631579
0.00631579
0.00631579
0.00631579
0.00631579
0.00631579
0.00631579
0.00631579
0.00631579
0.00631579
0.00631579
0.00631579
0.00631579
0.00631579
0.00631579
0.00631579
0.00631579
0.00631579
0.00631579
0.00631579
0.00631579
0.00631579
0.00631579
0.00631579
0.00631579
0.00631579
0.00631579
0.00631579
0.00631579
0.00631579
0.00631579
0.00631579
0.00631579
0.00631579
0.00631579
0.00631579
0.00631579
0.00631579
0.00631579
0.00631579
0.00631579
0.00631579
0.00631579
0.00631579
0.00631579
0.00631579
0.00631579
0.00631579
0.00631579
0.00631579
0.00631579
0.00631579
0.00631579
0.00631579
0.00631579
0.00631579
0.00631579
0.00631579
0.00631579
0.00631579
0.00631579
0.00631579
0.00631579
0.00631579
0.00631579
0.00631579
0.00631579
0.00631579
0.00631579
0.00631579
0.00631579
0.00631579
0.00631579
0.00631579
0.00631579
0.00631579
0.00631579
0.00631579
0.00631579
0.00631579
0.00631579
0.00631579
0.00631579
0.00631579
0.00631579
0.00631579
0.00631579
0.00631579
0.00631579
0.00631579
0.00631579
0.00631579
0.00631579
0.00631579
0.00631579
0.00631579
0.00631579
0.00631579
0.00631579
0.00631579
0.00631579
0.00631579
0.00631579
0.00631579
0.00631579
0.00631579
0.00631579
0.00631579
0.00631579
0.00631579
0.00631579
0.00631579
0.00631579
0.00631579
0.00631579
0.00631579
0.00631579
0.00631579
0.00631579
0.00631579
0.00631579
0.00631579
0.00631579
0.00631579
0.00631579
0.00631579
0.00631579
0.00631579
0.00631579
0.00631579
0.00631579
0.00631579
0.00631579
0.00631579
0.00631579
0.00631579
0.00631579
0.00631579
0.00631579
0.00631579
0.00631579
0.00631579
0.00631579
0.00631579
0.00631579
0.00631579
0.00631579
0.00631579
0.00631579
0.00631579
0.00631579
0.00631579
0.00631579
0.00631579
0.00631579
0.00631579
0.00631579
0.00631579
0.00631579
0.00631579
0.00631579
0.00631579
0.00631579
0.00631579
0.00631579
0.00631579
0.00631579
0.00631579
0.00631579
0.00631579
0.00631579
0.00631579
0.00631579
0.00631579
0.00631579
0.00631579
0.00631579
0.00631579
0.00631579
0.00631579
0.00631579
0.00631579
0.00631579
0.00631579
0.00631579
0.00631579
0.00631579
0.00631579
0.00631579
0.00631579
0.00631579
0.00631579
0.00631579
0.00631579
0.00631579
0.00631579
0.00631579
0.00631579
0.00631579
0.00631579
0.00631579
0.00631579
0.00631579
0.00631579
0.00631579
0.00631579
0.00631579
0.00631579
0.00631579
0.00631579
0.00631579
0.00631579
0.00631579
0.00631579
0.00631579
0.00631579
0.00631579
0.00631579
0.00631579
0.00631579
0.00631579
0.00631579
0.00631579
0.00631579
0.00631579
0.00631579
0.00631579
0.00631579
0.00631579
0.00631579
0.00631579
0.00631579
0.00631579
0.00631579
0.00631579
0.00631579
0.00631579
0.00631579
0.00631579
0.00631579
0.00631579
0.00631579
0.00631579
0.00631579
0.00693831
0.00631579
0.00631579
0.00631579
0.00631579
0.00631579
0.00631579
0.00631579
0.00631579
0.00631579
0.00631579
0.00631579
0.00631579
0.00631579
0.00631579
0.00631579
0.00631579
0.00631579
0.00631579
0.00631579
0.00631579
0.00631579
0.00631579
0.00631579
0.00631579
0.00631579
0.00631579
0.00631579
0.00631579
0.00631579
0.00631579
0.00631579
0.00631579
0.00631579
0.00631579
0.00631579
0.00631579
0.00631579
0.00631579
0.00631579
0.00631579
0.00631579
0.00631579
0.00631579
0.00631579
0.00631579
0.00631579
0.00631579
0.00631579
0.00631579
0.00631579
0.00631579
0.00631579
0.00631579
0.00631579
0.00631579
0.00631579
0.00631579
0.00631579
0.00631579
0.00631579
0.00696727
0.00631579
0.00631579
0.00631579
0.00631579
0.00631579
0.00631579
0.00631579
0.00631579
0.00631579
0.00631579
0.00631579
0.00631579
0.00643835
0.00668623
0.00657697
0.00631579
0.00631579
0.00631579
0.00631579
0.00631579
0.00631579
0.00631579
0.00631579
0.00631579
0.00631579
0.00631579
0.00631579
0.00631579
0.00631579
0.00631579
0.00631579
0.00631579
0.00631579
0.00734041
0.00748044
0.00631579
0.00631579
0.00631579
0.00631579
0.00631579
0.00631579
0.00631579
0.00631579
0.00631579
0.00631579
0.00631579
0.00631579
0.00631579
0.00631579
0.00631579
0.00631579
0.00631579
0.00631579
0.00631579
0.00631579
0.00631579
0.00631579
0.00631579
0.00631579
0.00631579
0.00631579
0.00631579
0.00631579
0.00631579
0.00631579
0.00631579
0.00631579
0.00631579
0.00631579
0.00631579
0.00631579
0.00631579
0.00631579
0.00631579
0.00631579
0.00631579
0.00631579
0.00631579
0.00631579
0.00631579
0.00631579
0.00631579
0.00631579
0.00631579
0.00631579
0.00631579
0.00631579
0.00631579
0.00631579
0.00631579
0.00631579
0.00631579
0.00631579
0.00631579
0.00631579
0.00631579
0.00639623
0.00631579
0.00631579
0.00686209
0.00686148
0.00631579
0.00715037
0.00745079
0.00737066
0.00748044
0.0001
0.00747269
0.0001
0.0001
0.0001
0.00748044
0.00744088
0.00686049
0.00631579
0.00712382
0.00707437
0.00734816
0.00631579
0.00704999
0.00683398
0.00676947
0.00644536
0.00631579
0.0068441
0.00735654
0.00742755
0.00748044
0.00748044
0.0001
0.0001
0.00631579
0.00631579
0.00631579
0.00631579
0.00631579
0.00631579
0.00631579
0.00631579
0.00631579
0.00631579
0.00631579
0.00631579
0.00631579
0.00631579
0.00631579
0.00631579
0.00631579
0.00631579
0.00631579
0.00631579
0.00631579
0.00631579
0.00631579
0.00631579
0.00631579
0.00631579
0.00631579
0.00631579
0.00631579
0.00631579
0.00631579
0.00631579
0.00631579
0.00631579
0.00631579
0.00631579
0.00631579
0.00631579
0.00631579
0.00631579
0.00631579
0.00631579
0.00631579
0.00631579
0.00631579
0.00631579
0.00631579
0.00631579
0.00631579
0.00631579
0.00631579
0.00631579
0.00631579
0.00631579
0.00631579
0.00631579
0.00631579
0.00631579
0.00631579
0.00631579
0.00631579
0.00748044
0.00748044
0.0001
0.0001
0.0001
0.0001
0.0001
0.0001
0.0001
0.0001
0.0001
0.0001
0.0001
0.0001
0.0001
0.0001
0.0001
0.0001
0.0001
0.0001
0.0001
0.0001
0.0001
0.0001
0.0001
0.0001
0.0001
0.0001
0.0001
0.0001
0.0001
0.0001
0.0001
0.0001
0.0001
0.00631579
0.00631579
0.00631579
0.00631579
0.00631579
0.00631579
0.00631579
0.00631579
0.00631579
0.00631579
0.00631579
0.00631579
0.00631579
0.00631579
0.00631579
0.00631579
0.00631579
0.00631579
0.00631579
0.00631579
0.00631579
0.00631579
0.00631579
0.00631579
0.00631579
0.00631579
0.00631579
0.00631579
0.00631579
0.00631579
0.00631579
0.00631579
0.00631579
0.00631579
0.00631579
0.00631579
0.00631579
0.00631579
0.00631579
0.00631579
0.00631579
0.00631579
0.00631579
0.00631579
0.00631579
0.00631579
0.00631579
0.00631579
0.00631579
0.00631579
0.00631579
0.00631579
0.00631579
0.00631579
0.00631579
0.00631579
0.00631579
0.00631579
0.00631579
0.00631579
0.00631579
0.0001
0.0001
0.0001
0.0001
0.0001
0.0001
0.0001
0.0001
0.0001
0.0001
0.0001
0.0001
0.0001
0.0001
0.0001
0.0001
0.0001
0.0001
0.0001
0.0001
0.0001
0.0001
0.0001
0.0001
0.0001
0.0001
0.0001
0.0001
0.0001
0.0001
0.0001
0.0001
0.0001
0.0001
0.0001
0.00631579
0.00631579
0.00631579
0.00631579
0.00631579
0.00631579
0.00631579
0.00631579
0.00631579
0.00631579
0.00631579
0.00631579
0.00631579
0.00631579
0.00631579
0.00631579
0.00631579
0.00631579
0.00631579
0.00631579
0.00631579
0.00631579
0.00631579
0.00631579
0.00631579
0.00631579
0.00631579
0.00631579
0.00631579
0.00631579
0.00631579
0.00631579
0.00631579
0.00631579
0.00631579
0.00631579
0.00631579
0.00631579
0.00631579
0.00631579
0.00631579
0.00631579
0.00631579
0.00631579
0.00631579
0.00631579
0.00631579
0.00631579
0.00631579
0.00631579
0.00631579
0.00631579
0.00631579
0.00631579
0.00631579
0.00631579
0.00631579
0.00631579
0.00631579
0.00631579
0.00631579
0.00748044
0.0001
0.0001
0.0001
0.0001
0.0001
0.0001
0.0001
0.0001
0.0001
0.0001
0.0001
0.0001
0.0001
0.0001
0.0001
0.0001
0.0001
0.0001
0.0001
0.0001
0.0001
0.0001
0.0001
0.0001
0.0001
0.0001
0.0001
0.0001
0.0001
0.0001
0.0001
0.0001
0.0001
0.0001
0.00631579
0.00631579
0.00631579
0.00631579
0.00631579
0.00631579
0.00631579
0.00631579
0.00631579
0.00631579
0.00631579
0.00631579
0.00631579
0.00631579
0.00631579
0.00631579
0.00631579
0.00631579
0.00631579
0.00631579
0.00631579
0.00631579
0.00631579
0.00631579
0.00631579
0.00631579
0.00631579
0.00631579
0.00631579
0.00631579
0.00631579
0.00631579
0.00631579
0.00631579
0.00631579
0.00631579
0.00631579
0.00631579
0.00631579
0.00631579
0.00631579
0.00631579
0.00631579
0.00631579
0.00631579
0.00631579
0.00631579
0.00631579
0.00631579
0.00631579
0.00631579
0.00631579
0.00631579
0.00631579
0.00631579
0.00631579
0.00631579
0.00631579
0.00631579
0.00631579
0.00631579
0.00736912
0.0001
0.0001
0.0001
0.0001
0.0001
0.0001
0.0001
0.0001
0.0001
0.0001
0.0001
0.0001
0.0001
0.0001
0.0001
0.0001
0.0001
0.0001
0.0001
0.0001
0.0001
0.0001
0.0001
0.0001
0.0001
0.0001
0.0001
0.0001
0.0001
0.0001
0.0001
0.0001
0.0001
0.0001
0.00631579
0.00631579
0.00631579
0.00631579
0.00631579
0.00631579
0.00631579
0.00631579
0.00631579
0.00631579
0.00631579
0.00631579
0.00631579
0.00631579
0.00631579
0.00631579
0.00631579
0.00631579
0.00631579
0.00631579
0.00631579
0.00631579
0.00631579
0.00631579
0.00631579
0.00631579
0.00631579
0.00631579
0.00631579
0.00631579
0.00631579
0.00631579
0.00631579
0.00631579
0.00631579
0.00631579
0.00631579
0.00631579
0.00631579
0.00631579
0.00631579
0.00631579
0.00631579
0.00631579
0.00631579
0.00631579
0.00631579
0.00631579
0.00631579
0.00631579
0.00631579
0.00631579
0.00631579
0.00631579
0.00631579
0.00631579
0.00631579
0.00631579
0.00631579
0.00631579
0.00631579
0.00690645
0.0001
0.0001
0.0001
0.0001
0.0001
0.0001
0.0001
0.0001
0.0001
0.0001
0.0001
0.0001
0.0001
0.0001
0.0001
0.0001
0.0001
0.0001
0.0001
0.0001
0.0001
0.0001
0.0001
0.0001
0.0001
0.0001
0.0001
0.0001
0.0001
0.0001
0.0001
0.0001
0.0001
0.0001
0.00631579
0.00631579
0.00631579
0.00631579
0.00631579
0.00631579
0.00631579
0.00631579
0.00631579
0.00631579
0.00631579
0.00631579
0.00631579
0.00631579
0.00631579
0.00631579
0.00631579
0.00631579
0.00631579
0.00631579
0.00631579
0.00631579
0.00631579
0.00631579
0.00631579
0.00631579
0.00631579
0.00631579
0.00631579
0.00631579
0.00631579
0.00631579
0.00631579
0.00631579
0.00631579
0.00631579
0.00631579
0.00631579
0.00631579
0.00631579
0.00631579
0.00631579
0.00631579
0.00631579
0.00631579
0.00631579
0.00631579
0.00631579
0.00631579
0.00631579
0.00631579
0.00631579
0.00631579
0.00631579
0.00631579
0.00631579
0.00631579
0.00631579
0.00631579
0.00631579
0.00631579
0.00735946
0.0001
0.0001
0.0001
0.0001
0.0001
0.0001
0.0001
0.0001
0.0001
0.0001
0.0001
0.0001
0.0001
0.0001
0.0001
0.0001
0.0001
0.0001
0.0001
0.0001
0.0001
0.0001
0.0001
0.0001
0.0001
0.0001
0.0001
0.0001
0.0001
0.0001
0.0001
0.0001
0.0001
0.0001
0.00631579
0.00631579
0.00631579
0.00631579
0.00631579
0.00631579
0.00631579
0.00631579
0.00631579
0.00631579
0.00631579
0.00631579
0.00631579
0.00631579
0.00631579
0.00631579
0.00631579
0.00631579
0.00631579
0.00631579
0.00631579
0.00631579
0.00631579
0.00631579
0.00631579
0.00631579
0.00631579
0.00631579
0.00631579
0.00631579
0.00631579
0.00631579
0.00631579
0.00631579
0.00631579
0.00631579
0.00631579
0.00631579
0.00631579
0.00631579
0.00631579
0.00631579
0.00631579
0.00631579
0.00631579
0.00631579
0.00631579
0.00631579
0.00631579
0.00631579
0.00631579
0.00631579
0.00631579
0.00631579
0.00631579
0.00631579
0.00631579
0.00631579
0.00631579
0.00631579
0.00631579
0.0001
0.0001
0.0001
0.0001
0.0001
0.0001
0.0001
0.0001
0.0001
0.0001
0.0001
0.0001
0.0001
0.0001
0.0001
0.0001
0.0001
0.0001
0.0001
0.0001
0.0001
0.0001
0.0001
0.0001
0.0001
0.0001
0.0001
0.0001
0.0001
0.0001
0.0001
0.0001
0.0001
0.0001
0.0001
0.00631579
0.00631579
0.00631579
0.00631579
0.00631579
0.00631579
0.00631579
0.00631579
0.00631579
0.00631579
0.00631579
0.00631579
0.00631579
0.00631579
0.00631579
0.00631579
0.00631579
0.00631579
0.00631579
0.00631579
0.00631579
0.00631579
0.00631579
0.00631579
0.00631579
0.00631579
0.00631579
0.00631579
0.00631579
0.00631579
0.00631579
0.00631579
0.00631579
0.00631579
0.00631579
0.00631579
0.00631579
0.00631579
0.00631579
0.00631579
0.00631579
0.00631579
0.00631579
0.00631579
0.00631579
0.00631579
0.00631579
0.00631579
0.00631579
0.00631579
0.00631579
0.00631579
0.00631579
0.00631579
0.00631579
0.00631579
0.00631579
0.00631579
0.00631579
0.00631579
0.00631579
0.00736288
0.00747923
0.0074648
0.00742617
0.00740292
0.0074523
0.00738197
0.0073734
0.00744742
0.0074446
0.00743104
0.00732378
0.00729122
0.00742101
0.00748044
0.00748044
0.00748044
0.0001
0.0001
0.0001
0.0001
0.0001
0.0001
0.0001
0.0001
0.0001
0.0001
0.0001
0.0001
0.0001
0.0001
0.0001
0.0001
0.0001
0.0001
0.00631579
0.00631579
0.00631579
0.00631579
0.00631579
0.00631579
0.00631579
0.00631579
0.00631579
0.00631579
0.00631579
0.00631579
0.00631579
0.00631579
0.00631579
0.00631579
0.00631579
0.00631579
0.00631579
0.00631579
0.00631579
0.00631579
0.00631579
0.00631579
0.00631579
0.00631579
0.00631579
0.00631579
0.00631579
0.00631579
0.00631579
0.00631579
0.00631579
0.00631579
0.00631579
0.00631579
0.00631579
0.00631579
0.00631579
0.00631579
0.00631579
0.00631579
0.00631579
0.00631579
0.00631579
0.00631579
0.00631579
0.00631579
0.00631579
0.00631579
0.00631579
0.00631579
0.00631579
0.00631579
0.00631579
0.00631579
0.00631579
0.00631579
0.00631579
0.00631579
0.00631579
0.00631579
0.00631579
0.00703151
0.00631579
0.00631579
0.00631579
0.00631579
0.00631579
0.00631579
0.00649116
0.00631579
0.00631579
0.00631579
0.00631579
0.00631579
0.00631579
0.00631579
0.00631579
0.00631579
0.00738083
0.00745227
0.00748044
0.00748044
0.0001
0.0001
0.0001
0.0001
0.0001
0.0001
0.0001
0.0001
0.0001
0.0001
0.0001
0.0001
0.00631579
0.00631579
0.00631579
0.00631579
0.00631579
0.00631579
0.00631579
0.00631579
0.00631579
0.00631579
0.00631579
0.00631579
0.00631579
0.00631579
0.00631579
0.00631579
0.00631579
0.00631579
0.00631579
0.00631579
0.00631579
0.00631579
0.00631579
0.00631579
0.00631579
0.00631579
0.00631579
0.00631579
0.00631579
0.00631579
0.00631579
0.00631579
0.00631579
0.00631579
0.00631579
0.00631579
0.00631579
0.00631579
0.00631579
0.00631579
0.00631579
0.00631579
0.00631579
0.00631579
0.00631579
0.00631579
0.00631579
0.00631579
0.00631579
0.00631579
0.00631579
0.00631579
0.00631579
0.00631579
0.00631579
0.00631579
0.00631579
0.00631579
0.00631579
0.00631579
0.00631579
0.00631579
0.00631579
0.00631579
0.00631579
0.00631579
0.00631579
0.00631579
0.00631579
0.00631579
0.00631579
0.00631579
0.00631579
0.00631579
0.00631579
0.00631579
0.00631579
0.00631579
0.00631579
0.00631579
0.00631579
0.00631579
0.00631579
0.00633002
0.00722358
0.00670582
0.00747617
0.00746664
0.0001
0.0001
0.0001
0.0001
0.0001
0.0001
0.0001
0.0001
0.00631579
0.00631579
0.00631579
0.00631579
0.00631579
0.00631579
0.00631579
0.00631579
0.00631579
0.00631579
0.00631579
0.00631579
0.00631579
0.00631579
0.00631579
0.00631579
0.00631579
0.00631579
0.00631579
0.00631579
0.00631579
0.00631579
0.00631579
0.00631579
0.00631579
0.00631579
0.00631579
0.00631579
0.00631579
0.00631579
0.00631579
0.00631579
0.00631579
0.00631579
0.00631579
0.00631579
0.00631579
0.00631579
0.00631579
0.00631579
0.00631579
0.00631579
0.00631579
0.00631579
0.00631579
0.00631579
0.00631579
0.00631579
0.00631579
0.00631579
0.00631579
0.00631579
0.00631579
0.00631579
0.00631579
0.00631579
0.00631579
0.00631579
0.00631579
0.00631579
0.00631579
0.00631579
0.00631579
0.00631579
0.00631579
0.00631579
0.00631579
0.00631579
0.00631579
0.00631579
0.00631579
0.00631579
0.00631579
0.00631579
0.00631579
0.00631579
0.00631579
0.00631579
0.00631579
0.00631579
0.00631579
0.00631579
0.00631579
0.00631579
0.00631579
0.00631579
0.00631579
0.00631579
0.00631579
0.00748044
0.00718905
0.00735537
0.00722528
0.00707218
0.00744071
0.00743517
0.00631579
0.00631579
0.00631579
0.00631579
0.00631579
0.00631579
0.00631579
0.00631579
0.00631579
0.00631579
0.00631579
0.00631579
0.00631579
0.00631579
0.00631579
0.00631579
0.00631579
0.00631579
0.00631579
0.00631579
0.00631579
0.00631579
0.00631579
0.00631579
0.00631579
0.00631579
0.00631579
0.00631579
0.00631579
0.00631579
0.00631579
0.00631579
0.00631579
0.00631579
0.00631579
0.00631579
0.00631579
0.00631579
0.00631579
0.00631579
0.00631579
0.00631579
0.00631579
0.00631579
0.00631579
0.00631579
0.00631579
0.00631579
0.00631579
0.00631579
0.00631579
0.00631579
0.00631579
0.00631579
0.00631579
0.00631579
0.00631579
0.00631579
0.00631579
0.00631579
0.00631579
0.00631579
0.00631579
0.00631579
0.00631579
0.00631579
0.00631579
0.00631579
0.00631579
0.00631579
0.00631579
0.00631579
0.00631579
0.00631579
0.00631579
0.00631579
0.00631579
0.00631579
0.00631579
0.00631579
0.00631579
0.00631579
0.00631579
0.00631579
0.00631579
0.00631579
0.00631579
0.00631579
0.00631579
0.00631579
0.00631579
0.00631579
0.00631579
0.00631579
0.00631579
0.00631579
0.00631579
0.00631579
0.00631579
0.00631579
0.00631579
0.00631579
0.00631579
0.00631579
0.00631579
0.00631579
0.00631579
0.00631579
0.00631579
0.00631579
0.00631579
0.00631579
0.00631579
0.00631579
0.00631579
0.00631579
0.00631579
0.00631579
0.00631579
0.00631579
0.00631579
0.00631579
0.00631579
0.00631579
0.00631579
0.00631579
0.00631579
0.00631579
0.00631579
0.00631579
0.00631579
0.00631579
0.00631579
0.00631579
0.00631579
0.00631579
0.00631579
0.00631579
0.00631579
0.00631579
0.00631579
0.00631579
0.00631579
0.00631579
0.00631579
0.00631579
0.00631579
0.00631579
0.00631579
0.00631579
0.00631579
0.00631579
0.00631579
0.00631579
0.00631579
0.00631579
0.00631579
0.00631579
0.00631579
0.00631579
0.00631579
0.00631579
0.00631579
0.00631579
0.00631579
0.00631579
0.00631579
0.00631579
0.00631579
0.00631579
0.00631579
0.00631579
0.00631579
0.00631579
0.00631579
0.00631579
0.00631579
0.00631579
0.00631579
0.00631579
0.00631579
0.00631579
0.00631579
0.00631579
0.00631579
0.00631579
0.00631579
0.00631579
0.00631579
0.00631579
0.00631579
0.00631579
0.00631579
0.00631579
0.00631579
0.00631579
0.00631579
0.00631579
0.00631579
0.00631579
0.00631579
0.00631579
0.00631579
0.00631579
0.00631579
0.00631579
0.00631579
0.00631579
0.00631579
0.00631579
0.00631579
0.00631579
0.00631579
0.00631579
0.00631579
0.00631579
0.00631579
0.00631579
0.00631579
0.00631579
0.00631579
0.00631579
0.00631579
0.00631579
0.00631579
0.00631579
0.00631579
0.00631579
0.00631579
0.00631579
0.00631579
0.00631579
0.00631579
0.00631579
0.00631579
0.00631579
0.00631579
0.00631579
0.00631579
0.00631579
0.00631579
0.00631579
0.00631579
0.00631579
0.00631579
0.00631579
0.00631579
0.00631579
0.00631579
0.00631579
0.00631579
0.00631579
0.00631579
0.00631579
0.00631579
0.00631579
0.00631579
0.00631579
0.00631579
0.00631579
0.00631579
0.00631579
0.00631579
0.00631579
0.00631579
0.00631579
0.00631579
0.00631579
0.00631579
0.00631579
0.00631579
0.00631579
0.00631579
0.00631579
0.00631579
0.00631579
0.00631579
0.00631579
0.00631579
0.00631579
0.00631579
0.00631579
0.00631579
0.00631579
0.00631579
0.00631579
0.00631579
0.00682936
0.00631579
0.00631579
0.00631579
0.00631579
0.00631579
0.00631579
0.00631579
0.00631579
0.00631579
0.00631579
0.00631579
0.00631579
0.00631579
0.00631579
0.00631579
0.00631579
0.00631579
0.00631579
0.00631579
0.00631579
0.00631579
0.00631579
0.00631579
0.00631579
0.00631579
0.00631579
0.00631579
0.00631579
0.00631579
0.00631579
0.00631579
0.00631579
0.00631579
0.00631579
0.00631579
0.00631579
0.00631579
0.00631579
0.00631579
0.00631579
0.00631579
0.00631579
0.00631579
0.00631579
0.00631579
0.00631579
0.00631579
0.00631579
0.00631579
0.00631579
0.00631579
0.00631579
0.00631579
0.00631579
0.00631579
0.00631579
0.00631579
0.00631579
0.00631579
0.00631579
0.00631579
0.00631579
0.00631579
0.00694477
0.00631579
0.00659513
0.00631579
0.00631579
0.00631579
0.00654393
0.00649155
0.00631579
0.00631579
0.00631579
0.00675712
0.00631579
0.00631579
0.00631579
0.00631579
0.00631579
0.00631579
0.00631579
0.00631579
0.00631579
0.00631579
0.00631579
0.00631579
0.00631579
0.00631579
0.00631579
0.00631579
0.00631579
0.00631579
0.00639722
0.00631579
0.00748044
0.00631579
0.00631579
0.00631579
0.00631579
0.00631579
0.00631579
0.00631579
0.00631579
0.00631579
0.00631579
0.00631579
0.00631579
0.00631579
0.00631579
0.00631579
0.00631579
0.00631579
0.00631579
0.00631579
0.00631579
0.00631579
0.00631579
0.00631579
0.00631579
0.00631579
0.00631579
0.00631579
0.00631579
0.00631579
0.00631579
0.00631579
0.00631579
0.00631579
0.00631579
0.00631579
0.00631579
0.00631579
0.00631579
0.00631579
0.00631579
0.00631579
0.00631579
0.00631579
0.00631579
0.00631579
0.00631579
0.00631579
0.00631579
0.00631579
0.00631579
0.00631579
0.00631579
0.00631579
0.00631579
0.00631579
0.00631579
0.00631579
0.00631579
0.00631579
0.00631579
0.00631579
0.00723404
0.00710979
0.00656061
0.00686649
0.00740273
0.00740682
0.00737908
0.00745276
0.00745829
0.00746749
0.0074551
0.00746885
0.00747353
0.00746527
0.0074575
0.0074354
0.00737649
0.00704564
0.00631579
0.00692851
0.00723368
0.00737909
0.00736329
0.00740581
0.00714443
0.00742102
0.00740621
0.00746178
0.00746168
0.00746574
0.00748044
0.00748044
0.0001
0.0001
0.0001
0.00631579
0.00631579
0.00631579
0.00631579
0.00631579
0.00631579
0.00631579
0.00631579
0.00631579
0.00631579
0.00631579
0.00631579
0.00631579
0.00631579
0.00631579
0.00631579
0.00631579
0.00631579
0.00631579
0.00631579
0.00631579
0.00631579
0.00631579
0.00631579
0.00631579
0.00631579
0.00631579
0.00631579
0.00631579
0.00631579
0.00631579
0.00631579
0.00631579
0.00631579
0.00631579
0.00631579
0.00631579
0.00631579
0.00631579
0.00631579
0.00631579
0.00631579
0.00631579
0.00631579
0.00631579
0.00631579
0.00631579
0.00631579
0.00631579
0.00631579
0.00631579
0.00631579
0.00631579
0.00631579
0.00631579
0.00631579
0.00631579
0.00631579
0.00631579
0.00631579
0.00631579
0.0001
0.00748044
0.0001
0.0001
0.0001
0.0001
0.0001
0.0001
0.0001
0.0001
0.0001
0.0001
0.0001
0.0001
0.0001
0.0001
0.0001
0.0001
0.0001
0.0001
0.0001
0.0001
0.0001
0.0001
0.0001
0.0001
0.0001
0.0001
0.0001
0.0001
0.0001
0.0001
0.0001
0.0001
0.0001
0.00631579
0.00631579
0.00631579
0.00631579
0.00631579
0.00631579
0.00631579
0.00631579
0.00631579
0.00631579
0.00631579
0.00631579
0.00631579
0.00631579
0.00631579
0.00631579
0.00631579
0.00631579
0.00631579
0.00631579
0.00631579
0.00631579
0.00631579
0.00631579
0.00631579
0.00631579
0.00631579
0.00631579
0.00631579
0.00631579
0.00631579
0.00631579
0.00631579
0.00631579
0.00631579
0.00631579
0.00631579
0.00631579
0.00631579
0.00631579
0.00631579
0.00631579
0.00631579
0.00631579
0.00631579
0.00631579
0.00631579
0.00631579
0.00631579
0.00631579
0.00631579
0.00631579
0.00631579
0.00631579
0.00631579
0.00631579
0.00631579
0.00631579
0.00631579
0.00631579
0.00631579
0.0001
0.0001
0.0001
0.0001
0.0001
0.0001
0.0001
0.0001
0.0001
0.0001
0.0001
0.0001
0.0001
0.0001
0.0001
0.0001
0.0001
0.0001
0.0001
0.0001
0.0001
0.0001
0.0001
0.0001
0.0001
0.0001
0.0001
0.0001
0.0001
0.0001
0.0001
0.0001
0.0001
0.0001
0.0001
0.00631579
0.00631579
0.00631579
0.00631579
0.00631579
0.00631579
0.00631579
0.00631579
0.00631579
0.00631579
0.00631579
0.00631579
0.00631579
0.00631579
0.00631579
0.00631579
0.00631579
0.00631579
0.00631579
0.00631579
0.00631579
0.00631579
0.00631579
0.00631579
0.00631579
0.00631579
0.00631579
0.00631579
0.00631579
0.00631579
0.00631579
0.00631579
0.00631579
0.00631579
0.00631579
0.00631579
0.00631579
0.00631579
0.00631579
0.00631579
0.00631579
0.00631579
0.00631579
0.00631579
0.00631579
0.00631579
0.00631579
0.00631579
0.00631579
0.00631579
0.00631579
0.00631579
0.00631579
0.00631579
0.00631579
0.00631579
0.00631579
0.00631579
0.00631579
0.00631579
0.00631579
0.00748044
0.0001
0.0001
0.0001
0.0001
0.0001
0.0001
0.0001
0.0001
0.0001
0.0001
0.0001
0.0001
0.0001
0.0001
0.0001
0.0001
0.0001
0.0001
0.0001
0.0001
0.0001
0.0001
0.0001
0.0001
0.0001
0.0001
0.0001
0.0001
0.0001
0.0001
0.0001
0.0001
0.0001
0.0001
0.00631579
0.00631579
0.00631579
0.00631579
0.00631579
0.00631579
0.00631579
0.00631579
0.00631579
0.00631579
0.00631579
0.00631579
0.00631579
0.00631579
0.00631579
0.00631579
0.00631579
0.00631579
0.00631579
0.00631579
0.00631579
0.00631579
0.00631579
0.00631579
0.00631579
0.00631579
0.00631579
0.00631579
0.00631579
0.00631579
0.00631579
0.00631579
0.00631579
0.00631579
0.00631579
0.00631579
0.00631579
0.00631579
0.00631579
0.00631579
0.00631579
0.00631579
0.00631579
0.00631579
0.00631579
0.00631579
0.00631579
0.00631579
0.00631579
0.00631579
0.00631579
0.00631579
0.00631579
0.00631579
0.00631579
0.00631579
0.00631579
0.00631579
0.00631579
0.00631579
0.00631579
0.00727292
0.0001
0.0001
0.0001
0.0001
0.0001
0.0001
0.0001
0.0001
0.0001
0.0001
0.0001
0.0001
0.0001
0.0001
0.0001
0.0001
0.0001
0.0001
0.0001
0.0001
0.0001
0.0001
0.0001
0.0001
0.0001
0.0001
0.0001
0.0001
0.0001
0.0001
0.0001
0.0001
0.0001
0.0001
0.00631579
0.00631579
0.00631579
0.00631579
0.00631579
0.00631579
0.00631579
0.00631579
0.00631579
0.00631579
0.00631579
0.00631579
0.00631579
0.00631579
0.00631579
0.00631579
0.00631579
0.00631579
0.00631579
0.00631579
0.00631579
0.00631579
0.00631579
0.00631579
0.00631579
0.00631579
0.00631579
0.00631579
0.00631579
0.00631579
0.00631579
0.00631579
0.00631579
0.00631579
0.00631579
0.00631579
0.00631579
0.00631579
0.00631579
0.00631579
0.00631579
0.00631579
0.00631579
0.00631579
0.00631579
0.00631579
0.00631579
0.00631579
0.00631579
0.00631579
0.00631579
0.00631579
0.00631579
0.00631579
0.00631579
0.00631579
0.00631579
0.00631579
0.00631579
0.00631579
0.00631579
0.00631579
0.00748044
0.0001
0.0001
0.0001
0.0001
0.0001
0.0001
0.0001
0.0001
0.0001
0.0001
0.0001
0.0001
0.0001
0.0001
0.0001
0.0001
0.0001
0.0001
0.0001
0.0001
0.0001
0.0001
0.0001
0.0001
0.0001
0.0001
0.0001
0.0001
0.0001
0.0001
0.0001
0.0001
0.0001
0.00631579
0.00631579
0.00631579
0.00631579
0.00631579
0.00631579
0.00631579
0.00631579
0.00631579
0.00631579
0.00631579
0.00631579
0.00631579
0.00631579
0.00631579
0.00631579
0.00631579
0.00631579
0.00631579
0.00631579
0.00631579
0.00631579
0.00631579
0.00631579
0.00631579
0.00631579
0.00631579
0.00631579
0.00631579
0.00631579
0.00631579
0.00631579
0.00631579
0.00631579
0.00631579
0.00631579
0.00631579
0.00631579
0.00631579
0.00631579
0.00631579
0.00631579
0.00631579
0.00631579
0.00631579
0.00631579
0.00631579
0.00631579
0.00631579
0.00631579
0.00631579
0.00631579
0.00631579
0.00631579
0.00631579
0.00631579
0.00631579
0.00631579
0.00631579
0.00631579
0.00631579
0.00631579
0.0001
0.0001
0.0001
0.0001
0.0001
0.0001
0.0001
0.0001
0.0001
0.0001
0.0001
0.0001
0.0001
0.0001
0.0001
0.0001
0.0001
0.0001
0.0001
0.0001
0.0001
0.0001
0.0001
0.0001
0.0001
0.0001
0.0001
0.0001
0.0001
0.0001
0.0001
0.0001
0.0001
0.0001
0.00631579
0.00631579
0.00631579
0.00631579
0.00631579
0.00631579
0.00631579
0.00631579
0.00631579
0.00631579
0.00631579
0.00631579
0.00631579
0.00631579
0.00631579
0.00631579
0.00631579
0.00631579
0.00631579
0.00631579
0.00631579
0.00631579
0.00631579
0.00631579
0.00631579
0.00631579
0.00631579
0.00631579
0.00631579
0.00631579
0.00631579
0.00631579
0.00631579
0.00631579
0.00631579
0.00631579
0.00631579
0.00631579
0.00631579
0.00631579
0.00631579
0.00631579
0.00631579
0.00631579
0.00631579
0.00631579
0.00631579
0.00631579
0.00631579
0.00631579
0.00631579
0.00631579
0.00631579
0.00631579
0.00631579
0.00631579
0.00631579
0.00631579
0.00631579
0.00631579
0.00631579
0.0074646
0.0001
0.0001
0.0001
0.0001
0.0001
0.0001
0.0001
0.0001
0.0001
0.0001
0.0001
0.0001
0.0001
0.0001
0.0001
0.0001
0.0001
0.0001
0.0001
0.0001
0.0001
0.0001
0.0001
0.0001
0.0001
0.0001
0.0001
0.0001
0.0001
0.0001
0.0001
0.0001
0.0001
0.0001
0.00631579
0.00631579
0.00631579
0.00631579
0.00631579
0.00631579
0.00631579
0.00631579
0.00631579
0.00631579
0.00631579
0.00631579
0.00631579
0.00631579
0.00631579
0.00631579
0.00631579
0.00631579
0.00631579
0.00631579
0.00631579
0.00631579
0.00631579
0.00631579
0.00631579
0.00631579
0.00631579
0.00631579
0.00631579
0.00631579
0.00631579
0.00631579
0.00631579
0.00631579
0.00631579
0.00631579
0.00631579
0.00631579
0.00631579
0.00631579
0.00631579
0.00631579
0.00631579
0.00631579
0.00631579
0.00631579
0.00631579
0.00631579
0.00631579
0.00631579
0.00631579
0.00631579
0.00631579
0.00631579
0.00631579
0.00631579
0.00631579
0.00631579
0.00631579
0.00631579
0.00631579
0.00745263
0.00724715
0.00748044
0.00748044
0.00748044
0.00748044
0.00744447
0.00734557
0.00721842
0.00745159
0.00748044
0.00748044
0.0001
0.00748044
0.00748044
0.00748044
0.0001
0.0001
0.0001
0.0001
0.0001
0.0001
0.0001
0.0001
0.0001
0.0001
0.0001
0.0001
0.0001
0.0001
0.0001
0.0001
0.0001
0.0001
0.0001
0.00631579
0.00631579
0.00631579
0.00631579
0.00631579
0.00631579
0.00631579
0.00631579
0.00631579
0.00631579
0.00631579
0.00631579
0.00631579
0.00631579
0.00631579
0.00631579
0.00631579
0.00631579
0.00631579
0.00631579
0.00631579
0.00631579
0.00631579
0.00631579
0.00631579
0.00631579
0.00631579
0.00631579
0.00631579
0.00631579
0.00631579
0.00631579
0.00631579
0.00631579
0.00631579
0.00631579
0.00631579
0.00631579
0.00631579
0.00631579
0.00631579
0.00631579
0.00631579
0.00631579
0.00631579
0.00631579
0.00631579
0.00631579
0.00631579
0.00631579
0.00631579
0.00631579
0.00631579
0.00631579
0.00631579
0.00631579
0.00631579
0.00631579
0.00631579
0.00631579
0.00631579
0.00631579
0.00631579
0.00631579
0.00631579
0.00631579
0.00631579
0.00660735
0.00631579
0.00631579
0.00631579
0.00631579
0.00631579
0.00631579
0.00631579
0.00631579
0.00639003
0.00680254
0.00714418
0.00747534
0.00748044
0.00748044
0.0001
0.0001
0.0001
0.0001
0.0001
0.0001
0.0001
0.0001
0.0001
0.0001
0.0001
0.0001
0.0001
0.0001
0.00631579
0.00631579
0.00631579
0.00631579
0.00631579
0.00631579
0.00631579
0.00631579
0.00631579
0.00631579
0.00631579
0.00631579
0.00631579
0.00631579
0.00631579
0.00631579
0.00631579
0.00631579
0.00631579
0.00631579
0.00631579
0.00631579
0.00631579
0.00631579
0.00631579
0.00631579
0.00631579
0.00631579
0.00631579
0.00631579
0.00631579
0.00631579
0.00631579
0.00631579
0.00631579
0.00631579
0.00631579
0.00631579
0.00631579
0.00631579
0.00631579
0.00631579
0.00631579
0.00631579
0.00631579
0.00631579
0.00631579
0.00631579
0.00631579
0.00631579
0.00631579
0.00631579
0.00631579
0.00631579
0.00631579
0.00631579
0.00631579
0.00631579
0.00631579
0.00631579
0.00631579
0.00631579
0.00631579
0.00631579
0.00631579
0.00631579
0.00631579
0.00631579
0.00631579
0.00631579
0.00631579
0.00631579
0.00631579
0.00631579
0.00631579
0.00631579
0.00631579
0.00631579
0.00631579
0.00631579
0.00668719
0.00734991
0.00631579
0.00748044
0.00631579
0.00748044
0.00748044
0.0001
0.0001
0.0001
0.0001
0.0001
0.0001
0.0001
0.0001
0.0001
0.00631579
0.00631579
0.00631579
0.00631579
0.00631579
0.00631579
0.00631579
0.00631579
0.00631579
0.00631579
0.00631579
0.00631579
0.00631579
0.00631579
0.00631579
0.00631579
0.00631579
0.00631579
0.00631579
0.00631579
0.00631579
0.00631579
0.00631579
0.00631579
0.00631579
0.00631579
0.00631579
0.00631579
0.00631579
0.00631579
0.00631579
0.00631579
0.00631579
0.00631579
0.00631579
0.00631579
0.00631579
0.00631579
0.00631579
0.00631579
0.00631579
0.00631579
0.00631579
0.00631579
0.00631579
0.00631579
0.00631579
0.00631579
0.00631579
0.00631579
0.00631579
0.00631579
0.00631579
0.00631579
0.00631579
0.00631579
0.00631579
0.00631579
0.00631579
0.00631579
0.00631579
0.00631579
0.00631579
0.00631579
0.00631579
0.00631579
0.00631579
0.00631579
0.00631579
0.00631579
0.00631579
0.00631579
0.00631579
0.00631579
0.00631579
0.00631579
0.00631579
0.00631579
0.00631579
0.00631579
0.00631579
0.00631579
0.00631579
0.00631579
0.00739266
0.00736728
0.00726419
0.00745336
0.00748044
0.0001
0.0001
0.0001
0.0001
0.0001
0.0001
0.0001
0.00631579
0.00631579
0.00631579
0.00631579
0.00631579
0.00631579
0.00631579
0.00631579
0.00631579
0.00631579
0.00631579
0.00631579
0.00631579
0.00631579
0.00631579
0.00631579
0.00631579
0.00631579
0.00631579
0.00631579
0.00631579
0.00631579
0.00631579
0.00631579
0.00631579
0.00631579
0.00631579
0.00631579
0.00631579
0.00631579
0.00631579
0.00631579
0.00631579
0.00631579
0.00631579
0.00631579
0.00631579
0.00631579
0.00631579
0.00631579
0.00631579
0.00631579
0.00631579
0.00631579
0.00631579
0.00631579
0.00631579
0.00631579
0.00631579
0.00631579
0.00631579
0.00631579
0.00631579
0.00631579
0.00631579
0.00631579
0.00631579
0.00631579
0.00631579
0.00631579
0.00631579
0.00631579
0.00631579
0.00631579
0.00631579
0.00631579
0.00631579
0.00631579
0.00631579
0.00631579
0.00631579
0.00631579
0.00631579
0.00631579
0.00631579
0.00631579
0.00631579
0.00631579
0.00631579
0.00631579
0.00631579
0.00631579
0.00631579
0.00631579
0.00631579
0.00631579
0.0001
0.0001
0.0001
0.0001
0.0001
0.0001
0.0001
0.0001
0.0001
0.00631579
0.00631579
0.00631579
0.00631579
0.00631579
0.00631579
0.00631579
0.00631579
0.00631579
0.00631579
0.00631579
0.00631579
0.00631579
0.00631579
0.00631579
0.00631579
0.00631579
0.00631579
0.00631579
0.00631579
0.00631579
0.00631579
0.00631579
0.00631579
0.00631579
0.00631579
0.00631579
0.00631579
0.00631579
0.00631579
0.00631579
0.00631579
0.00631579
0.00631579
0.00631579
0.00631579
0.00631579
0.00631579
0.00631579
0.00631579
0.00631579
0.00631579
0.00631579
0.00631579
0.00631579
0.00631579
0.00631579
0.00631579
0.00631579
0.00631579
0.00631579
0.00631579
0.00631579
0.00631579
0.00631579
0.00631579
0.00631579
0.00631579
0.00631579
0.00631579
0.00631579
0.00631579
0.00631579
0.00631579
0.00631579
0.00631579
0.00631579
0.00631579
0.00631579
0.00631579
0.00715899
0.00631579
0.00631579
0.00631579
0.00631579
0.00631579
0.00631579
0.00631579
0.00631579
0.00631579
0.00631579
0.00631579
0.00631579
0.00631579
0.00631579
0.00631579
0.00631579
0.00631579
0.00651459
0.00705743
0.0073341
0.00733231
0.00737062
0.00737002
0.00735099
0.00733384
0.0074804
0.00631579
0.00631579
0.00631579
0.00631579
0.00631579
0.00631579
0.00631579
0.00631579
0.00631579
0.00631579
0.00631579
0.00631579
0.00631579
0.00631579
0.00631579
0.00631579
0.00631579
0.00631579
0.00631579
0.00631579
0.00631579
0.00631579
0.00631579
0.00631579
0.00631579
0.00631579
0.00631579
0.00631579
0.00631579
0.00631579
0.00631579
0.00631579
0.00631579
0.00631579
0.00631579
0.00631579
0.00631579
0.00631579
0.00631579
0.00631579
0.00631579
0.00631579
0.00631579
0.00631579
0.00631579
0.00631579
0.00631579
0.00631579
0.00631579
0.00631579
0.00631579
0.00631579
0.00631579
0.00631579
0.00631579
0.00631579
0.00631579
0.00631579
0.00631579
0.00631579
0.00631579
0.00631579
0.00631579
0.00631579
0.00631579
0.00631579
0.00631579
0.00631579
0.00631579
0.00631579
0.00631579
0.00631579
0.00631693
0.00631579
0.00631579
0.00631579
0.00631579
0.00631579
0.00631579
0.00631579
0.00631579
0.00631579
0.00631579
0.00631579
0.00631579
0.00631579
0.00631579
0.00631579
0.00635373
0.00690355
0.00631579
0.00631579
0.00714687
0.00662233
0.00631579
0.00748044
0.00631579
0.00631579
0.00631579
0.00631579
0.00631579
0.00631579
0.00631579
0.00631579
0.00631579
0.00631579
0.00631579
0.00631579
0.00631579
0.00631579
0.00631579
0.00631579
0.00631579
0.00631579
0.00631579
0.00631579
0.00631579
0.00631579
0.00631579
0.00631579
0.00631579
0.00631579
0.00631579
0.00631579
0.00631579
0.00631579
0.00631579
0.00631579
0.00631579
0.00631579
0.00631579
0.00631579
0.00631579
0.00631579
0.00631579
0.00631579
0.00631579
0.00631579
0.00631579
0.00631579
0.00631579
0.00631579
0.00631579
0.00631579
0.00631579
0.00631579
0.00631579
0.00631579
0.00631579
0.00631579
0.00631579
0.00631579
0.00631579
0.00631579
0.00631579
0.00631579
0.00631579
0.00631579
0.00631579
0.00631579
0.00631579
0.00631579
0.00631579
0.00709183
0.00640418
0.00657468
0.00693891
0.00653277
0.00677095
0.00727601
0.00659773
0.00696396
0.00654058
0.00631579
0.00688079
0.00631579
0.00631579
0.00631579
0.00631579
0.00631579
0.00631579
0.00676034
0.00631579
0.00631579
0.00700957
0.00709627
0.0073154
0.00737945
0.00746957
0.00746613
0.00748044
0.00748044
0.00631579
0.00631579
0.00631579
0.00631579
0.00631579
0.00631579
0.00631579
0.00631579
0.00631579
0.00631579
0.00631579
0.00631579
0.00631579
0.00631579
0.00631579
0.00631579
0.00631579
0.00631579
0.00631579
0.00631579
0.00631579
0.00631579
0.00631579
0.00631579
0.00631579
0.00631579
0.00631579
0.00631579
0.00631579
0.00631579
0.00631579
0.00631579
0.00631579
0.00631579
0.00631579
0.00631579
0.00631579
0.00631579
0.00631579
0.00631579
0.00631579
0.00631579
0.00631579
0.00631579
0.00631579
0.00631579
0.00631579
0.00631579
0.00631579
0.00631579
0.00631579
0.00631579
0.00631579
0.00631579
0.00631579
0.00631579
0.00631579
0.00631579
0.00631579
0.00631579
0.00631579
0.00743053
0.00732456
0.00711217
0.00739633
0.00742083
0.00748044
0.00748044
0.00748044
0.0001
0.0001
0.00748044
0.00748044
0.0001
0.0001
0.00748044
0.00748044
0.00748044
0.00747824
0.00730855
0.00747545
0.00746236
0.00745842
0.0074201
0.00748044
0.00748044
0.00748044
0.0001
0.0001
0.0001
0.0001
0.0001
0.0001
0.0001
0.0001
0.0001
0.00631579
0.00631579
0.00631579
0.00631579
0.00631579
0.00631579
0.00631579
0.00631579
0.00631579
0.00631579
0.00631579
0.00631579
0.00631579
0.00631579
0.00631579
0.00631579
0.00631579
0.00631579
0.00631579
0.00631579
0.00631579
0.00631579
0.00631579
0.00631579
0.00631579
0.00631579
0.00631579
0.00631579
0.00631579
0.00631579
0.00631579
0.00631579
0.00631579
0.00631579
0.00631579
0.00631579
0.00631579
0.00631579
0.00631579
0.00631579
0.00631579
0.00631579
0.00631579
0.00631579
0.00631579
0.00631579
0.00631579
0.00631579
0.00631579
0.00631579
0.00631579
0.00631579
0.00631579
0.00631579
0.00631579
0.00631579
0.00631579
0.00631579
0.00631579
0.00631579
0.00631579
0.0001
0.00748044
0.0001
0.0001
0.0001
0.0001
0.0001
0.0001
0.0001
0.0001
0.0001
0.0001
0.0001
0.0001
0.0001
0.0001
0.0001
0.0001
0.0001
0.0001
0.0001
0.0001
0.0001
0.0001
0.0001
0.0001
0.0001
0.0001
0.0001
0.0001
0.0001
0.0001
0.0001
0.0001
0.0001
0.00631579
0.00631579
0.00631579
0.00631579
0.00631579
0.00631579
0.00631579
0.00631579
0.00631579
0.00631579
0.00631579
0.00631579
0.00631579
0.00631579
0.00631579
0.00631579
0.00631579
0.00631579
0.00631579
0.00631579
0.00631579
0.00631579
0.00631579
0.00631579
0.00631579
0.00631579
0.00631579
0.00631579
0.00631579
0.00631579
0.00631579
0.00631579
0.00631579
0.00631579
0.00631579
0.00631579
0.00631579
0.00631579
0.00631579
0.00631579
0.00631579
0.00631579
0.00631579
0.00631579
0.00631579
0.00631579
0.00631579
0.00631579
0.00631579
0.00631579
0.00631579
0.00631579
0.00631579
0.00631579
0.00631579
0.00631579
0.00631579
0.00631579
0.00631579
0.00631579
0.00631579
0.00748044
0.0001
0.0001
0.0001
0.0001
0.0001
0.0001
0.0001
0.0001
0.0001
0.0001
0.0001
0.0001
0.0001
0.0001
0.0001
0.0001
0.0001
0.0001
0.0001
0.0001
0.0001
0.0001
0.0001
0.0001
0.0001
0.0001
0.0001
0.0001
0.0001
0.0001
0.0001
0.0001
0.0001
0.0001
0.00631579
0.00631579
0.00631579
0.00631579
0.00631579
0.00631579
0.00631579
0.00631579
0.00631579
0.00631579
0.00631579
0.00631579
0.00631579
0.00631579
0.00631579
0.00631579
0.00631579
0.00631579
0.00631579
0.00631579
0.00631579
0.00631579
0.00631579
0.00631579
0.00631579
0.00631579
0.00631579
0.00631579
0.00631579
0.00631579
0.00631579
0.00631579
0.00631579
0.00631579
0.00631579
0.00631579
0.00631579
0.00631579
0.00631579
0.00631579
0.00631579
0.00631579
0.00631579
0.00631579
0.00631579
0.00631579
0.00631579
0.00631579
0.00631579
0.00631579
0.00631579
0.00631579
0.00631579
0.00631579
0.00631579
0.00631579
0.00631579
0.00631579
0.00631579
0.00631579
0.00631579
0.00742828
0.0001
0.0001
0.0001
0.0001
0.0001
0.0001
0.0001
0.0001
0.0001
0.0001
0.0001
0.0001
0.0001
0.0001
0.0001
0.0001
0.0001
0.0001
0.0001
0.0001
0.0001
0.0001
0.0001
0.0001
0.0001
0.0001
0.0001
0.0001
0.0001
0.0001
0.0001
0.0001
0.0001
0.0001
0.00631579
0.00631579
0.00631579
0.00631579
0.00631579
0.00631579
0.00631579
0.00631579
0.00631579
0.00631579
0.00631579
0.00631579
0.00631579
0.00631579
0.00631579
0.00631579
0.00631579
0.00631579
0.00631579
0.00631579
0.00631579
0.00631579
0.00631579
0.00631579
0.00631579
0.00631579
0.00631579
0.00631579
0.00631579
0.00631579
0.00631579
0.00631579
0.00631579
0.00631579
0.00631579
0.00631579
0.00631579
0.00631579
0.00631579
0.00631579
0.00631579
0.00631579
0.00631579
0.00631579
0.00631579
0.00631579
0.00631579
0.00631579
0.00631579
0.00631579
0.00631579
0.00631579
0.00631579
0.00631579
0.00631579
0.00631579
0.00631579
0.00631579
0.00631579
0.00631579
0.00631579
0.00631579
0.0001
0.0001
0.0001
0.0001
0.0001
0.0001
0.0001
0.0001
0.0001
0.0001
0.0001
0.0001
0.0001
0.0001
0.0001
0.0001
0.0001
0.0001
0.0001
0.0001
0.0001
0.0001
0.0001
0.0001
0.0001
0.0001
0.0001
0.0001
0.0001
0.0001
0.0001
0.0001
0.0001
0.0001
0.00631579
0.00631579
0.00631579
0.00631579
0.00631579
0.00631579
0.00631579
0.00631579
0.00631579
0.00631579
0.00631579
0.00631579
0.00631579
0.00631579
0.00631579
0.00631579
0.00631579
0.00631579
0.00631579
0.00631579
0.00631579
0.00631579
0.00631579
0.00631579
0.00631579
0.00631579
0.00631579
0.00631579
0.00631579
0.00631579
0.00631579
0.00631579
0.00631579
0.00631579
0.00631579
0.00631579
0.00631579
0.00631579
0.00631579
0.00631579
0.00631579
0.00631579
0.00631579
0.00631579
0.00631579
0.00631579
0.00631579
0.00631579
0.00631579
0.00631579
0.00631579
0.00631579
0.00631579
0.00631579
0.00631579
0.00631579
0.00631579
0.00631579
0.00631579
0.00631579
0.00631579
0.00737485
0.00748044
0.0001
0.0001
0.0001
0.0001
0.0001
0.0001
0.0001
0.0001
0.0001
0.0001
0.0001
0.0001
0.0001
0.0001
0.0001
0.0001
0.0001
0.0001
0.0001
0.0001
0.0001
0.0001
0.0001
0.0001
0.0001
0.0001
0.0001
0.0001
0.0001
0.0001
0.0001
0.0001
0.0001
0.00631579
0.00631579
0.00631579
0.00631579
0.00631579
0.00631579
0.00631579
0.00631579
0.00631579
0.00631579
0.00631579
0.00631579
0.00631579
0.00631579
0.00631579
0.00631579
0.00631579
0.00631579
0.00631579
0.00631579
0.00631579
0.00631579
0.00631579
0.00631579
0.00631579
0.00631579
0.00631579
0.00631579
0.00631579
0.00631579
0.00631579
0.00631579
0.00631579
0.00631579
0.00631579
0.00631579
0.00631579
0.00631579
0.00631579
0.00631579
0.00631579
0.00631579
0.00631579
0.00631579
0.00631579
0.00631579
0.00631579
0.00631579
0.00631579
0.00631579
0.00631579
0.00631579
0.00631579
0.00631579
0.00631579
0.00631579
0.00631579
0.00631579
0.00631579
0.00631579
0.00631579
0.00672913
0.00748044
0.0001
0.0001
0.0001
0.0001
0.0001
0.0001
0.0001
0.0001
0.0001
0.0001
0.0001
0.0001
0.0001
0.0001
0.0001
0.0001
0.0001
0.0001
0.0001
0.0001
0.0001
0.0001
0.0001
0.0001
0.0001
0.0001
0.0001
0.0001
0.0001
0.0001
0.0001
0.0001
0.0001
0.00631579
0.00631579
0.00631579
0.00631579
0.00631579
0.00631579
0.00631579
0.00631579
0.00631579
0.00631579
0.00631579
0.00631579
0.00631579
0.00631579
0.00631579
0.00631579
0.00631579
0.00631579
0.00631579
0.00631579
0.00631579
0.00631579
0.00631579
0.00631579
0.00631579
0.00631579
0.00631579
0.00631579
0.00631579
0.00631579
0.00631579
0.00631579
0.00631579
0.00631579
0.00631579
0.00631579
0.00631579
0.00631579
0.00631579
0.00631579
0.00631579
0.00631579
0.00631579
0.00631579
0.00631579
0.00631579
0.00631579
0.00631579
0.00631579
0.00631579
0.00631579
0.00631579
0.00631579
0.00631579
0.00631579
0.00631579
0.00631579
0.00631579
0.00631579
0.00631579
0.00631579
0.00666665
0.0001
0.0001
0.0001
0.0001
0.0001
0.0001
0.0001
0.0001
0.0001
0.0001
0.0001
0.0001
0.0001
0.0001
0.0001
0.0001
0.0001
0.0001
0.0001
0.0001
0.0001
0.0001
0.0001
0.0001
0.0001
0.0001
0.0001
0.0001
0.0001
0.0001
0.0001
0.0001
0.0001
0.0001
0.00631579
0.00631579
0.00631579
0.00631579
0.00631579
0.00631579
0.00631579
0.00631579
0.00631579
0.00631579
0.00631579
0.00631579
0.00631579
0.00631579
0.00631579
0.00631579
0.00631579
0.00631579
0.00631579
0.00631579
0.00631579
0.00631579
0.00631579
0.00631579
0.00631579
0.00631579
0.00631579
0.00631579
0.00631579
0.00631579
0.00631579
0.00631579
0.00631579
0.00631579
0.00631579
0.00631579
0.00631579
0.00631579
0.00631579
0.00631579
0.00631579
0.00631579
0.00631579
0.00631579
0.00631579
0.00631579
0.00631579
0.00631579
0.00631579
0.00631579
0.00631579
0.00631579
0.00631579
0.00631579
0.00631579
0.00631579
0.00631579
0.00631579
0.00631579
0.00631579
0.00631579
0.00720344
0.00748044
0.0001
0.0001
0.0001
0.0001
0.00748044
0.00748044
0.00748044
0.0001
0.0001
0.0001
0.0001
0.0001
0.0001
0.0001
0.0001
0.0001
0.0001
0.0001
0.0001
0.0001
0.0001
0.0001
0.0001
0.0001
0.0001
0.0001
0.0001
0.0001
0.0001
0.0001
0.0001
0.0001
0.0001
0.00631579
0.00631579
0.00631579
0.00631579
0.00631579
0.00631579
0.00631579
0.00631579
0.00631579
0.00631579
0.00631579
0.00631579
0.00631579
0.00631579
0.00631579
0.00631579
0.00631579
0.00631579
0.00631579
0.00631579
0.00631579
0.00631579
0.00631579
0.00631579
0.00631579
0.00631579
0.00631579
0.00631579
0.00631579
0.00631579
0.00631579
0.00631579
0.00631579
0.00631579
0.00631579
0.00631579
0.00631579
0.00631579
0.00631579
0.00631579
0.00631579
0.00631579
0.00631579
0.00631579
0.00631579
0.00631579
0.00631579
0.00631579
0.00631579
0.00631579
0.00631579
0.00631579
0.00631579
0.00631579
0.00631579
0.00631579
0.00631579
0.00631579
0.00631579
0.00631579
0.00631579
0.00698316
0.00706082
0.0073987
0.00737794
0.00716538
0.00665491
0.00711226
0.00631579
0.00735476
0.00735735
0.00720978
0.00744866
0.00746651
0.00740522
0.00741574
0.00748044
0.00748044
0.00748044
0.0001
0.0001
0.0001
0.0001
0.0001
0.0001
0.0001
0.0001
0.0001
0.0001
0.0001
0.0001
0.0001
0.0001
0.0001
0.0001
0.0001
0.00631579
0.00631579
0.00631579
0.00631579
0.00631579
0.00631579
0.00631579
0.00631579
0.00631579
0.00631579
0.00631579
0.00631579
0.00631579
0.00631579
0.00631579
0.00631579
0.00631579
0.00631579
0.00631579
0.00631579
0.00631579
0.00631579
0.00631579
0.00631579
0.00631579
0.00631579
0.00631579
0.00631579
0.00631579
0.00631579
0.00631579
0.00631579
0.00631579
0.00631579
0.00631579
0.00631579
0.00631579
0.00631579
0.00631579
0.00631579
0.00631579
0.00631579
0.00631579
0.00631579
0.00631579
0.00631579
0.00631579
0.00631579
0.00631579
0.00631579
0.00631579
0.00631579
0.00631579
0.00631579
0.00631579
0.00631579
0.00631579
0.00631579
0.00631579
0.00631579
0.00631579
0.00631579
0.00704975
0.00668392
0.00679525
0.00649482
0.00634812
0.00647568
0.00631579
0.00631579
0.00631579
0.00631579
0.00631579
0.00631579
0.00631579
0.00738746
0.00631579
0.00733195
0.00683582
0.00731887
0.00748044
0.00748044
0.0001
0.0001
0.0001
0.0001
0.0001
0.0001
0.0001
0.0001
0.0001
0.0001
0.0001
0.0001
0.0001
0.0001
0.00631579
0.00631579
0.00631579
0.00631579
0.00631579
0.00631579
0.00631579
0.00631579
0.00631579
0.00631579
0.00631579
0.00631579
0.00631579
0.00631579
0.00631579
0.00631579
0.00631579
0.00631579
0.00631579
0.00631579
0.00631579
0.00631579
0.00631579
0.00631579
0.00631579
0.00631579
0.00631579
0.00631579
0.00631579
0.00631579
0.00631579
0.00631579
0.00631579
0.00631579
0.00631579
0.00631579
0.00631579
0.00631579
0.00631579
0.00631579
0.00631579
0.00631579
0.00631579
0.00631579
0.00631579
0.00631579
0.00631579
0.00631579
0.00631579
0.00631579
0.00631579
0.00631579
0.00631579
0.00631579
0.00631579
0.00631579
0.00631579
0.00631579
0.00631579
0.00631579
0.00631579
0.00631579
0.00631579
0.00631579
0.00631579
0.00631579
0.0065886
0.00631579
0.00730358
0.00631579
0.00631579
0.00631579
0.00631579
0.00631579
0.00631579
0.00631579
0.00631579
0.00631579
0.00631579
0.00631579
0.00631579
0.00748044
0.00747602
0.0001
0.0001
0.0001
0.0001
0.0001
0.0001
0.0001
0.0001
0.0001
0.0001
0.0001
0.0001
0.0001
0.00631579
0.00631579
0.00631579
0.00631579
0.00631579
0.00631579
0.00631579
0.00631579
0.00631579
0.00631579
0.00631579
0.00631579
0.00631579
0.00631579
0.00631579
0.00631579
0.00631579
0.00631579
0.00631579
0.00631579
0.00631579
0.00631579
0.00631579
0.00631579
0.00631579
0.00631579
0.00631579
0.00631579
0.00631579
0.00631579
0.00631579
0.00631579
0.00631579
0.00631579
0.00631579
0.00631579
0.00631579
0.00631579
0.00631579
0.00631579
0.00631579
0.00631579
0.00631579
0.00631579
0.00631579
0.00631579
0.00631579
0.00631579
0.00631579
0.00631579
0.00631579
0.00631579
0.00631579
0.00631579
0.00631579
0.00631579
0.00631579
0.00631579
0.00631579
0.00631579
0.00631579
0.00631579
0.00631579
0.00631579
0.00631579
0.00694591
0.00668197
0.00631579
0.00631579
0.00631579
0.00631579
0.00631579
0.00631579
0.00631579
0.00631579
0.00631579
0.00631579
0.00631579
0.00631579
0.00631579
0.00631579
0.00631579
0.00631579
0.00745284
0.00748044
0.0001
0.0001
0.0001
0.0001
0.0001
0.0001
0.0001
0.0001
0.0001
0.0001
0.0001
0.00631579
0.00631579
0.00631579
0.00631579
0.00631579
0.00631579
0.00631579
0.00631579
0.00631579
0.00631579
0.00631579
0.00631579
0.00631579
0.00631579
0.00631579
0.00631579
0.00631579
0.00631579
0.00631579
0.00631579
0.00631579
0.00631579
0.00631579
0.00631579
0.00631579
0.00631579
0.00631579
0.00631579
0.00631579
0.00631579
0.00631579
0.00631579
0.00631579
0.00631579
0.00631579
0.00631579
0.00631579
0.00631579
0.00631579
0.00631579
0.00631579
0.00631579
0.00631579
0.00631579
0.00631579
0.00631579
0.00631579
0.00631579
0.00631579
0.00631579
0.00631579
0.00631579
0.00631579
0.00631579
0.00631579
0.00631579
0.00631579
0.00631579
0.00631579
0.00631579
0.00631579
0.00697877
0.00631579
0.00631579
0.00631579
0.00631579
0.00631579
0.00631579
0.00631579
0.00631579
0.00631579
0.00631579
0.00631579
0.00631579
0.00631579
0.00631579
0.00631579
0.00631579
0.00631579
0.00631579
0.00631579
0.00631579
0.00631579
0.00715764
0.00746371
0.00748044
0.0001
0.0001
0.0001
0.0001
0.0001
0.0001
0.0001
0.0001
0.0001
0.0001
0.00631579
0.00631579
0.00631579
0.00631579
0.00631579
0.00631579
0.00631579
0.00631579
0.00631579
0.00631579
0.00631579
0.00631579
0.00631579
0.00631579
0.00631579
0.00631579
0.00631579
0.00631579
0.00631579
0.00631579
0.00631579
0.00631579
0.00631579
0.00631579
0.00631579
0.00631579
0.00631579
0.00631579
0.00631579
0.00631579
0.00631579
0.00631579
0.00631579
0.00631579
0.00631579
0.00631579
0.00631579
0.00631579
0.00631579
0.00631579
0.00631579
0.00631579
0.00631579
0.00631579
0.00631579
0.00631579
0.00631579
0.00631579
0.00631579
0.00631579
0.00631579
0.00631579
0.00631579
0.00631579
0.00631579
0.00631579
0.00631579
0.00631579
0.00631579
0.00631579
0.00631579
0.00631579
0.00631579
0.00631579
0.00631579
0.00678879
0.00631579
0.00631579
0.00631579
0.00631579
0.00631579
0.00631579
0.00747438
0.00631579
0.00652928
0.00631579
0.00631579
0.00631579
0.00631579
0.00631579
0.00631579
0.00631579
0.00631579
0.00631579
0.00730934
0.00748044
0.00748044
0.0001
0.0001
0.0001
0.0001
0.0001
0.0001
0.0001
0.0001
0.0001
0.00631579
0.00631579
0.00631579
0.00631579
0.00631579
0.00631579
0.00631579
0.00631579
0.00631579
0.00631579
0.00631579
0.00631579
0.00631579
0.00631579
0.00631579
0.00631579
0.00631579
0.00631579
0.00631579
0.00631579
0.00631579
0.00631579
0.00631579
0.00631579
0.00631579
0.00631579
0.00631579
0.00631579
0.00631579
0.00631579
0.00631579
0.00631579
0.00631579
0.00631579
0.00631579
0.00631579
0.00631579
0.00631579
0.00631579
0.00631579
0.00631579
0.00631579
0.00631579
0.00631579
0.00631579
0.00631579
0.00631579
0.00631579
0.00631579
0.00631579
0.00631579
0.00631579
0.00631579
0.00631579
0.00631579
0.00631579
0.00631579
0.00631579
0.00631579
0.00631579
0.00631579
0.00631579
0.00631579
0.00631579
0.00631579
0.00631579
0.00631579
0.00685294
0.00721234
0.00739879
0.00742919
0.00744334
0.00745692
0.00744051
0.00741693
0.0073508
0.00748044
0.00655064
0.00727233
0.00741678
0.00739543
0.00740057
0.00724594
0.00740881
0.00748044
0.00748044
0.0001
0.0001
0.0001
0.0001
0.0001
0.0001
0.0001
0.0001
0.0001
0.0001
0.00631579
0.00631579
0.00631579
0.00631579
0.00631579
0.00631579
0.00631579
0.00631579
0.00631579
0.00631579
0.00631579
0.00631579
0.00631579
0.00631579
0.00631579
0.00631579
0.00631579
0.00631579
0.00631579
0.00631579
0.00631579
0.00631579
0.00631579
0.00631579
0.00631579
0.00631579
0.00631579
0.00631579
0.00631579
0.00631579
0.00631579
0.00631579
0.00631579
0.00631579
0.00631579
0.00631579
0.00631579
0.00631579
0.00631579
0.00631579
0.00631579
0.00631579
0.00631579
0.00631579
0.00631579
0.00631579
0.00631579
0.00631579
0.00631579
0.00631579
0.00631579
0.00631579
0.00631579
0.00631579
0.00631579
0.00631579
0.00631579
0.00631579
0.00631579
0.00631579
0.00631579
0.00686859
0.00674055
0.00732817
0.00737889
0.00737174
0.00748044
0.00748044
0.0001
0.0001
0.0001
0.0001
0.0001
0.0001
0.0001
0.0001
0.0001
0.0001
0.0001
0.0001
0.0001
0.0001
0.0001
0.0001
0.0001
0.0001
0.0001
0.0001
0.0001
0.0001
0.0001
0.0001
0.0001
0.0001
0.0001
0.0001
0.00631579
0.00631579
0.00631579
0.00631579
0.00631579
0.00631579
0.00631579
0.00631579
0.00631579
0.00631579
0.00631579
0.00631579
0.00631579
0.00631579
0.00631579
0.00631579
0.00631579
0.00631579
0.00631579
0.00631579
0.00631579
0.00631579
0.00631579
0.00631579
0.00631579
0.00631579
0.00631579
0.00631579
0.00631579
0.00631579
0.00631579
0.00631579
0.00631579
0.00631579
0.00631579
0.00631579
0.00631579
0.00631579
0.00631579
0.00631579
0.00631579
0.00631579
0.00631579
0.00631579
0.00631579
0.00631579
0.00631579
0.00631579
0.00631579
0.00631579
0.00631579
0.00631579
0.00631579
0.00631579
0.00631579
0.00631579
0.00631579
0.00631579
0.00631579
0.00631579
0.00631579
0.00631579
0.00748044
0.00748044
0.0001
0.00748044
0.0001
0.0001
0.0001
0.0001
0.0001
0.0001
0.0001
0.0001
0.0001
0.0001
0.0001
0.0001
0.0001
0.0001
0.0001
0.0001
0.0001
0.0001
0.0001
0.0001
0.0001
0.0001
0.0001
0.0001
0.0001
0.0001
0.0001
0.0001
0.0001
0.0001
0.00631579
0.00631579
0.00631579
0.00631579
0.00631579
0.00631579
0.00631579
0.00631579
0.00631579
0.00631579
0.00631579
0.00631579
0.00631579
0.00631579
0.00631579
0.00631579
0.00631579
0.00631579
0.00631579
0.00631579
0.00631579
0.00631579
0.00631579
0.00631579
0.00631579
0.00631579
0.00631579
0.00631579
0.00631579
0.00631579
0.00631579
0.00631579
0.00631579
0.00631579
0.00631579
0.00631579
0.00631579
0.00631579
0.00631579
0.00631579
0.00631579
0.00631579
0.00631579
0.00631579
0.00631579
0.00631579
0.00631579
0.00631579
0.00631579
0.00631579
0.00631579
0.00631579
0.00631579
0.00631579
0.00631579
0.00631579
0.00631579
0.00631579
0.00631579
0.00631579
0.00631579
0.00701809
0.0001
0.0001
0.0001
0.0001
0.0001
0.0001
0.0001
0.0001
0.0001
0.0001
0.0001
0.0001
0.0001
0.0001
0.0001
0.0001
0.0001
0.0001
0.0001
0.0001
0.0001
0.0001
0.0001
0.0001
0.0001
0.0001
0.0001
0.0001
0.0001
0.0001
0.0001
0.0001
0.0001
0.0001
0.00631579
0.00631579
0.00631579
0.00631579
0.00631579
0.00631579
0.00631579
0.00631579
0.00631579
0.00631579
0.00631579
0.00631579
0.00631579
0.00631579
0.00631579
0.00631579
0.00631579
0.00631579
0.00631579
0.00631579
0.00631579
0.00631579
0.00631579
0.00631579
0.00631579
0.00631579
0.00631579
0.00631579
0.00631579
0.00631579
0.00631579
0.00631579
0.00631579
0.00631579
0.00631579
0.00631579
0.00631579
0.00631579
0.00631579
0.00631579
0.00631579
0.00631579
0.00631579
0.00631579
0.00631579
0.00631579
0.00631579
0.00631579
0.00631579
0.00631579
0.00631579
0.00631579
0.00631579
0.00631579
0.00631579
0.00631579
0.00631579
0.00631579
0.00631579
0.00631579
0.00631579
0.00729533
0.0001
0.0001
0.0001
0.0001
0.0001
0.0001
0.0001
0.0001
0.0001
0.0001
0.0001
0.0001
0.0001
0.0001
0.0001
0.0001
0.0001
0.0001
0.0001
0.0001
0.0001
0.0001
0.0001
0.0001
0.0001
0.0001
0.0001
0.0001
0.0001
0.0001
0.0001
0.0001
0.0001
0.0001
0.00631579
0.00631579
0.00631579
0.00631579
0.00631579
0.00631579
0.00631579
0.00631579
0.00631579
0.00631579
0.00631579
0.00631579
0.00631579
0.00631579
0.00631579
0.00631579
0.00631579
0.00631579
0.00631579
0.00631579
0.00631579
0.00631579
0.00631579
0.00631579
0.00631579
0.00631579
0.00631579
0.00631579
0.00631579
0.00631579
0.00631579
0.00631579
0.00631579
0.00631579
0.00631579
0.00631579
0.00631579
0.00631579
0.00631579
0.00631579
0.00631579
0.00631579
0.00631579
0.00631579
0.00631579
0.00631579
0.00631579
0.00631579
0.00631579
0.00631579
0.00631579
0.00631579
0.00631579
0.00631579
0.00631579
0.00631579
0.00631579
0.00631579
0.00631579
0.00631579
0.00631579
0.00699552
0.0001
0.0001
0.0001
0.0001
0.0001
0.0001
0.0001
0.0001
0.0001
0.0001
0.0001
0.0001
0.0001
0.0001
0.0001
0.0001
0.0001
0.0001
0.0001
0.0001
0.0001
0.0001
0.0001
0.0001
0.0001
0.0001
0.0001
0.0001
0.0001
0.0001
0.0001
0.0001
0.0001
0.0001
)
;

boundaryField
{
    outlet
    {
        type            zeroGradient;
    }
    inlet
    {
        type            fixedValue;
        value           uniform 0.00252;
    }
    walls
    {
        type            zeroGradient;
    }
}


// ************************************************************************* //
