/*--------------------------------*- C++ -*----------------------------------*\
| =========                 |                                                 |
| \\      /  F ield         | OpenFOAM: The Open Source CFD Toolbox           |
|  \\    /   O peration     | Version:  2.3.0                                 |
|   \\  /    A nd           | Web:      www.OpenFOAM.org                      |
|    \\/     M anipulation  |                                                 |
\*---------------------------------------------------------------------------*/
FoamFile
{
    version     2.0;
    format      ascii;
    class       volScalarField;
    location    "27";
    object      rho;
}
// * * * * * * * * * * * * * * * * * * * * * * * * * * * * * * * * * * * * * //

dimensions      [1 -3 0 0 0 0 0];

internalField   nonuniform List<scalar> 
6144
(
1.16407
1.16488
1.16538
1.16583
1.16625
1.16677
1.1673
1.16802
1.16864
1.16884
1.16888
1.16888
1.16889
1.16889
1.16889
1.1689
1.1689
1.1689
1.1689
1.1689
1.1689
1.16891
1.16891
1.16891
1.16891
1.16891
1.16891
1.16892
1.16892
1.16892
1.16892
1.16892
1.16892
1.16892
1.16892
1.16893
1.16893
1.16893
1.16893
1.16893
1.16893
1.16893
1.16894
1.16894
1.16945
1.17217
1.17808
1.18695
1.20082
1.22493
1.26807
1.28965
1.29405
1.29844
1.29655
1.29743
1.29281
1.29957
2.26355
60.6211
992.006
1026.9
1027.09
1027.1
1027.1
1027.1
1027.1
1027.1
1027.1
1027.1
1027.1
1027.1
1027.1
1027.1
1027.1
1027.1
1027.1
1027.1
1027.1
1027.1
1027.1
1027.1
1027.1
1027.1
1027.1
1027.1
1027.1
1027.1
1027.1
1027.1
1027.1
1027.1
1027.1
1027.1
1027.1
1027.1
1.16379
1.16491
1.16561
1.16606
1.16656
1.16705
1.16761
1.16822
1.16871
1.16885
1.16887
1.16889
1.16889
1.1689
1.1689
1.1689
1.16891
1.16891
1.16891
1.16891
1.16891
1.16891
1.16891
1.16892
1.16892
1.16892
1.16892
1.16892
1.16892
1.16893
1.16893
1.16893
1.16893
1.16893
1.16893
1.16893
1.16894
1.16894
1.16894
1.16894
1.16894
1.16894
1.16894
1.16894
1.16919
1.17074
1.17478
1.18028
1.18749
1.20699
1.28262
1.29752
1.30178
1.30483
1.29867
1.30175
1.29425
1.30695
1.79895
41.1035
986.067
1026.92
1027.09
1027.1
1027.1
1027.1
1027.1
1027.1
1027.1
1027.1
1027.1
1027.1
1027.1
1027.1
1027.1
1027.1
1027.1
1027.1
1027.1
1027.1
1027.1
1027.1
1027.1
1027.1
1027.1
1027.1
1027.1
1027.1
1027.1
1027.1
1027.1
1027.1
1027.1
1027.1
1027.1
1027.1
1.16349
1.16447
1.16536
1.16584
1.16639
1.16697
1.16769
1.16823
1.16856
1.16871
1.16879
1.16885
1.16888
1.1689
1.1689
1.16891
1.16891
1.16891
1.16891
1.16891
1.16891
1.16891
1.16892
1.16892
1.16892
1.16892
1.16892
1.16892
1.16892
1.16893
1.16893
1.16893
1.16893
1.16893
1.16893
1.16893
1.16894
1.16894
1.16894
1.16894
1.16894
1.16894
1.16894
1.16896
1.16918
1.17005
1.17247
1.17641
1.18396
1.22737
1.28838
1.30236
1.30899
1.30905
1.30259
1.30189
1.29167
1.30212
1.6062
37.2429
980.564
1026.9
1027.09
1027.1
1027.1
1027.1
1027.1
1027.1
1027.1
1027.1
1027.1
1027.1
1027.1
1027.1
1027.1
1027.1
1027.1
1027.1
1027.1
1027.1
1027.1
1027.1
1027.1
1027.1
1027.1
1027.1
1027.1
1027.1
1027.1
1027.1
1027.1
1027.1
1027.1
1027.1
1027.1
1027.1
1.16328
1.16398
1.16499
1.16549
1.16601
1.16651
1.16737
1.16813
1.16848
1.16864
1.16875
1.16883
1.16888
1.16889
1.1689
1.1689
1.1689
1.1689
1.16891
1.16891
1.16891
1.16891
1.16891
1.16891
1.16891
1.16892
1.16892
1.16892
1.16892
1.16892
1.16892
1.16892
1.16893
1.16893
1.16893
1.16893
1.16893
1.16893
1.16893
1.16893
1.16894
1.16894
1.16894
1.16901
1.16925
1.16987
1.17152
1.17432
1.17713
1.23274
1.28901
1.30672
1.31787
1.31994
1.31426
1.30718
1.29321
1.33285
1.43093
56.7071
984.838
1026.95
1027.08
1027.09
1027.09
1027.09
1027.09
1027.1
1027.1
1027.1
1027.1
1027.1
1027.1
1027.1
1027.1
1027.1
1027.1
1027.1
1027.1
1027.1
1027.1
1027.1
1027.1
1027.1
1027.1
1027.1
1027.1
1027.1
1027.1
1027.1
1027.1
1027.1
1027.1
1027.1
1027.1
1027.1
1.16315
1.16345
1.16458
1.16513
1.16576
1.16623
1.16699
1.16789
1.16838
1.16859
1.16871
1.16882
1.16888
1.1689
1.1689
1.16891
1.16891
1.16891
1.16891
1.16891
1.16891
1.16892
1.16892
1.16892
1.16892
1.16892
1.16892
1.16892
1.16892
1.16893
1.16893
1.16893
1.16893
1.16893
1.16893
1.16893
1.16893
1.16893
1.16894
1.16894
1.16894
1.16894
1.16896
1.16905
1.16931
1.16991
1.17127
1.17362
1.17591
1.22593
1.2875
1.30792
1.32084
1.32434
1.32294
1.31632
1.30865
1.38374
1.58983
93.0681
982.966
1026.48
1026.71
1026.88
1026.96
1027.01
1027.01
1027.02
1027.02
1027.04
1027.05
1027.07
1027.08
1027.09
1027.1
1027.1
1027.1
1027.1
1027.1
1027.1
1027.1
1027.1
1027.1
1027.1
1027.1
1027.1
1027.1
1027.1
1027.1
1027.1
1027.1
1027.1
1027.1
1027.1
1027.1
1027.1
1.16311
1.16311
1.1642
1.16478
1.16554
1.16606
1.16665
1.16741
1.16821
1.16853
1.16867
1.16881
1.16887
1.16889
1.1689
1.1689
1.1689
1.1689
1.1689
1.1689
1.16891
1.16891
1.16891
1.16891
1.16891
1.16891
1.16892
1.16892
1.16892
1.16892
1.16892
1.16892
1.16892
1.16893
1.16893
1.16893
1.16893
1.16893
1.16893
1.16893
1.16894
1.16894
1.16896
1.16903
1.16929
1.16995
1.1712
1.17352
1.17732
1.2075
1.28237
1.3019
1.31071
1.31291
1.31392
1.31844
1.33616
1.35255
1.2794
152.588
988.366
1024.93
1025.06
1025.56
1025.81
1025.86
1025.84
1025.89
1025.86
1025.87
1026.02
1026.2
1026.4
1026.58
1026.75
1026.89
1026.98
1027.05
1027.08
1027.09
1027.09
1027.09
1027.09
1027.09
1027.09
1027.1
1027.1
1027.1
1027.1
1027.1
1027.1
1027.1
1027.1
1027.1
1027.1
1027.1
1.16309
1.16302
1.16395
1.1645
1.16537
1.16596
1.16648
1.16712
1.16798
1.16845
1.16864
1.1688
1.16887
1.1689
1.1689
1.1689
1.16891
1.16891
1.16891
1.16891
1.16891
1.16891
1.16891
1.16891
1.16892
1.16892
1.16892
1.16892
1.16892
1.16892
1.16892
1.16892
1.16893
1.16893
1.16893
1.16893
1.16893
1.16893
1.16893
1.16893
1.16894
1.16894
1.16896
1.16902
1.16927
1.16998
1.17132
1.17389
1.17863
1.19712
1.27696
1.29871
1.30186
1.29567
1.29036
1.28708
1.28528
1.28604
1.27626
238.099
1007.58
1022.6
1022.53
1023.33
1023.71
1023.8
1023.65
1023.55
1023.53
1023.57
1023.68
1023.75
1024.03
1024.5
1024.97
1025.29
1025.44
1025.46
1025.38
1025.27
1025.18
1025.12
1025.04
1025.03
1025.26
1025.62
1026.2
1026.73
1026.97
1027.05
1027.09
1027.09
1027.06
1027.05
1027.07
1027.09
1.16308
1.16307
1.16384
1.16428
1.16527
1.16593
1.16644
1.16709
1.16777
1.1684
1.16862
1.16878
1.16887
1.16889
1.1689
1.1689
1.16891
1.16891
1.16891
1.16891
1.16891
1.16891
1.16892
1.16892
1.16892
1.16892
1.16892
1.16892
1.16893
1.16893
1.16893
1.16893
1.16893
1.16893
1.16893
1.16893
1.16894
1.16894
1.16894
1.16894
1.16894
1.16895
1.16896
1.16901
1.16929
1.17016
1.17176
1.17457
1.17887
1.18674
1.24667
1.2917
1.30112
1.29571
1.29392
1.29438
1.28551
1.2972
1.27626
277.138
1011.23
1018.02
1017.39
1017.28
1017.31
1017.23
1017.1
1016.98
1016.88
1016.7
1016.45
1016.2
1015.92
1015.57
1015.21
1014.8
1014.28
1013.65
1012.92
1012.2
1011.56
1010.96
1010.41
1009.72
1008.8
1007.85
1006.88
1006.22
1005.98
1006.74
1007.6
1009.1
1010.56
1013.09
1015.94
1019.65
1.16284
1.16312
1.16379
1.16404
1.16527
1.16622
1.16662
1.16722
1.16779
1.16835
1.16859
1.16876
1.16885
1.16889
1.16889
1.1689
1.1689
1.1689
1.1689
1.1689
1.16891
1.16891
1.16891
1.16891
1.16891
1.16892
1.16892
1.16892
1.16892
1.16892
1.16892
1.16893
1.16893
1.16893
1.16893
1.16893
1.16893
1.16893
1.16894
1.16894
1.16894
1.16894
1.16895
1.16899
1.16924
1.17016
1.17191
1.17498
1.17982
1.1895
1.22111
1.26959
1.29401
1.30009
1.29447
1.30129
1.28651
1.3068
1.27626
154.405
1001.29
1023.13
1023.47
1024.11
1024.5
1024.82
1025.12
1025.28
1025.27
1025.1
1024.94
1024.73
1024.51
1024.24
1023.96
1023.73
1023.56
1023.48
1023.5
1023.86
1024.18
1024.52
1024.63
1024.28
1024.06
1023.82
1023.68
1023.69
1024.21
1024.99
1025.75
1026.43
1026.96
1027.03
1027.07
1027.1
1.16273
1.16287
1.16339
1.16359
1.16522
1.16642
1.16702
1.16751
1.16784
1.16825
1.16852
1.16871
1.16882
1.16888
1.1689
1.1689
1.1689
1.16891
1.16891
1.16891
1.16891
1.16891
1.16891
1.16892
1.16892
1.16892
1.16892
1.16892
1.16892
1.16892
1.16893
1.16893
1.16893
1.16893
1.16893
1.16893
1.16893
1.16893
1.16894
1.16894
1.16894
1.16895
1.16895
1.16898
1.1692
1.17013
1.17212
1.176
1.18334
1.1957
1.21595
1.24766
1.27977
1.30175
1.3012
1.30597
1.30168
1.30986
1.27626
101.089
1008.25
1026.64
1026.82
1026.97
1027.02
1027.04
1027.06
1027.07
1027.08
1027.08
1027.09
1027.08
1027.08
1027.07
1027.07
1027.06
1027.06
1027.06
1027.06
1027.06
1027.06
1027.07
1027.06
1027.05
1027.03
1027.02
1027.02
1027.04
1027.07
1027.09
1027.1
1027.1
1027.1
1027.1
1027.1
1027.1
1.16246
1.16254
1.16288
1.16305
1.16486
1.16633
1.16736
1.16775
1.16797
1.16821
1.16845
1.16865
1.16877
1.16886
1.16889
1.1689
1.1689
1.1689
1.1689
1.16891
1.16891
1.16891
1.16891
1.16891
1.16892
1.16892
1.16892
1.16892
1.16892
1.16892
1.16893
1.16893
1.16893
1.16893
1.16893
1.16893
1.16893
1.16894
1.16894
1.16894
1.16894
1.16895
1.16895
1.16899
1.16926
1.17035
1.17297
1.17838
1.18911
1.20516
1.22154
1.24786
1.27578
1.30648
1.31074
1.31726
1.30758
1.31195
1.28776
69.2986
1015.97
1027.08
1027.09
1027.09
1027.09
1027.1
1027.1
1027.1
1027.1
1027.1
1027.1
1027.1
1027.1
1027.1
1027.1
1027.1
1027.1
1027.1
1027.1
1027.1
1027.1
1027.1
1027.1
1027.1
1027.1
1027.1
1027.1
1027.1
1027.1
1027.1
1027.1
1027.1
1027.1
1027.1
1027.1
1027.1
1.16216
1.16211
1.16233
1.16239
1.16409
1.16576
1.16743
1.16791
1.16816
1.16839
1.16855
1.16876
1.16885
1.1689
1.1689
1.1689
1.1689
1.1689
1.1689
1.16891
1.16891
1.16891
1.16891
1.16891
1.16892
1.16892
1.16892
1.16892
1.16892
1.16893
1.16893
1.16893
1.16893
1.16893
1.16893
1.16894
1.16894
1.16894
1.16894
1.16894
1.16895
1.16895
1.16896
1.16903
1.16945
1.17092
1.17476
1.18228
1.19501
1.21383
1.23174
1.25116
1.27418
1.30976
1.31564
1.31575
1.30266
1.31048
1.41116
28.3822
999.061
1027.08
1027.09
1027.09
1027.09
1027.09
1027.1
1027.1
1027.1
1027.1
1027.1
1027.1
1027.1
1027.1
1027.1
1027.1
1027.1
1027.1
1027.1
1027.1
1027.1
1027.1
1027.1
1027.1
1027.1
1027.1
1027.1
1027.1
1027.1
1027.1
1027.1
1027.1
1027.1
1027.1
1027.1
1027.1
1.16179
1.16163
1.16176
1.16189
1.16312
1.16484
1.16697
1.168
1.16832
1.1686
1.16873
1.16884
1.1689
1.16891
1.16892
1.16892
1.16892
1.16891
1.16891
1.16891
1.16891
1.16891
1.16892
1.16892
1.16892
1.16892
1.16892
1.16892
1.16893
1.16893
1.16893
1.16893
1.16893
1.16893
1.16894
1.16894
1.16894
1.16894
1.16894
1.16895
1.16895
1.16895
1.16897
1.16908
1.16967
1.17164
1.17681
1.18621
1.1999
1.22032
1.24001
1.25609
1.27272
1.30705
1.31102
1.3087
1.29524
1.31709
1.47158
19.8432
963.494
1026.82
1027.09
1027.09
1027.09
1027.1
1027.1
1027.1
1027.1
1027.1
1027.1
1027.1
1027.1
1027.1
1027.1
1027.1
1027.1
1027.1
1027.1
1027.1
1027.1
1027.1
1027.1
1027.1
1027.1
1027.1
1027.1
1027.1
1027.1
1027.1
1027.1
1027.1
1027.1
1027.1
1027.1
1027.1
1.16151
1.16139
1.1614
1.1617
1.16243
1.16396
1.16622
1.1679
1.16842
1.16864
1.16872
1.16881
1.16887
1.16891
1.16892
1.16892
1.16892
1.16892
1.16892
1.16892
1.16892
1.16892
1.16892
1.16892
1.16893
1.16893
1.16893
1.16893
1.16893
1.16893
1.16893
1.16893
1.16894
1.16894
1.16894
1.16894
1.16894
1.16894
1.16894
1.16895
1.16895
1.16895
1.16898
1.16913
1.16983
1.17229
1.17891
1.19012
1.20551
1.22676
1.24686
1.26247
1.27493
1.2982
1.298
1.29461
1.30114
1.39467
1.47833
31.9797
930.412
1026.25
1027.09
1027.09
1027.1
1027.1
1027.1
1027.1
1027.1
1027.1
1027.1
1027.1
1027.1
1027.1
1027.1
1027.1
1027.1
1027.1
1027.1
1027.1
1027.1
1027.1
1027.1
1027.1
1027.1
1027.1
1027.1
1027.1
1027.1
1027.1
1027.1
1027.1
1027.1
1027.1
1027.1
1027.1
1.1612
1.16138
1.16133
1.16174
1.16237
1.16348
1.16521
1.16748
1.16845
1.16866
1.16872
1.16879
1.16884
1.1689
1.16891
1.16892
1.16892
1.16892
1.16892
1.16892
1.16892
1.16892
1.16892
1.16892
1.16892
1.16893
1.16893
1.16893
1.16893
1.16893
1.16893
1.16893
1.16893
1.16894
1.16894
1.16894
1.16894
1.16894
1.16894
1.16895
1.16895
1.16896
1.169
1.16922
1.17003
1.17293
1.18125
1.19441
1.21089
1.23147
1.25001
1.26354
1.27333
1.28077
1.30165
1.32063
1.34606
1.41358
1.68221
50.3707
935.809
1026.16
1027.09
1027.09
1027.1
1027.1
1027.1
1027.1
1027.1
1027.1
1027.1
1027.1
1027.1
1027.1
1027.1
1027.1
1027.1
1027.1
1027.1
1027.1
1027.1
1027.1
1027.1
1027.1
1027.1
1027.1
1027.1
1027.1
1027.1
1027.1
1027.1
1027.1
1027.1
1027.1
1027.1
1027.1
1.16031
1.16062
1.16084
1.16117
1.16211
1.16345
1.16461
1.16732
1.16859
1.16875
1.16877
1.16881
1.16885
1.16891
1.16892
1.16892
1.16892
1.16892
1.16893
1.16893
1.16893
1.16893
1.16893
1.16893
1.16893
1.16893
1.16893
1.16894
1.16894
1.16894
1.16894
1.16894
1.16894
1.16894
1.16895
1.16895
1.16895
1.16895
1.16895
1.16895
1.16896
1.16897
1.16902
1.16928
1.17022
1.17322
1.18118
1.195
1.21252
1.23323
1.25083
1.26136
1.2676
1.27854
1.29107
1.303
1.28955
1.34955
2.25133
69.1524
958.527
1026.47
1027.09
1027.09
1027.1
1027.1
1027.1
1027.1
1027.1
1027.1
1027.1
1027.1
1027.1
1027.1
1027.1
1027.1
1027.1
1027.1
1027.1
1027.1
1027.1
1027.1
1027.1
1027.1
1027.1
1027.1
1027.1
1027.1
1027.1
1027.1
1027.1
1027.1
1027.1
1027.1
1027.1
1027.1
1.16328
1.16462
1.16532
1.16582
1.16622
1.16675
1.16751
1.16829
1.16862
1.16873
1.1688
1.16886
1.1689
1.16891
1.16892
1.16892
1.16892
1.16892
1.16892
1.16892
1.16892
1.16893
1.16893
1.16893
1.16893
1.16893
1.16893
1.16894
1.16894
1.16894
1.16894
1.16894
1.16894
1.16895
1.16895
1.16895
1.16895
1.16895
1.16895
1.16895
1.16895
1.16896
1.16896
1.16896
1.16947
1.17225
1.17817
1.18723
1.20242
1.22835
1.26255
1.28716
1.29196
1.29476
1.29361
1.2932
1.28695
1.32328
1.85101
39.613
975.234
1026.91
1027.09
1027.1
1027.1
1027.1
1027.1
1027.1
1027.1
1027.1
1027.1
1027.1
1027.1
1027.1
1027.1
1027.1
1027.1
1027.1
1027.1
1027.1
1027.1
1027.1
1027.1
1027.1
1027.1
1027.1
1027.1
1027.1
1027.1
1027.1
1027.1
1027.1
1027.1
1027.1
1027.1
1027.1
1.16257
1.16446
1.16584
1.16642
1.16703
1.16759
1.16795
1.16813
1.16832
1.16849
1.16865
1.16877
1.16886
1.1689
1.16891
1.16892
1.16892
1.16892
1.16892
1.16892
1.16892
1.16893
1.16893
1.16893
1.16893
1.16893
1.16893
1.16894
1.16894
1.16894
1.16894
1.16894
1.16894
1.16894
1.16894
1.16894
1.16895
1.16895
1.16895
1.16895
1.16895
1.16896
1.16897
1.16903
1.16924
1.17033
1.17454
1.18202
1.19036
1.20373
1.27138
1.29435
1.30057
1.30159
1.29936
1.2983
1.28692
1.33127
1.59325
53.3243
992.392
1027.08
1027.09
1027.1
1027.1
1027.1
1027.1
1027.1
1027.1
1027.1
1027.1
1027.1
1027.1
1027.1
1027.1
1027.1
1027.1
1027.1
1027.1
1027.1
1027.1
1027.1
1027.1
1027.1
1027.1
1027.1
1027.1
1027.1
1027.1
1027.1
1027.1
1027.1
1027.1
1027.1
1027.1
1027.1
1.16218
1.16382
1.16582
1.16635
1.16656
1.16684
1.16729
1.16763
1.16803
1.16833
1.16855
1.16873
1.16884
1.1689
1.16891
1.16891
1.16892
1.16892
1.16892
1.16892
1.16892
1.16892
1.16892
1.16893
1.16893
1.16893
1.16893
1.16893
1.16893
1.16893
1.16894
1.16894
1.16894
1.16894
1.16894
1.16894
1.16894
1.16894
1.16894
1.16895
1.16895
1.16896
1.16898
1.16906
1.16936
1.17005
1.17239
1.17906
1.1896
1.20611
1.27523
1.29615
1.31001
1.3021
1.29334
1.29378
1.28578
1.34143
1.51756
50.8494
981.763
1027.09
1027.09
1027.09
1027.1
1027.1
1027.1
1027.1
1027.1
1027.1
1027.1
1027.1
1027.1
1027.1
1027.1
1027.1
1027.1
1027.1
1027.1
1027.1
1027.1
1027.1
1027.1
1027.1
1027.1
1027.1
1027.1
1027.1
1027.1
1027.1
1027.1
1027.1
1027.1
1027.1
1027.1
1027.1
1.16191
1.16289
1.16489
1.16559
1.16595
1.16622
1.16681
1.16735
1.16787
1.16826
1.16851
1.16871
1.16883
1.16889
1.16891
1.16891
1.16891
1.16891
1.16892
1.16892
1.16892
1.16892
1.16892
1.16892
1.16892
1.16893
1.16893
1.16893
1.16893
1.16893
1.16893
1.16893
1.16893
1.16894
1.16894
1.16894
1.16894
1.16894
1.16894
1.16894
1.16895
1.16895
1.16897
1.16908
1.16947
1.17034
1.17196
1.17609
1.18438
1.20102
1.26472
1.29651
1.32259
1.31152
1.30064
1.29832
1.32068
1.3701
1.40417
111.188
1019.88
1027.03
1027.05
1027.07
1027.07
1027.08
1027.08
1027.08
1027.09
1027.09
1027.09
1027.1
1027.1
1027.1
1027.1
1027.1
1027.1
1027.1
1027.1
1027.1
1027.1
1027.1
1027.1
1027.1
1027.1
1027.1
1027.1
1027.1
1027.1
1027.1
1027.1
1027.1
1027.1
1027.1
1027.1
1027.1
1.16171
1.16208
1.16402
1.16494
1.16561
1.16612
1.16667
1.16727
1.16782
1.16823
1.1685
1.1687
1.16882
1.16889
1.16891
1.16891
1.16891
1.16891
1.16891
1.16892
1.16892
1.16892
1.16892
1.16892
1.16892
1.16892
1.16892
1.16893
1.16893
1.16893
1.16893
1.16893
1.16893
1.16893
1.16894
1.16894
1.16894
1.16894
1.16894
1.16894
1.16894
1.16895
1.16897
1.16911
1.16959
1.17054
1.1722
1.17534
1.18054
1.1889
1.24585
1.30341
1.32839
1.31977
1.32441
1.3427
1.35701
1.36375
1.35115
207.548
1015
1024.17
1024.6
1024.93
1025.1
1025.31
1025.59
1025.83
1026.07
1026.29
1026.53
1026.74
1026.9
1027
1027.06
1027.08
1027.09
1027.1
1027.1
1027.1
1027.1
1027.1
1027.1
1027.1
1027.1
1027.1
1027.1
1027.1
1027.1
1027.1
1027.1
1027.1
1027.1
1027.1
1027.1
1027.1
1.16161
1.16153
1.16324
1.16437
1.16533
1.16611
1.16671
1.16734
1.16786
1.16824
1.1685
1.1687
1.16882
1.16889
1.1689
1.16891
1.16891
1.16891
1.16891
1.16891
1.16892
1.16892
1.16892
1.16892
1.16892
1.16892
1.16892
1.16892
1.16893
1.16893
1.16893
1.16893
1.16893
1.16893
1.16893
1.16894
1.16894
1.16894
1.16894
1.16894
1.16894
1.16895
1.16897
1.16913
1.16969
1.17085
1.1727
1.17578
1.18042
1.18469
1.23297
1.32268
1.33375
1.3331
1.33756
1.33997
1.3333
1.30942
1.27626
404.03
1004.66
1011.3
1011.57
1011.87
1011.98
1012.24
1012.57
1013.03
1014.28
1015.56
1017.02
1018.44
1019.89
1021.28
1022.51
1023.52
1024.34
1025.01
1025.51
1025.94
1026.31
1026.56
1026.78
1026.94
1027.02
1027.07
1027.08
1027.09
1027.09
1027.1
1027.1
1027.1
1027.1
1027.1
1027.1
1027.1
1.16158
1.16126
1.16258
1.16377
1.16505
1.16611
1.16683
1.16743
1.1679
1.16825
1.1685
1.1687
1.16882
1.16889
1.1689
1.16891
1.16891
1.16891
1.16891
1.16891
1.16891
1.16892
1.16892
1.16892
1.16892
1.16892
1.16892
1.16892
1.16893
1.16893
1.16893
1.16893
1.16893
1.16893
1.16893
1.16894
1.16894
1.16894
1.16894
1.16894
1.16894
1.16895
1.16897
1.16914
1.16978
1.17119
1.17352
1.17731
1.18304
1.18767
1.23645
1.32934
1.33456
1.33003
1.32645
1.31598
1.30088
1.29111
1.27626
526.157
998.837
1001.88
1001.41
1001.01
1000.67
1000.32
999.868
999.238
998.548
997.991
997.663
997.533
997.524
997.55
997.91
998.647
999.582
1000.84
1002.28
1003.73
1005.1
1006.49
1008.13
1009.92
1012.22
1015.28
1018.19
1020.39
1022.11
1023.36
1024.64
1025.49
1025.83
1025.65
1026.34
1026.87
1.1616
1.16109
1.16201
1.16309
1.16472
1.16594
1.16687
1.16745
1.16791
1.16825
1.1685
1.1687
1.16882
1.16889
1.1689
1.16891
1.16891
1.16891
1.16891
1.16891
1.16892
1.16892
1.16892
1.16892
1.16892
1.16892
1.16892
1.16893
1.16893
1.16893
1.16893
1.16893
1.16893
1.16893
1.16894
1.16894
1.16894
1.16894
1.16894
1.16894
1.16894
1.16895
1.16897
1.16914
1.16987
1.17153
1.17428
1.1786
1.18505
1.19312
1.22579
1.3265
1.32867
1.31213
1.30319
1.29667
1.28944
1.28568
1.27626
376.309
1001.43
1008.28
1007.84
1007.82
1007.93
1007.57
1006.69
1005.62
1004.08
1002.14
1000.03
997.944
995.789
993.525
991.315
988.925
986.135
983.119
979.978
976.695
972.938
968.473
963.536
958.584
953.195
946.587
938.179
930.174
924.847
919.186
910.739
901.767
890.65
868.994
820.63
622.174
1.1616
1.16096
1.16155
1.16242
1.16418
1.16572
1.16687
1.16746
1.16791
1.16825
1.1685
1.16871
1.16883
1.16889
1.16891
1.16891
1.16891
1.16891
1.16891
1.16892
1.16892
1.16892
1.16892
1.16892
1.16892
1.16892
1.16893
1.16893
1.16893
1.16893
1.16893
1.16893
1.16893
1.16894
1.16894
1.16894
1.16894
1.16894
1.16894
1.16894
1.16894
1.16895
1.16898
1.16916
1.16994
1.17182
1.17497
1.1799
1.1872
1.19887
1.20828
1.26947
1.32889
1.31442
1.30257
1.29901
1.29865
1.29622
1.27626
138.283
1008.86
1023.84
1024.5
1025.57
1025.88
1025.92
1025.8
1025.68
1025.61
1025.59
1025.57
1025.38
1025.19
1025.04
1024.89
1024.56
1024.26
1023.88
1023.41
1022.76
1021.79
1020.48
1019.05
1017.65
1016.29
1015.57
1017.2
1020.95
1023.57
1025.43
1026.81
1026.86
1026.87
1026.88
1026.83
1026.69
1.16147
1.16085
1.16117
1.16179
1.16337
1.16523
1.16677
1.16746
1.16791
1.16826
1.1685
1.16872
1.16883
1.1689
1.16891
1.16891
1.16891
1.16891
1.16892
1.16892
1.16892
1.16892
1.16892
1.16892
1.16892
1.16893
1.16893
1.16893
1.16893
1.16893
1.16893
1.16893
1.16894
1.16894
1.16894
1.16894
1.16894
1.16894
1.16894
1.16894
1.16895
1.16895
1.16898
1.16918
1.17
1.17203
1.17543
1.18103
1.18929
1.20316
1.21602
1.2436
1.3118
1.32755
1.30774
1.30715
1.30651
1.31786
1.27626
101.303
1018.12
1026.93
1026.99
1027.05
1027.06
1027.06
1027.06
1027.06
1027.06
1027.05
1027.05
1027.05
1027.05
1027.05
1027.05
1027.02
1027
1026.99
1026.99
1026.99
1026.95
1026.89
1026.84
1026.81
1026.77
1026.76
1026.92
1027.04
1027.08
1027.09
1027.1
1027.1
1027.1
1027.1
1027.1
1027.1
1.16137
1.16079
1.16087
1.16126
1.16254
1.16452
1.16649
1.16739
1.16792
1.16828
1.16853
1.16873
1.16884
1.1689
1.16891
1.16891
1.16891
1.16892
1.16892
1.16892
1.16892
1.16892
1.16892
1.16892
1.16893
1.16893
1.16893
1.16893
1.16893
1.16893
1.16893
1.16894
1.16894
1.16894
1.16894
1.16894
1.16894
1.16894
1.16894
1.16895
1.16895
1.16895
1.16898
1.16919
1.17005
1.17225
1.17618
1.183
1.19275
1.20869
1.22397
1.2494
1.30106
1.33773
1.31867
1.3232
1.32099
1.32702
1.3535
44.2831
985.232
1027.09
1027.09
1027.09
1027.09
1027.1
1027.1
1027.1
1027.1
1027.1
1027.1
1027.1
1027.1
1027.1
1027.1
1027.1
1027.1
1027.1
1027.1
1027.1
1027.1
1027.1
1027.1
1027.1
1027.1
1027.1
1027.1
1027.1
1027.1
1027.1
1027.1
1027.1
1027.1
1027.1
1027.1
1027.1
1.1612
1.16071
1.16065
1.16077
1.16158
1.1634
1.16602
1.16734
1.16794
1.16831
1.16855
1.16875
1.16885
1.1689
1.16891
1.16891
1.16891
1.16892
1.16892
1.16892
1.16892
1.16892
1.16892
1.16892
1.16893
1.16893
1.16893
1.16893
1.16893
1.16893
1.16893
1.16894
1.16894
1.16894
1.16894
1.16894
1.16894
1.16894
1.16894
1.16895
1.16895
1.16895
1.16899
1.16921
1.17014
1.17259
1.17709
1.18498
1.19656
1.21442
1.23269
1.24932
1.29229
1.33701
1.33075
1.3334
1.33002
1.3515
1.42274
23.7635
989.084
1027.09
1027.09
1027.09
1027.09
1027.1
1027.1
1027.1
1027.1
1027.1
1027.1
1027.1
1027.1
1027.1
1027.1
1027.1
1027.1
1027.1
1027.1
1027.1
1027.1
1027.1
1027.1
1027.1
1027.1
1027.1
1027.1
1027.1
1027.1
1027.1
1027.1
1027.1
1027.1
1027.1
1027.1
1027.1
1.16107
1.16067
1.16055
1.16053
1.16074
1.1619
1.16489
1.16729
1.16798
1.16835
1.16858
1.16876
1.16885
1.1689
1.16891
1.16891
1.16891
1.16892
1.16892
1.16892
1.16892
1.16892
1.16892
1.16892
1.16893
1.16893
1.16893
1.16893
1.16893
1.16893
1.16893
1.16894
1.16894
1.16894
1.16894
1.16894
1.16894
1.16894
1.16894
1.16895
1.16895
1.16896
1.16899
1.16924
1.17024
1.1729
1.17801
1.18704
1.20096
1.22012
1.24037
1.25349
1.27971
1.32897
1.32799
1.33507
1.34801
1.45514
1.49491
25.905
994.122
1027.09
1027.09
1027.09
1027.09
1027.1
1027.1
1027.1
1027.1
1027.1
1027.1
1027.1
1027.1
1027.1
1027.1
1027.1
1027.1
1027.1
1027.1
1027.1
1027.1
1027.1
1027.1
1027.1
1027.1
1027.1
1027.1
1027.1
1027.1
1027.1
1027.1
1027.1
1027.1
1027.1
1027.1
1027.1
1.16094
1.16093
1.16057
1.16053
1.16049
1.16082
1.16293
1.16672
1.16804
1.16841
1.16861
1.16876
1.16884
1.1689
1.16891
1.16891
1.16891
1.16891
1.16892
1.16892
1.16892
1.16892
1.16892
1.16892
1.16892
1.16892
1.16893
1.16893
1.16893
1.16893
1.16893
1.16893
1.16893
1.16893
1.16893
1.16893
1.16894
1.16894
1.16894
1.16894
1.16894
1.16895
1.169
1.16928
1.17032
1.17305
1.17896
1.19005
1.20645
1.22602
1.24488
1.26236
1.27673
1.30396
1.31525
1.35718
1.40701
1.56022
1.48079
38.8172
992.471
1027.08
1027.09
1027.09
1027.1
1027.1
1027.1
1027.1
1027.1
1027.1
1027.1
1027.1
1027.1
1027.1
1027.1
1027.1
1027.1
1027.1
1027.1
1027.1
1027.1
1027.1
1027.1
1027.1
1027.1
1027.1
1027.1
1027.1
1027.1
1027.1
1027.1
1027.1
1027.1
1027.1
1027.1
1027.1
1.16087
1.16109
1.16097
1.16092
1.1607
1.16055
1.16112
1.16434
1.16801
1.16848
1.16864
1.16875
1.16882
1.16889
1.16891
1.16891
1.16891
1.16891
1.16892
1.16892
1.16892
1.16892
1.16892
1.16892
1.16892
1.16892
1.16892
1.16893
1.16893
1.16893
1.16893
1.16893
1.16893
1.16893
1.16893
1.16893
1.16893
1.16894
1.16894
1.16894
1.16894
1.16896
1.16901
1.1693
1.17028
1.17307
1.18015
1.19334
1.21112
1.23036
1.24584
1.25944
1.26987
1.28882
1.3314
1.38045
1.47816
1.57535
1.56201
57.6607
988.746
1027.05
1027.09
1027.09
1027.1
1027.1
1027.1
1027.1
1027.1
1027.1
1027.1
1027.1
1027.1
1027.1
1027.1
1027.1
1027.1
1027.1
1027.1
1027.1
1027.1
1027.1
1027.1
1027.1
1027.1
1027.1
1027.1
1027.1
1027.1
1027.1
1027.1
1027.1
1027.1
1027.1
1027.1
1027.1
1.16018
1.16064
1.16092
1.16118
1.16126
1.16069
1.16066
1.16286
1.16743
1.16854
1.16866
1.16876
1.16883
1.1689
1.16891
1.16892
1.16892
1.16892
1.16892
1.16892
1.16892
1.16893
1.16893
1.16893
1.16893
1.16893
1.16893
1.16893
1.16893
1.16893
1.16894
1.16894
1.16894
1.16894
1.16894
1.16894
1.16894
1.16895
1.16895
1.16895
1.16895
1.16896
1.16902
1.16928
1.17024
1.17307
1.18024
1.19353
1.2119
1.2327
1.24888
1.26054
1.26883
1.28863
1.32068
1.32609
1.32768
1.43534
1.97742
52.5608
968.859
1026.75
1027.09
1027.09
1027.1
1027.1
1027.1
1027.1
1027.1
1027.1
1027.1
1027.1
1027.1
1027.1
1027.1
1027.1
1027.1
1027.1
1027.1
1027.1
1027.1
1027.1
1027.1
1027.1
1027.1
1027.1
1027.1
1027.1
1027.1
1027.1
1027.1
1027.1
1027.1
1027.1
1027.1
1027.1
1.16225
1.1634
1.1648
1.16564
1.16613
1.16669
1.16745
1.16828
1.16862
1.16874
1.16882
1.16887
1.1689
1.16891
1.16891
1.16891
1.16891
1.16891
1.16891
1.16892
1.16892
1.16892
1.16892
1.16892
1.16892
1.16892
1.16893
1.16893
1.16893
1.16893
1.16893
1.16894
1.16894
1.16894
1.16894
1.16894
1.16894
1.16894
1.16895
1.16895
1.16895
1.16895
1.16895
1.16895
1.16944
1.17233
1.17865
1.18912
1.20609
1.23086
1.25212
1.27826
1.28521
1.28934
1.28868
1.28921
1.28433
1.30992
2.04897
39.1658
963.476
1026.62
1027.09
1027.1
1027.1
1027.1
1027.1
1027.1
1027.1
1027.1
1027.1
1027.1
1027.1
1027.1
1027.1
1027.1
1027.1
1027.1
1027.1
1027.1
1027.1
1027.1
1027.1
1027.1
1027.1
1027.1
1027.1
1027.1
1027.1
1027.1
1027.1
1027.1
1027.1
1027.1
1027.1
1027.1
1.16152
1.16214
1.1654
1.1661
1.16656
1.1672
1.16791
1.16832
1.16851
1.16862
1.16873
1.16882
1.16888
1.1689
1.16891
1.16891
1.16891
1.16891
1.16892
1.16892
1.16892
1.16892
1.16892
1.16892
1.16893
1.16893
1.16893
1.16893
1.16893
1.16893
1.16893
1.16894
1.16894
1.16894
1.16894
1.16894
1.16894
1.16894
1.16894
1.16894
1.16894
1.16895
1.16895
1.16898
1.1693
1.17146
1.17693
1.18628
1.20108
1.22384
1.24492
1.27602
1.28845
1.29409
1.29327
1.29385
1.28775
1.29972
1.5799
33.4032
990.368
1027.04
1027.09
1027.1
1027.1
1027.1
1027.1
1027.1
1027.1
1027.1
1027.1
1027.1
1027.1
1027.1
1027.1
1027.1
1027.1
1027.1
1027.1
1027.1
1027.1
1027.1
1027.1
1027.1
1027.1
1027.1
1027.1
1027.1
1027.1
1027.1
1027.1
1027.1
1027.1
1027.1
1027.1
1027.1
1.16141
1.16145
1.16561
1.16636
1.1668
1.16738
1.16789
1.16818
1.16834
1.16852
1.16867
1.16879
1.16886
1.16889
1.1689
1.1689
1.1689
1.16891
1.16891
1.16891
1.16891
1.16891
1.16891
1.16892
1.16892
1.16892
1.16892
1.16892
1.16892
1.16892
1.16893
1.16893
1.16893
1.16893
1.16893
1.16893
1.16893
1.16893
1.16893
1.16893
1.16894
1.16894
1.16896
1.16901
1.16924
1.17044
1.17402
1.18184
1.19595
1.21929
1.24734
1.2745
1.28967
1.29318
1.29096
1.29192
1.2838
1.29624
1.37253
63.2119
1014.87
1027.08
1027.09
1027.1
1027.1
1027.1
1027.1
1027.1
1027.1
1027.1
1027.1
1027.1
1027.1
1027.1
1027.1
1027.1
1027.1
1027.1
1027.1
1027.1
1027.1
1027.1
1027.1
1027.1
1027.1
1027.1
1027.1
1027.1
1027.1
1027.1
1027.1
1027.1
1027.1
1027.1
1027.1
1027.1
1.16136
1.16121
1.16503
1.16632
1.16678
1.16734
1.16777
1.168
1.16826
1.16848
1.16864
1.16877
1.16886
1.16889
1.1689
1.1689
1.1689
1.16891
1.16891
1.16891
1.16891
1.16891
1.16891
1.16891
1.16891
1.16891
1.16892
1.16892
1.16892
1.16892
1.16892
1.16892
1.16893
1.16893
1.16893
1.16893
1.16893
1.16893
1.16893
1.16893
1.16893
1.16894
1.16895
1.16902
1.16927
1.17019
1.17274
1.17867
1.19556
1.2176
1.23825
1.26543
1.29131
1.31268
1.31229
1.30683
1.29522
1.33084
1.39233
92.6605
1019.55
1027.08
1027.08
1027.09
1027.09
1027.09
1027.09
1027.09
1027.1
1027.1
1027.1
1027.1
1027.1
1027.1
1027.1
1027.1
1027.1
1027.1
1027.1
1027.1
1027.1
1027.1
1027.1
1027.1
1027.1
1027.1
1027.1
1027.1
1027.1
1027.1
1027.1
1027.1
1027.1
1027.1
1027.1
1027.1
1.16128
1.16119
1.16441
1.1663
1.16675
1.16727
1.16766
1.1679
1.16822
1.16845
1.16862
1.16875
1.16884
1.16888
1.1689
1.1689
1.1689
1.16891
1.16891
1.16891
1.16891
1.16891
1.16891
1.16891
1.16892
1.16892
1.16892
1.16892
1.16892
1.16892
1.16892
1.16892
1.16893
1.16893
1.16893
1.16893
1.16893
1.16893
1.16893
1.16893
1.16893
1.16894
1.16897
1.16905
1.16933
1.17016
1.17234
1.1783
1.19538
1.21421
1.22146
1.2625
1.31609
1.3295
1.32821
1.31811
1.34001
1.35439
1.35328
166.29
1015.78
1026.49
1026.54
1026.56
1026.56
1026.62
1026.7
1026.8
1026.91
1026.99
1027.04
1027.06
1027.06
1027.07
1027.08
1027.09
1027.09
1027.09
1027.09
1027.1
1027.1
1027.1
1027.1
1027.1
1027.1
1027.1
1027.1
1027.1
1027.1
1027.1
1027.1
1027.1
1027.1
1027.1
1027.1
1027.1
1.16121
1.161
1.16376
1.16607
1.16669
1.16726
1.16752
1.16785
1.16821
1.16844
1.1686
1.16872
1.16881
1.16887
1.16889
1.1689
1.1689
1.1689
1.1689
1.16891
1.16891
1.16891
1.16891
1.16891
1.16891
1.16892
1.16892
1.16892
1.16892
1.16892
1.16892
1.16892
1.16893
1.16893
1.16893
1.16893
1.16893
1.16893
1.16893
1.16894
1.16897
1.16904
1.16915
1.16929
1.16951
1.17004
1.17177
1.17862
1.19255
1.20439
1.21154
1.28955
1.33644
1.33194
1.32938
1.33204
1.33737
1.33563
1.29957
345.623
1018.08
1022.18
1022.72
1022.76
1022.49
1022.47
1022.81
1023.17
1023.63
1024.02
1024.33
1024.58
1024.78
1025
1025.23
1025.5
1025.78
1026.1
1026.42
1026.69
1026.9
1027.02
1027.08
1027.09
1027.09
1027.1
1027.1
1027.1
1027.1
1027.1
1027.1
1027.1
1027.1
1027.1
1027.1
1027.1
1.16116
1.16084
1.16286
1.16515
1.16664
1.16727
1.16752
1.16791
1.16826
1.16843
1.16858
1.16869
1.16878
1.16886
1.16889
1.16889
1.1689
1.1689
1.1689
1.1689
1.16891
1.16891
1.16891
1.16892
1.16892
1.16892
1.16892
1.16892
1.16892
1.16893
1.16893
1.16893
1.16893
1.16893
1.16893
1.16893
1.16893
1.16893
1.16894
1.16895
1.16904
1.16917
1.16923
1.16926
1.16935
1.16994
1.17195
1.17824
1.18619
1.19321
1.21432
1.30751
1.33695
1.33124
1.32935
1.3311
1.33009
1.3265
1.27626
538.252
1006.24
1009.25
1009.45
1008.99
1008.46
1008.21
1008.28
1009.07
1009.86
1010.67
1011.48
1012.13
1012.53
1012.8
1013.08
1013.56
1014.34
1015.35
1016.76
1018.45
1020.3
1022.23
1024.05
1025.59
1026.58
1026.97
1027.01
1027.03
1027.02
1027.05
1027.08
1027.09
1027.1
1027.1
1027.1
1027.1
1.16114
1.16083
1.162
1.16381
1.16634
1.16719
1.16747
1.16776
1.16811
1.16829
1.16854
1.16867
1.16876
1.16885
1.16889
1.16889
1.16889
1.1689
1.1689
1.1689
1.1689
1.1689
1.16891
1.16891
1.16891
1.16891
1.16891
1.16891
1.16892
1.16892
1.16892
1.16892
1.16892
1.16892
1.16892
1.16892
1.16892
1.16893
1.16893
1.16893
1.16895
1.16897
1.169
1.16904
1.16932
1.17049
1.1731
1.17684
1.18097
1.18823
1.20959
1.29554
1.33702
1.32881
1.32486
1.32116
1.30674
1.30665
1.27626
425.408
1000.45
1006.4
1006.33
1005.88
1005.23
1004.6
1004.08
1003.64
1003.39
1003.35
1003.41
1003.51
1003.55
1003.5
1003.45
1003.48
1003.77
1004.34
1004.97
1005.52
1006.15
1007.12
1008.88
1012.2
1016.65
1021.15
1025.06
1027.1
1026.96
1026.95
1027.03
1027.1
1027.1
1027.1
1026.9
1024.4
1.16115
1.16078
1.16134
1.16219
1.16516
1.16661
1.16723
1.16754
1.16782
1.16812
1.16852
1.16865
1.16876
1.16885
1.16889
1.16889
1.16889
1.1689
1.1689
1.1689
1.1689
1.1689
1.16891
1.16891
1.16891
1.16891
1.16891
1.16891
1.16892
1.16892
1.16892
1.16892
1.16892
1.16892
1.16892
1.16892
1.16893
1.16893
1.16893
1.16893
1.16893
1.16893
1.16896
1.16902
1.16928
1.17057
1.17389
1.17914
1.18636
1.19795
1.20778
1.25185
1.32709
1.33252
1.31762
1.30234
1.29254
1.29626
1.27626
152.467
1001.56
1023.6
1024.13
1025.29
1025.74
1025.81
1025.8
1025.91
1026.03
1026.09
1026.06
1026.01
1025.91
1025.79
1025.67
1025.54
1025.4
1025.23
1024.99
1024.61
1024.09
1023.58
1023.28
1023.23
1023.64
1024.26
1025.31
1026.16
1026.72
1027.03
1027.09
1027.09
1027.09
1027.09
1027.09
1027.09
1.16104
1.1607
1.16089
1.1612
1.16292
1.16517
1.16664
1.16727
1.16771
1.16807
1.16841
1.16862
1.16876
1.16886
1.16888
1.16889
1.16889
1.16889
1.1689
1.1689
1.1689
1.1689
1.1689
1.16891
1.16891
1.16891
1.16891
1.16891
1.16892
1.16892
1.16892
1.16892
1.16892
1.16892
1.16893
1.16893
1.16893
1.16893
1.16893
1.16893
1.16893
1.16894
1.16896
1.16903
1.16929
1.17057
1.17399
1.18039
1.1909
1.20787
1.21901
1.2659
1.32006
1.34007
1.31193
1.2988
1.29784
1.31543
1.27626
97.1648
1014.5
1026.88
1026.93
1027.01
1027.02
1027.03
1027.04
1027.05
1027.07
1027.07
1027.08
1027.08
1027.07
1027.07
1027.06
1027.05
1027.04
1027.03
1027.02
1027
1026.96
1026.91
1026.87
1026.84
1026.83
1026.83
1026.92
1027.01
1027.07
1027.1
1027.1
1027.1
1027.1
1027.1
1027.1
1027.1
1.16098
1.16065
1.16079
1.16102
1.16186
1.16433
1.166
1.16692
1.16759
1.16807
1.16842
1.16865
1.1688
1.16888
1.16889
1.16889
1.16889
1.16889
1.1689
1.1689
1.1689
1.1689
1.1689
1.1689
1.16891
1.16891
1.16891
1.16891
1.16891
1.16892
1.16892
1.16892
1.16892
1.16893
1.16893
1.16893
1.16893
1.16893
1.16893
1.16894
1.16894
1.16894
1.16896
1.16904
1.16932
1.17071
1.1744
1.18165
1.19435
1.21411
1.22612
1.27201
1.32011
1.34032
1.31252
1.29899
1.31015
1.32186
1.27766
42.4453
1010.74
1027.09
1027.09
1027.09
1027.09
1027.1
1027.09
1027.09
1027.1
1027.1
1027.1
1027.1
1027.1
1027.1
1027.1
1027.1
1027.09
1027.09
1027.1
1027.1
1027.1
1027.09
1027.09
1027.09
1027.09
1027.1
1027.1
1027.1
1027.1
1027.1
1027.1
1027.1
1027.1
1027.1
1027.1
1027.1
1.16084
1.16061
1.16077
1.16084
1.16139
1.16331
1.16582
1.1668
1.16759
1.16812
1.16847
1.1687
1.16884
1.16889
1.1689
1.1689
1.1689
1.1689
1.16891
1.16891
1.16891
1.16891
1.16891
1.16891
1.16892
1.16892
1.16892
1.16892
1.16892
1.16893
1.16893
1.16893
1.16893
1.16893
1.16894
1.16894
1.16894
1.16894
1.16894
1.16894
1.16894
1.16895
1.16897
1.16906
1.16941
1.17097
1.17499
1.18371
1.19786
1.21853
1.23315
1.26369
1.30898
1.33991
1.32014
1.31062
1.31554
1.32736
1.3524
21.9489
1011.47
1027.09
1027.09
1027.09
1027.09
1027.1
1027.1
1027.1
1027.1
1027.1
1027.1
1027.1
1027.1
1027.1
1027.1
1027.1
1027.1
1027.1
1027.1
1027.1
1027.1
1027.1
1027.1
1027.1
1027.1
1027.1
1027.1
1027.1
1027.1
1027.1
1027.1
1027.1
1027.1
1027.1
1027.1
1027.1
1.16071
1.16045
1.16056
1.16047
1.16061
1.16167
1.16449
1.16688
1.16768
1.16822
1.16853
1.16876
1.16887
1.1689
1.16891
1.16891
1.16891
1.16891
1.16891
1.16892
1.16892
1.16892
1.16892
1.16892
1.16892
1.16893
1.16893
1.16893
1.16893
1.16893
1.16894
1.16894
1.16894
1.16894
1.16894
1.16894
1.16895
1.16895
1.16895
1.16895
1.16895
1.16896
1.16898
1.16908
1.16959
1.17155
1.17622
1.18592
1.20075
1.22197
1.23922
1.25182
1.28803
1.33178
1.3279
1.32851
1.32139
1.35307
1.42817
22.0277
1006.59
1027.09
1027.09
1027.09
1027.09
1027.1
1027.1
1027.1
1027.1
1027.1
1027.1
1027.1
1027.1
1027.1
1027.1
1027.1
1027.1
1027.1
1027.1
1027.1
1027.1
1027.1
1027.1
1027.1
1027.1
1027.1
1027.1
1027.1
1027.1
1027.1
1027.1
1027.1
1027.1
1027.1
1027.1
1027.1
1.16056
1.16037
1.16033
1.16037
1.1604
1.16049
1.1618
1.16655
1.16784
1.16831
1.16859
1.16881
1.16888
1.16891
1.16891
1.16891
1.16892
1.16892
1.16892
1.16892
1.16892
1.16892
1.16893
1.16893
1.16893
1.16893
1.16893
1.16893
1.16894
1.16894
1.16894
1.16894
1.16894
1.16894
1.16894
1.16895
1.16895
1.16895
1.16895
1.16895
1.16895
1.16896
1.16898
1.16914
1.16998
1.17261
1.17818
1.18814
1.20391
1.22584
1.24374
1.25448
1.27426
1.31635
1.31775
1.32993
1.31593
1.44044
1.53445
31.5285
990.692
1027.08
1027.09
1027.09
1027.1
1027.1
1027.1
1027.1
1027.1
1027.1
1027.1
1027.1
1027.1
1027.1
1027.1
1027.1
1027.1
1027.1
1027.1
1027.1
1027.1
1027.1
1027.1
1027.1
1027.1
1027.1
1027.1
1027.1
1027.1
1027.1
1027.1
1027.1
1027.1
1027.1
1027.1
1027.1
1.16053
1.16052
1.16035
1.16037
1.16034
1.16031
1.16014
1.16224
1.16782
1.16841
1.16863
1.16877
1.16884
1.1689
1.16891
1.16891
1.16892
1.16892
1.16892
1.16892
1.16892
1.16892
1.16893
1.16893
1.16893
1.16893
1.16893
1.16893
1.16894
1.16894
1.16894
1.16894
1.16894
1.16894
1.16894
1.16895
1.16895
1.16895
1.16895
1.16895
1.16895
1.16896
1.16898
1.16924
1.17041
1.17357
1.17961
1.19023
1.20772
1.23065
1.2472
1.25917
1.2705
1.28864
1.30127
1.31911
1.31957
1.49692
1.48209
53.0096
987.782
1027.06
1027.09
1027.09
1027.1
1027.1
1027.1
1027.1
1027.1
1027.1
1027.1
1027.1
1027.1
1027.1
1027.1
1027.1
1027.1
1027.1
1027.1
1027.1
1027.1
1027.1
1027.1
1027.1
1027.1
1027.1
1027.1
1027.1
1027.1
1027.1
1027.1
1027.1
1027.1
1027.1
1027.1
1027.1
1.15988
1.16052
1.16058
1.16074
1.16062
1.16044
1.16013
1.16003
1.16468
1.16824
1.1686
1.16872
1.1688
1.16887
1.1689
1.16891
1.16891
1.16892
1.16892
1.16892
1.16892
1.16892
1.16892
1.16893
1.16893
1.16893
1.16893
1.16893
1.16894
1.16894
1.16894
1.16894
1.16894
1.16894
1.16894
1.16894
1.16895
1.16895
1.16895
1.16895
1.16895
1.16896
1.16899
1.16922
1.17029
1.17323
1.17948
1.19098
1.20963
1.23287
1.24878
1.25856
1.26683
1.28075
1.29598
1.31232
1.28223
1.44815
1.76287
47.1656
970.297
1026.83
1027.09
1027.09
1027.1
1027.1
1027.1
1027.1
1027.1
1027.1
1027.1
1027.1
1027.1
1027.1
1027.1
1027.1
1027.1
1027.1
1027.1
1027.1
1027.1
1027.1
1027.1
1027.1
1027.1
1027.1
1027.1
1027.1
1027.1
1027.1
1027.1
1027.1
1027.1
1027.1
1027.1
1027.1
1.16252
1.16325
1.16419
1.1652
1.16597
1.1666
1.16727
1.16817
1.16861
1.16876
1.16884
1.16889
1.16891
1.16891
1.16891
1.16891
1.16892
1.16892
1.16892
1.16892
1.16892
1.16892
1.16892
1.16893
1.16893
1.16893
1.16893
1.16893
1.16893
1.16894
1.16894
1.16894
1.16894
1.16894
1.16894
1.16895
1.16895
1.16895
1.16895
1.16895
1.16895
1.16895
1.16895
1.16896
1.1693
1.17166
1.17774
1.18978
1.20957
1.23447
1.25267
1.26689
1.27079
1.27407
1.27421
1.27699
1.2753
1.28525
2.38165
65.5372
980.121
1026.77
1027.09
1027.1
1027.1
1027.1
1027.1
1027.1
1027.1
1027.1
1027.1
1027.1
1027.1
1027.1
1027.1
1027.1
1027.1
1027.1
1027.1
1027.1
1027.1
1027.1
1027.1
1027.1
1027.1
1027.1
1027.1
1027.1
1027.1
1027.1
1027.1
1027.1
1027.1
1027.1
1027.1
1027.1
1.16224
1.16282
1.16422
1.16529
1.16603
1.16668
1.16745
1.16824
1.16861
1.16875
1.16883
1.16888
1.1689
1.16891
1.16891
1.16891
1.16892
1.16892
1.16892
1.16892
1.16892
1.16892
1.16893
1.16893
1.16893
1.16893
1.16893
1.16893
1.16893
1.16894
1.16894
1.16894
1.16894
1.16894
1.16894
1.16894
1.16895
1.16895
1.16895
1.16895
1.16895
1.16895
1.16895
1.16896
1.16928
1.17152
1.17723
1.18847
1.20674
1.23183
1.24942
1.26246
1.26607
1.27128
1.27178
1.27517
1.27391
1.28081
1.8153
38.0106
963.405
1026.62
1027.09
1027.1
1027.1
1027.1
1027.1
1027.1
1027.1
1027.1
1027.1
1027.1
1027.1
1027.1
1027.1
1027.1
1027.1
1027.1
1027.1
1027.1
1027.1
1027.1
1027.1
1027.1
1027.1
1027.1
1027.1
1027.1
1027.1
1027.1
1027.1
1027.1
1027.1
1027.1
1027.1
1027.1
1.16189
1.1625
1.16416
1.16546
1.16617
1.16681
1.16757
1.16828
1.1686
1.16873
1.16882
1.16887
1.1689
1.16891
1.16891
1.16891
1.16891
1.16892
1.16892
1.16892
1.16892
1.16892
1.16892
1.16893
1.16893
1.16893
1.16893
1.16893
1.16893
1.16893
1.16894
1.16894
1.16894
1.16894
1.16894
1.16894
1.16894
1.16894
1.16894
1.16895
1.16895
1.16895
1.16895
1.16897
1.16924
1.17122
1.17624
1.18594
1.20382
1.23033
1.24742
1.26066
1.26405
1.26771
1.26692
1.27
1.26907
1.27988
1.57852
30.2976
960.339
1026.65
1027.09
1027.1
1027.1
1027.1
1027.1
1027.1
1027.1
1027.1
1027.1
1027.1
1027.1
1027.1
1027.1
1027.1
1027.1
1027.1
1027.1
1027.1
1027.1
1027.1
1027.1
1027.1
1027.1
1027.1
1027.1
1027.1
1027.1
1027.1
1027.1
1027.1
1027.1
1027.1
1027.1
1027.1
1.16151
1.16222
1.16401
1.16548
1.16631
1.16692
1.16762
1.16827
1.16858
1.16871
1.16881
1.16886
1.16889
1.1689
1.16891
1.16891
1.16891
1.16891
1.16892
1.16892
1.16892
1.16892
1.16892
1.16892
1.16893
1.16893
1.16893
1.16893
1.16893
1.16893
1.16893
1.16894
1.16894
1.16894
1.16894
1.16894
1.16894
1.16894
1.16894
1.16894
1.16894
1.16895
1.16895
1.16897
1.1692
1.17089
1.17521
1.18358
1.2022
1.22943
1.24453
1.25296
1.2575
1.26602
1.26917
1.27444
1.27011
1.27644
1.59673
50.5196
993.461
1026.99
1027.09
1027.09
1027.09
1027.1
1027.1
1027.1
1027.1
1027.1
1027.1
1027.1
1027.1
1027.1
1027.1
1027.1
1027.1
1027.1
1027.1
1027.1
1027.1
1027.1
1027.1
1027.1
1027.1
1027.1
1027.1
1027.1
1027.1
1027.1
1027.1
1027.1
1027.1
1027.1
1027.1
1027.1
1.16103
1.16166
1.16367
1.16538
1.16632
1.16695
1.1676
1.16826
1.16857
1.1687
1.1688
1.16886
1.16889
1.1689
1.16891
1.16891
1.16891
1.16891
1.16891
1.16892
1.16892
1.16892
1.16892
1.16892
1.16892
1.16893
1.16893
1.16893
1.16893
1.16893
1.16893
1.16893
1.16894
1.16894
1.16894
1.16894
1.16894
1.16894
1.16894
1.16894
1.16894
1.16895
1.16895
1.16898
1.16918
1.1707
1.17445
1.182
1.20066
1.22714
1.23321
1.2399
1.25587
1.28985
1.29681
1.306
1.29182
1.29527
1.47556
105.567
1008.97
1027.06
1027.08
1027.08
1027.08
1027.08
1027.09
1027.09
1027.09
1027.1
1027.1
1027.1
1027.1
1027.1
1027.1
1027.1
1027.1
1027.1
1027.1
1027.1
1027.1
1027.1
1027.1
1027.1
1027.1
1027.1
1027.1
1027.1
1027.1
1027.1
1027.1
1027.1
1027.1
1027.1
1027.1
1027.1
1.16065
1.1609
1.16287
1.16504
1.16628
1.16694
1.16756
1.16823
1.16855
1.16869
1.16879
1.16885
1.16888
1.1689
1.1689
1.16891
1.16891
1.16891
1.16891
1.16892
1.16892
1.16892
1.16892
1.16892
1.16892
1.16892
1.16893
1.16893
1.16893
1.16893
1.16893
1.16893
1.16893
1.16894
1.16894
1.16894
1.16894
1.16894
1.16894
1.16894
1.16894
1.16895
1.16896
1.169
1.16919
1.17057
1.17389
1.18092
1.19893
1.22302
1.21928
1.23661
1.28878
1.32809
1.32686
1.33043
1.31773
1.32234
1.53914
171.78
1006.6
1026.96
1027.04
1027.05
1027.06
1027.07
1027.07
1027.08
1027.09
1027.1
1027.1
1027.1
1027.1
1027.09
1027.09
1027.09
1027.09
1027.09
1027.09
1027.09
1027.1
1027.1
1027.1
1027.1
1027.1
1027.1
1027.1
1027.1
1027.1
1027.1
1027.1
1027.1
1027.1
1027.1
1027.1
1027.1
1.16064
1.16061
1.16157
1.16404
1.16606
1.16689
1.16749
1.16818
1.16853
1.16868
1.16878
1.16884
1.16888
1.1689
1.1689
1.1689
1.16891
1.16891
1.16891
1.16891
1.16892
1.16892
1.16892
1.16892
1.16892
1.16892
1.16892
1.16893
1.16893
1.16893
1.16893
1.16893
1.16893
1.16893
1.16893
1.16894
1.16894
1.16894
1.16894
1.16894
1.16895
1.16897
1.16898
1.16902
1.16919
1.17053
1.17376
1.1802
1.19819
1.21628
1.21457
1.24955
1.31489
1.34205
1.33324
1.33442
1.31246
1.29619
1.27626
224.92
1000.98
1025.91
1026.25
1026.38
1026.33
1026.36
1026.36
1026.37
1026.55
1026.69
1026.82
1026.89
1026.87
1026.83
1026.82
1026.82
1026.81
1026.81
1026.85
1026.94
1027.01
1027.06
1027.09
1027.1
1027.1
1027.1
1027.1
1027.1
1027.1
1027.1
1027.1
1027.1
1027.1
1027.1
1027.1
1027.1
1.16066
1.16063
1.16078
1.16253
1.16552
1.16679
1.16742
1.16811
1.16851
1.16867
1.16877
1.16883
1.16887
1.16889
1.1689
1.1689
1.16891
1.16891
1.16891
1.16891
1.16891
1.16892
1.16892
1.16892
1.16892
1.16892
1.16892
1.16893
1.16893
1.16893
1.16893
1.16893
1.16893
1.16893
1.16893
1.16893
1.16894
1.16894
1.16894
1.16894
1.16895
1.16897
1.16898
1.16902
1.16918
1.17053
1.17393
1.18057
1.19582
1.20466
1.21225
1.25771
1.32691
1.34608
1.33639
1.31115
1.2922
1.29029
1.27626
195.558
1009
1023.26
1023.5
1023.61
1023.47
1023.49
1023.49
1023.48
1023.52
1023.71
1023.8
1023.83
1023.88
1024.06
1024.3
1024.55
1024.87
1025.24
1025.58
1025.89
1026.18
1026.48
1026.75
1026.95
1027.07
1027.1
1027.1
1027.1
1027.1
1027.1
1027.1
1027.1
1027.1
1027.1
1027.1
1027.1
1.16066
1.16067
1.16069
1.16122
1.16425
1.16648
1.16732
1.16801
1.16847
1.16865
1.16877
1.16883
1.16887
1.16889
1.1689
1.1689
1.1689
1.16891
1.16891
1.16891
1.16891
1.16891
1.16892
1.16892
1.16892
1.16892
1.16892
1.16892
1.16892
1.16893
1.16893
1.16893
1.16893
1.16893
1.16893
1.16893
1.16893
1.16894
1.16894
1.16894
1.16895
1.16896
1.16898
1.16901
1.16916
1.17051
1.17414
1.18059
1.19082
1.19471
1.21349
1.27125
1.32738
1.34701
1.33084
1.29815
1.28599
1.31686
1.36846
105.904
1000.25
1024.39
1024.4
1024.69
1024.88
1025.01
1025.12
1025.22
1025.37
1025.56
1025.74
1025.91
1026.09
1026.27
1026.43
1026.56
1026.66
1026.72
1026.77
1026.79
1026.82
1026.86
1026.92
1026.98
1027.02
1027.05
1027.07
1027.09
1027.1
1027.1
1027.1
1027.1
1027.1
1027.1
1027.1
1027.1
1.16056
1.16067
1.16069
1.16075
1.16249
1.16571
1.16714
1.16791
1.16842
1.16864
1.16876
1.16884
1.16887
1.16889
1.1689
1.1689
1.1689
1.16891
1.16891
1.16891
1.16891
1.16891
1.16892
1.16892
1.16892
1.16892
1.16892
1.16892
1.16893
1.16893
1.16893
1.16893
1.16893
1.16893
1.16893
1.16893
1.16894
1.16894
1.16894
1.16894
1.16894
1.16896
1.16898
1.16901
1.16915
1.17051
1.17421
1.17997
1.18725
1.19447
1.22325
1.2927
1.33093
1.33928
1.30837
1.29027
1.28612
1.30141
1.31816
64.7116
1007.76
1026.37
1026.47
1026.73
1026.85
1026.9
1026.92
1026.93
1026.96
1026.99
1027.01
1027.03
1027.05
1027.06
1027.07
1027.07
1027.07
1027.06
1027.06
1027.06
1027.06
1027.06
1027.06
1027.07
1027.07
1027.08
1027.09
1027.09
1027.1
1027.1
1027.1
1027.1
1027.1
1027.1
1027.1
1027.1
1.1604
1.16057
1.16064
1.16066
1.161
1.16434
1.16674
1.16778
1.16836
1.16862
1.16876
1.16884
1.16888
1.1689
1.1689
1.1689
1.16891
1.16891
1.16891
1.16891
1.16891
1.16892
1.16892
1.16892
1.16892
1.16892
1.16892
1.16893
1.16893
1.16893
1.16893
1.16893
1.16893
1.16893
1.16894
1.16894
1.16894
1.16894
1.16894
1.16894
1.16894
1.16896
1.16898
1.16902
1.16916
1.17049
1.17425
1.18035
1.19046
1.21173
1.23848
1.29744
1.32639
1.32311
1.29553
1.28826
1.2864
1.30598
1.29829
27.3908
1005.09
1027.03
1027.07
1027.09
1027.09
1027.09
1027.09
1027.09
1027.1
1027.1
1027.1
1027.1
1027.1
1027.1
1027.1
1027.1
1027.1
1027.09
1027.09
1027.1
1027.1
1027.1
1027.1
1027.1
1027.1
1027.1
1027.1
1027.1
1027.1
1027.1
1027.1
1027.1
1027.1
1027.1
1027.1
1027.1
1.16026
1.16042
1.16054
1.16059
1.16072
1.16319
1.16633
1.1676
1.16828
1.16859
1.16875
1.16884
1.16888
1.1689
1.1689
1.16891
1.16891
1.16891
1.16891
1.16891
1.16891
1.16892
1.16892
1.16892
1.16892
1.16892
1.16892
1.16893
1.16893
1.16893
1.16893
1.16893
1.16893
1.16893
1.16894
1.16894
1.16894
1.16894
1.16894
1.16894
1.16894
1.16896
1.16898
1.16902
1.16918
1.1705
1.17448
1.18241
1.19946
1.22391
1.23917
1.28621
1.3158
1.30464
1.28747
1.29415
1.28927
1.29903
1.34888
13.8653
997.162
1027.05
1027.09
1027.09
1027.1
1027.1
1027.1
1027.1
1027.1
1027.1
1027.1
1027.1
1027.1
1027.1
1027.1
1027.1
1027.1
1027.1
1027.1
1027.1
1027.1
1027.1
1027.1
1027.1
1027.1
1027.1
1027.1
1027.1
1027.1
1027.1
1027.1
1027.1
1027.1
1027.1
1027.1
1027.1
1.16016
1.16026
1.16037
1.1605
1.1605
1.16187
1.16522
1.16732
1.16817
1.16856
1.16874
1.16884
1.16888
1.1689
1.1689
1.16891
1.16891
1.16891
1.16891
1.16891
1.16892
1.16892
1.16892
1.16892
1.16892
1.16892
1.16893
1.16893
1.16893
1.16893
1.16893
1.16893
1.16894
1.16894
1.16894
1.16894
1.16894
1.16894
1.16894
1.16894
1.16895
1.16896
1.16898
1.16904
1.16924
1.17059
1.175
1.18583
1.20424
1.22474
1.23914
1.26353
1.29914
1.29726
1.28968
1.2953
1.28957
1.29723
1.40186
13.9178
980.023
1026.96
1027.09
1027.09
1027.1
1027.1
1027.1
1027.1
1027.1
1027.1
1027.1
1027.1
1027.1
1027.1
1027.1
1027.1
1027.1
1027.1
1027.1
1027.1
1027.1
1027.1
1027.1
1027.1
1027.1
1027.1
1027.1
1027.1
1027.1
1027.1
1027.1
1027.1
1027.1
1027.1
1027.1
1027.1
1.16001
1.1601
1.1602
1.16035
1.16042
1.16063
1.16174
1.16684
1.16811
1.16852
1.16872
1.16883
1.16888
1.1689
1.16891
1.16891
1.16891
1.16891
1.16892
1.16892
1.16892
1.16892
1.16892
1.16892
1.16893
1.16893
1.16893
1.16893
1.16893
1.16893
1.16894
1.16894
1.16894
1.16894
1.16894
1.16894
1.16894
1.16894
1.16894
1.16895
1.16895
1.16895
1.16898
1.16905
1.16935
1.17081
1.17579
1.18857
1.20507
1.22389
1.24102
1.25312
1.28026
1.29148
1.28917
1.29344
1.28614
1.30849
1.46362
22.7147
946.191
1026.52
1027.09
1027.09
1027.1
1027.1
1027.1
1027.1
1027.1
1027.1
1027.1
1027.1
1027.1
1027.1
1027.1
1027.1
1027.1
1027.1
1027.1
1027.1
1027.1
1027.1
1027.1
1027.1
1027.1
1027.1
1027.1
1027.1
1027.1
1027.1
1027.1
1027.1
1027.1
1027.1
1027.1
1027.1
1.15996
1.16002
1.16005
1.16012
1.16019
1.1602
1.16003
1.16178
1.16789
1.16848
1.16868
1.16881
1.16887
1.1689
1.16891
1.16891
1.16891
1.16891
1.16891
1.16892
1.16892
1.16892
1.16892
1.16892
1.16893
1.16893
1.16893
1.16893
1.16893
1.16893
1.16893
1.16893
1.16894
1.16894
1.16894
1.16894
1.16894
1.16894
1.16894
1.16894
1.16895
1.16895
1.16897
1.1691
1.16981
1.17253
1.17938
1.19083
1.2061
1.22486
1.2426
1.2577
1.27077
1.2847
1.28403
1.2893
1.28455
1.32585
1.48226
38.5986
935.703
1026.29
1027.09
1027.09
1027.1
1027.1
1027.1
1027.1
1027.1
1027.1
1027.1
1027.1
1027.1
1027.1
1027.1
1027.1
1027.1
1027.1
1027.1
1027.1
1027.1
1027.1
1027.1
1027.1
1027.1
1027.1
1027.1
1027.1
1027.1
1027.1
1027.1
1027.1
1027.1
1027.1
1027.1
1027.1
1.15941
1.15968
1.15974
1.15979
1.15982
1.15985
1.15987
1.1599
1.16317
1.16805
1.16861
1.16875
1.16883
1.16889
1.1689
1.16891
1.16891
1.16891
1.16892
1.16892
1.16892
1.16892
1.16892
1.16893
1.16893
1.16893
1.16893
1.16893
1.16893
1.16894
1.16894
1.16895
1.16895
1.16895
1.16895
1.16895
1.16895
1.16896
1.16896
1.16896
1.16896
1.16896
1.16896
1.1691
1.17013
1.17356
1.18049
1.1916
1.20731
1.22725
1.24588
1.26002
1.26959
1.27683
1.27532
1.29536
1.28579
1.32989
1.98125
62.9664
945.299
1026.27
1027.09
1027.09
1027.1
1027.1
1027.1
1027.1
1027.1
1027.1
1027.1
1027.1
1027.1
1027.1
1027.1
1027.1
1027.1
1027.1
1027.1
1027.1
1027.1
1027.1
1027.1
1027.1
1027.1
1027.1
1027.1
1027.1
1027.1
1027.1
1027.1
1027.1
1027.1
1027.1
1027.1
1027.1
)
;

boundaryField
{
    outlet
    {
        type            calculated;
        value           nonuniform List<scalar> 
64
(
1.16407
1.16379
1.16349
1.16328
1.16315
1.16311
1.16309
1.16308
1.15862
1.15862
1.15862
1.15862
1.15862
1.15862
1.15862
1.15862
1.16328
1.16257
1.16218
1.1619
1.16171
1.16161
1.16158
1.1616
1.15862
1.15862
1.15862
1.15862
1.15862
1.15862
1.15862
1.15862
1.16225
1.16152
1.15862
1.15862
1.15862
1.15862
1.15862
1.15862
1.15862
1.15862
1.15862
1.15862
1.15862
1.15862
1.15862
1.15862
1.16252
1.16224
1.15862
1.15862
1.15862
1.15862
1.15862
1.15862
1.15862
1.15862
1.15862
1.15862
1.15862
1.15862
1.15862
1.15862
)
;
    }
    inlet
    {
        type            calculated;
        value           uniform 1.21037;
    }
    walls
    {
        type            calculated;
        value           nonuniform List<scalar> 
3903
(
1.16407
1.16407
1.16488
1.16488
1.16538
1.16538
1.16583
1.16583
1.16625
1.16625
1.16677
1.16677
1.1673
1.1673
1.16802
1.16802
1.16864
1.16864
1.16884
1.16884
1.16888
1.16888
1.16888
1.16888
1.16889
1.16889
1.16889
1.16889
1.16889
1.16889
1.1689
1.1689
1.1689
1.1689
1.1689
1.1689
1.1689
1.1689
1.1689
1.1689
1.1689
1.1689
1.16891
1.16891
1.16891
1.16891
1.16891
1.16891
1.16891
1.16891
1.16891
1.16891
1.16891
1.16891
1.16892
1.16892
1.16892
1.16892
1.16892
1.16892
1.16892
1.16892
1.16892
1.16892
1.16892
1.16892
1.16892
1.16892
1.16892
1.16892
1.16893
1.16893
1.16893
1.16893
1.16893
1.16893
1.16893
1.16893
1.16893
1.16893
1.16893
1.16893
1.16893
1.16893
1.16894
1.16894
1.16894
1.16894
1.16945
1.16945
1.17217
1.17217
1.17808
1.17808
1.18695
1.18695
1.20082
1.20082
1.22493
1.22493
1.26807
1.26807
1.28965
1.28965
1.29405
1.29405
1.29844
1.29844
1.29655
1.29655
1.29743
1.29743
1.29281
1.29281
1.29957
1.29957
2.26355
2.26355
60.6211
60.6211
992.006
992.006
1026.9
1026.9
1027.09
1027.09
1027.1
1027.1
1027.1
1027.1
1027.1
1027.1
1027.1
1027.1
1027.1
1027.1
1027.1
1027.1
1027.1
1027.1
1027.1
1027.1
1027.1
1027.1
1027.1
1027.1
1027.1
1027.1
1027.1
1027.1
1027.1
1027.1
1027.1
1027.1
1027.1
1027.1
1027.1
1027.1
1027.1
1027.1
1027.1
1027.1
1027.1
1027.1
1027.1
1027.1
1027.1
1027.1
1027.1
1027.1
1027.1
1027.1
1027.1
1027.1
1027.1
1027.1
1027.1
1027.1
1027.1
1027.1
1027.1
1027.1
1027.1
1027.1
1027.1
1027.1
1027.1
1027.1
1027.1
1027.1
1027.1
1027.1
1027.1
1.16379
1.16491
1.16561
1.16606
1.16656
1.16705
1.16761
1.16822
1.16871
1.16885
1.16887
1.16889
1.16889
1.1689
1.1689
1.1689
1.16891
1.16891
1.16891
1.16891
1.16891
1.16891
1.16891
1.16892
1.16892
1.16892
1.16892
1.16892
1.16892
1.16893
1.16893
1.16893
1.16893
1.16893
1.16893
1.16893
1.16894
1.16894
1.16894
1.16894
1.16894
1.16894
1.16894
1.16894
1.16919
1.17074
1.17478
1.18028
1.18749
1.20699
1.28262
1.29752
1.30178
1.30483
1.29867
1.30175
1.29425
1.30695
1.79895
41.1035
986.067
1026.92
1027.09
1027.1
1027.1
1027.1
1027.1
1027.1
1027.1
1027.1
1027.1
1027.1
1027.1
1027.1
1027.1
1027.1
1027.1
1027.1
1027.1
1027.1
1027.1
1027.1
1027.1
1027.1
1027.1
1027.1
1027.1
1027.1
1027.1
1027.1
1027.1
1027.1
1027.1
1027.1
1027.1
1027.1
1027.1
1.16349
1.16447
1.16536
1.16584
1.16639
1.16697
1.16769
1.16823
1.16856
1.16871
1.16879
1.16885
1.16888
1.1689
1.1689
1.16891
1.16891
1.16891
1.16891
1.16891
1.16891
1.16891
1.16892
1.16892
1.16892
1.16892
1.16892
1.16892
1.16892
1.16893
1.16893
1.16893
1.16893
1.16893
1.16893
1.16893
1.16894
1.16894
1.16894
1.16894
1.16894
1.16894
1.16894
1.16896
1.16918
1.17005
1.17247
1.17641
1.18396
1.22737
1.28838
1.30236
1.30899
1.30905
1.30259
1.30189
1.29167
1.30212
1.6062
37.2429
980.564
1026.9
1027.09
1027.1
1027.1
1027.1
1027.1
1027.1
1027.1
1027.1
1027.1
1027.1
1027.1
1027.1
1027.1
1027.1
1027.1
1027.1
1027.1
1027.1
1027.1
1027.1
1027.1
1027.1
1027.1
1027.1
1027.1
1027.1
1027.1
1027.1
1027.1
1027.1
1027.1
1027.1
1027.1
1027.1
1027.1
1.16328
1.16398
1.16499
1.16549
1.16601
1.16651
1.16737
1.16813
1.16848
1.16864
1.16875
1.16883
1.16888
1.16889
1.1689
1.1689
1.1689
1.1689
1.16891
1.16891
1.16891
1.16891
1.16891
1.16891
1.16891
1.16892
1.16892
1.16892
1.16892
1.16892
1.16892
1.16892
1.16893
1.16893
1.16893
1.16893
1.16893
1.16893
1.16893
1.16893
1.16894
1.16894
1.16894
1.16901
1.16925
1.16987
1.17152
1.17432
1.17713
1.23274
1.28901
1.30672
1.31787
1.31994
1.31426
1.30718
1.29321
1.33285
1.43093
56.7071
984.838
1026.95
1027.08
1027.09
1027.09
1027.09
1027.09
1027.1
1027.1
1027.1
1027.1
1027.1
1027.1
1027.1
1027.1
1027.1
1027.1
1027.1
1027.1
1027.1
1027.1
1027.1
1027.1
1027.1
1027.1
1027.1
1027.1
1027.1
1027.1
1027.1
1027.1
1027.1
1027.1
1027.1
1027.1
1027.1
1027.1
1.16315
1.16345
1.16458
1.16513
1.16576
1.16623
1.16699
1.16789
1.16838
1.16859
1.16871
1.16882
1.16888
1.1689
1.1689
1.16891
1.16891
1.16891
1.16891
1.16891
1.16891
1.16892
1.16892
1.16892
1.16892
1.16892
1.16892
1.16892
1.16892
1.16893
1.16893
1.16893
1.16893
1.16893
1.16893
1.16893
1.16893
1.16893
1.16894
1.16894
1.16894
1.16894
1.16896
1.16905
1.16931
1.16991
1.17127
1.17362
1.17591
1.22593
1.2875
1.30792
1.32084
1.32434
1.32294
1.31632
1.30865
1.38374
1.58983
93.0681
982.966
1026.48
1026.71
1026.88
1026.96
1027.01
1027.01
1027.02
1027.02
1027.04
1027.05
1027.07
1027.08
1027.09
1027.1
1027.1
1027.1
1027.1
1027.1
1027.1
1027.1
1027.1
1027.1
1027.1
1027.1
1027.1
1027.1
1027.1
1027.1
1027.1
1027.1
1027.1
1027.1
1027.1
1027.1
1027.1
1027.1
1.16311
1.16311
1.1642
1.16478
1.16554
1.16606
1.16665
1.16741
1.16821
1.16853
1.16867
1.16881
1.16887
1.16889
1.1689
1.1689
1.1689
1.1689
1.1689
1.1689
1.16891
1.16891
1.16891
1.16891
1.16891
1.16891
1.16892
1.16892
1.16892
1.16892
1.16892
1.16892
1.16892
1.16893
1.16893
1.16893
1.16893
1.16893
1.16893
1.16893
1.16894
1.16894
1.16896
1.16903
1.16929
1.16995
1.1712
1.17352
1.17732
1.2075
1.28237
1.3019
1.31071
1.31291
1.31392
1.31844
1.33616
1.35255
1.2794
152.588
988.366
1024.93
1025.06
1025.56
1025.81
1025.86
1025.84
1025.89
1025.86
1025.87
1026.02
1026.2
1026.4
1026.58
1026.75
1026.89
1026.98
1027.05
1027.08
1027.09
1027.09
1027.09
1027.09
1027.09
1027.09
1027.1
1027.1
1027.1
1027.1
1027.1
1027.1
1027.1
1027.1
1027.1
1027.1
1027.1
1027.1
1.16309
1.16302
1.16395
1.1645
1.16537
1.16596
1.16648
1.16712
1.16798
1.16845
1.16864
1.1688
1.16887
1.1689
1.1689
1.1689
1.16891
1.16891
1.16891
1.16891
1.16891
1.16891
1.16891
1.16891
1.16892
1.16892
1.16892
1.16892
1.16892
1.16892
1.16892
1.16892
1.16893
1.16893
1.16893
1.16893
1.16893
1.16893
1.16893
1.16893
1.16894
1.16894
1.16896
1.16902
1.16927
1.16998
1.17132
1.17389
1.17863
1.19712
1.27696
1.29871
1.30186
1.29567
1.29036
1.28708
1.28528
1.28604
1.27626
238.099
1007.58
1022.6
1022.53
1023.33
1023.71
1023.8
1023.65
1023.55
1023.53
1023.57
1023.68
1023.75
1024.03
1024.5
1024.97
1025.29
1025.44
1025.46
1025.38
1025.27
1025.18
1025.12
1025.04
1025.03
1025.26
1025.62
1026.2
1026.73
1026.97
1027.05
1027.09
1027.09
1027.06
1027.05
1027.07
1027.09
1027.09
1.16308
1.16307
1.16384
1.16428
1.16527
1.16593
1.16644
1.16709
1.16777
1.1684
1.16862
1.16878
1.16887
1.16889
1.1689
1.1689
1.16891
1.16891
1.16891
1.16891
1.16891
1.16891
1.16892
1.16892
1.16892
1.16892
1.16892
1.16892
1.16893
1.16893
1.16893
1.16893
1.16893
1.16893
1.16893
1.16893
1.16894
1.16894
1.16894
1.16894
1.16894
1.16895
1.16896
1.16901
1.16929
1.17016
1.17176
1.17457
1.17887
1.18674
1.24667
1.2917
1.30112
1.29571
1.29392
1.29438
1.28551
1.2972
1.27626
277.138
1011.23
1018.02
1017.39
1017.28
1017.31
1017.23
1017.1
1016.98
1016.88
1016.7
1016.45
1016.2
1015.92
1015.57
1015.21
1014.8
1014.28
1013.65
1012.92
1012.2
1011.56
1010.96
1010.41
1009.72
1008.8
1007.85
1006.88
1006.22
1005.98
1006.74
1007.6
1009.1
1010.56
1013.09
1015.94
1019.65
1019.65
1.16284
1.16312
1.16379
1.16404
1.16527
1.16622
1.16662
1.16722
1.16779
1.16835
1.16859
1.16876
1.16885
1.16889
1.16889
1.1689
1.1689
1.1689
1.1689
1.1689
1.16891
1.16891
1.16891
1.16891
1.16891
1.16892
1.16892
1.16892
1.16892
1.16892
1.16892
1.16893
1.16893
1.16893
1.16893
1.16893
1.16893
1.16893
1.16894
1.16894
1.16894
1.16894
1.16895
1.16899
1.16924
1.17016
1.17191
1.17498
1.17982
1.1895
1.22111
1.26959
1.29401
1.30009
1.29447
1.30129
1.28651
1.3068
1.27626
154.405
1001.29
1023.13
1023.47
1024.11
1024.5
1024.82
1025.12
1025.28
1025.27
1025.1
1024.94
1024.73
1024.51
1024.24
1023.96
1023.73
1023.56
1023.48
1023.5
1023.86
1024.18
1024.52
1024.63
1024.28
1024.06
1023.82
1023.68
1023.69
1024.21
1024.99
1025.75
1026.43
1026.96
1027.03
1027.07
1027.1
1027.1
1.16273
1.16287
1.16339
1.16359
1.16522
1.16642
1.16702
1.16751
1.16784
1.16825
1.16852
1.16871
1.16882
1.16888
1.1689
1.1689
1.1689
1.16891
1.16891
1.16891
1.16891
1.16891
1.16891
1.16892
1.16892
1.16892
1.16892
1.16892
1.16892
1.16892
1.16893
1.16893
1.16893
1.16893
1.16893
1.16893
1.16893
1.16893
1.16894
1.16894
1.16894
1.16895
1.16895
1.16898
1.1692
1.17013
1.17212
1.176
1.18334
1.1957
1.21595
1.24766
1.27977
1.30175
1.3012
1.30597
1.30168
1.30986
1.27626
101.089
1008.25
1026.64
1026.82
1026.97
1027.02
1027.04
1027.06
1027.07
1027.08
1027.08
1027.09
1027.08
1027.08
1027.07
1027.07
1027.06
1027.06
1027.06
1027.06
1027.06
1027.06
1027.07
1027.06
1027.05
1027.03
1027.02
1027.02
1027.04
1027.07
1027.09
1027.1
1027.1
1027.1
1027.1
1027.1
1027.1
1027.1
1.16246
1.16254
1.16288
1.16305
1.16486
1.16633
1.16736
1.16775
1.16797
1.16821
1.16845
1.16865
1.16877
1.16886
1.16889
1.1689
1.1689
1.1689
1.1689
1.16891
1.16891
1.16891
1.16891
1.16891
1.16892
1.16892
1.16892
1.16892
1.16892
1.16892
1.16893
1.16893
1.16893
1.16893
1.16893
1.16893
1.16893
1.16894
1.16894
1.16894
1.16894
1.16895
1.16895
1.16899
1.16926
1.17035
1.17297
1.17838
1.18911
1.20516
1.22154
1.24786
1.27578
1.30648
1.31074
1.31726
1.30758
1.31195
1.28776
69.2986
1015.97
1027.08
1027.09
1027.09
1027.09
1027.1
1027.1
1027.1
1027.1
1027.1
1027.1
1027.1
1027.1
1027.1
1027.1
1027.1
1027.1
1027.1
1027.1
1027.1
1027.1
1027.1
1027.1
1027.1
1027.1
1027.1
1027.1
1027.1
1027.1
1027.1
1027.1
1027.1
1027.1
1027.1
1027.1
1027.1
1027.1
1.16216
1.16211
1.16233
1.16239
1.16409
1.16576
1.16743
1.16791
1.16816
1.16839
1.16855
1.16876
1.16885
1.1689
1.1689
1.1689
1.1689
1.1689
1.1689
1.16891
1.16891
1.16891
1.16891
1.16891
1.16892
1.16892
1.16892
1.16892
1.16892
1.16893
1.16893
1.16893
1.16893
1.16893
1.16893
1.16894
1.16894
1.16894
1.16894
1.16894
1.16895
1.16895
1.16896
1.16903
1.16945
1.17092
1.17476
1.18228
1.19501
1.21383
1.23174
1.25116
1.27418
1.30976
1.31564
1.31575
1.30266
1.31048
1.41116
28.3822
999.061
1027.08
1027.09
1027.09
1027.09
1027.09
1027.1
1027.1
1027.1
1027.1
1027.1
1027.1
1027.1
1027.1
1027.1
1027.1
1027.1
1027.1
1027.1
1027.1
1027.1
1027.1
1027.1
1027.1
1027.1
1027.1
1027.1
1027.1
1027.1
1027.1
1027.1
1027.1
1027.1
1027.1
1027.1
1027.1
1027.1
1.16179
1.16163
1.16176
1.16189
1.16312
1.16484
1.16697
1.168
1.16832
1.1686
1.16873
1.16884
1.1689
1.16891
1.16892
1.16892
1.16892
1.16891
1.16891
1.16891
1.16891
1.16891
1.16892
1.16892
1.16892
1.16892
1.16892
1.16892
1.16893
1.16893
1.16893
1.16893
1.16893
1.16893
1.16894
1.16894
1.16894
1.16894
1.16894
1.16895
1.16895
1.16895
1.16897
1.16908
1.16967
1.17164
1.17681
1.18621
1.1999
1.22032
1.24001
1.25609
1.27272
1.30705
1.31102
1.3087
1.29524
1.31709
1.47158
19.8432
963.494
1026.82
1027.09
1027.09
1027.09
1027.1
1027.1
1027.1
1027.1
1027.1
1027.1
1027.1
1027.1
1027.1
1027.1
1027.1
1027.1
1027.1
1027.1
1027.1
1027.1
1027.1
1027.1
1027.1
1027.1
1027.1
1027.1
1027.1
1027.1
1027.1
1027.1
1027.1
1027.1
1027.1
1027.1
1027.1
1027.1
1.16151
1.16139
1.1614
1.1617
1.16243
1.16396
1.16622
1.1679
1.16842
1.16864
1.16872
1.16881
1.16887
1.16891
1.16892
1.16892
1.16892
1.16892
1.16892
1.16892
1.16892
1.16892
1.16892
1.16892
1.16893
1.16893
1.16893
1.16893
1.16893
1.16893
1.16893
1.16893
1.16894
1.16894
1.16894
1.16894
1.16894
1.16894
1.16894
1.16895
1.16895
1.16895
1.16898
1.16913
1.16983
1.17229
1.17891
1.19012
1.20551
1.22676
1.24686
1.26247
1.27493
1.2982
1.298
1.29461
1.30114
1.39467
1.47833
31.9797
930.412
1026.25
1027.09
1027.09
1027.1
1027.1
1027.1
1027.1
1027.1
1027.1
1027.1
1027.1
1027.1
1027.1
1027.1
1027.1
1027.1
1027.1
1027.1
1027.1
1027.1
1027.1
1027.1
1027.1
1027.1
1027.1
1027.1
1027.1
1027.1
1027.1
1027.1
1027.1
1027.1
1027.1
1027.1
1027.1
1027.1
1.1612
1.16138
1.16133
1.16174
1.16237
1.16348
1.16521
1.16748
1.16845
1.16866
1.16872
1.16879
1.16884
1.1689
1.16891
1.16892
1.16892
1.16892
1.16892
1.16892
1.16892
1.16892
1.16892
1.16892
1.16892
1.16893
1.16893
1.16893
1.16893
1.16893
1.16893
1.16893
1.16893
1.16894
1.16894
1.16894
1.16894
1.16894
1.16894
1.16895
1.16895
1.16896
1.169
1.16922
1.17003
1.17293
1.18125
1.19441
1.21089
1.23147
1.25001
1.26354
1.27333
1.28077
1.30165
1.32063
1.34606
1.41358
1.68221
50.3707
935.809
1026.16
1027.09
1027.09
1027.1
1027.1
1027.1
1027.1
1027.1
1027.1
1027.1
1027.1
1027.1
1027.1
1027.1
1027.1
1027.1
1027.1
1027.1
1027.1
1027.1
1027.1
1027.1
1027.1
1027.1
1027.1
1027.1
1027.1
1027.1
1027.1
1027.1
1027.1
1027.1
1027.1
1027.1
1027.1
1027.1
1.16031
1.16031
1.16062
1.16062
1.16084
1.16084
1.16117
1.16117
1.16211
1.16211
1.16345
1.16345
1.16461
1.16461
1.16732
1.16732
1.16859
1.16859
1.16875
1.16875
1.16877
1.16877
1.16881
1.16881
1.16885
1.16885
1.16891
1.16891
1.16892
1.16892
1.16892
1.16892
1.16892
1.16892
1.16892
1.16892
1.16893
1.16893
1.16893
1.16893
1.16893
1.16893
1.16893
1.16893
1.16893
1.16893
1.16893
1.16893
1.16893
1.16893
1.16893
1.16893
1.16893
1.16893
1.16894
1.16894
1.16894
1.16894
1.16894
1.16894
1.16894
1.16894
1.16894
1.16894
1.16894
1.16894
1.16894
1.16894
1.16895
1.16895
1.16895
1.16895
1.16895
1.16895
1.16895
1.16895
1.16895
1.16895
1.16895
1.16895
1.16896
1.16896
1.16897
1.16897
1.16902
1.16902
1.16928
1.16928
1.17022
1.17022
1.17322
1.17322
1.18118
1.18118
1.195
1.195
1.21252
1.21252
1.23323
1.23323
1.25083
1.25083
1.26136
1.26136
1.2676
1.2676
1.27854
1.27854
1.29107
1.29107
1.303
1.303
1.28955
1.28955
1.34955
1.34955
2.25133
2.25133
69.1524
69.1524
958.527
958.527
1026.47
1026.47
1027.09
1027.09
1027.09
1027.09
1027.1
1027.1
1027.1
1027.1
1027.1
1027.1
1027.1
1027.1
1027.1
1027.1
1027.1
1027.1
1027.1
1027.1
1027.1
1027.1
1027.1
1027.1
1027.1
1027.1
1027.1
1027.1
1027.1
1027.1
1027.1
1027.1
1027.1
1027.1
1027.1
1027.1
1027.1
1027.1
1027.1
1027.1
1027.1
1027.1
1027.1
1027.1
1027.1
1027.1
1027.1
1027.1
1027.1
1027.1
1027.1
1027.1
1027.1
1027.1
1027.1
1027.1
1027.1
1027.1
1027.1
1027.1
1027.1
1027.1
1027.1
1027.1
1027.1
1027.1
1027.1
1027.1
1027.1
1027.1
1027.1
1.16328
1.16462
1.16532
1.16582
1.16622
1.16675
1.16751
1.16829
1.16862
1.16873
1.1688
1.16886
1.1689
1.16891
1.16892
1.16892
1.16892
1.16892
1.16892
1.16892
1.16892
1.16893
1.16893
1.16893
1.16893
1.16893
1.16893
1.16894
1.16894
1.16894
1.16894
1.16894
1.16894
1.16895
1.16895
1.16895
1.16895
1.16895
1.16895
1.16895
1.16895
1.16896
1.16896
1.16896
1.16947
1.17225
1.17817
1.18723
1.20242
1.22835
1.26255
1.28716
1.29196
1.29476
1.29361
1.2932
1.28695
1.32328
1.85101
39.613
975.234
1026.91
1027.09
1027.1
1027.1
1027.1
1027.1
1027.1
1027.1
1027.1
1027.1
1027.1
1027.1
1027.1
1027.1
1027.1
1027.1
1027.1
1027.1
1027.1
1027.1
1027.1
1027.1
1027.1
1027.1
1027.1
1027.1
1027.1
1027.1
1027.1
1027.1
1027.1
1027.1
1027.1
1027.1
1027.1
1027.1
1027.1
1027.1
1027.1
1027.1
1027.1
1026.87
1026.69
1027.1
1027.1
1027.1
1027.1
1027.1
1027.1
1.16018
1.16064
1.16092
1.16118
1.16126
1.16069
1.16066
1.16286
1.16743
1.16854
1.16866
1.16876
1.16883
1.1689
1.16891
1.16892
1.16892
1.16892
1.16892
1.16892
1.16892
1.16893
1.16893
1.16893
1.16893
1.16893
1.16893
1.16893
1.16893
1.16893
1.16894
1.16894
1.16894
1.16894
1.16894
1.16894
1.16894
1.16895
1.16895
1.16895
1.16895
1.16896
1.16902
1.16928
1.17024
1.17307
1.18024
1.19353
1.2119
1.2327
1.24888
1.26054
1.26883
1.28863
1.32068
1.32609
1.32768
1.43534
1.97742
52.5608
968.859
1026.75
1027.09
1027.09
1027.1
1027.1
1027.1
1027.1
1027.1
1027.1
1027.1
1027.1
1027.1
1027.1
1027.1
1027.1
1027.1
1027.1
1027.1
1027.1
1027.1
1027.1
1027.1
1027.1
1027.1
1027.1
1027.1
1027.1
1027.1
1027.1
1027.1
1027.1
1027.1
1027.1
1027.1
1027.1
1027.1
1.16225
1.1634
1.1648
1.16564
1.16613
1.16669
1.16745
1.16828
1.16862
1.16874
1.16882
1.16887
1.1689
1.16891
1.16891
1.16891
1.16891
1.16891
1.16891
1.16892
1.16892
1.16892
1.16892
1.16892
1.16892
1.16892
1.16893
1.16893
1.16893
1.16893
1.16893
1.16894
1.16894
1.16894
1.16894
1.16894
1.16894
1.16894
1.16895
1.16895
1.16895
1.16895
1.16895
1.16895
1.16944
1.17233
1.17865
1.18912
1.20609
1.23086
1.25212
1.27826
1.28521
1.28934
1.28868
1.28921
1.28433
1.30992
2.04897
39.1658
963.476
1026.62
1027.09
1027.1
1027.1
1027.1
1027.1
1027.1
1027.1
1027.1
1027.1
1027.1
1027.1
1027.1
1027.1
1027.1
1027.1
1027.1
1027.1
1027.1
1027.1
1027.1
1027.1
1027.1
1027.1
1027.1
1027.1
1027.1
1027.1
1027.1
1027.1
1027.1
1027.1
1027.1
1027.1
1027.1
1027.1
1027.1
1027.1
1027.1
1027.1
1027.1
1027.1
1024.4
1027.09
1027.1
1027.1
1027.1
1027.1
1027.1
1027.1
1.15988
1.16052
1.16058
1.16074
1.16062
1.16044
1.16013
1.16003
1.16468
1.16824
1.1686
1.16872
1.1688
1.16887
1.1689
1.16891
1.16891
1.16892
1.16892
1.16892
1.16892
1.16892
1.16892
1.16893
1.16893
1.16893
1.16893
1.16893
1.16894
1.16894
1.16894
1.16894
1.16894
1.16894
1.16894
1.16894
1.16895
1.16895
1.16895
1.16895
1.16895
1.16896
1.16899
1.16922
1.17029
1.17323
1.17948
1.19098
1.20963
1.23287
1.24878
1.25856
1.26683
1.28075
1.29598
1.31232
1.28223
1.44815
1.76287
47.1656
970.297
1026.83
1027.09
1027.09
1027.1
1027.1
1027.1
1027.1
1027.1
1027.1
1027.1
1027.1
1027.1
1027.1
1027.1
1027.1
1027.1
1027.1
1027.1
1027.1
1027.1
1027.1
1027.1
1027.1
1027.1
1027.1
1027.1
1027.1
1027.1
1027.1
1027.1
1027.1
1027.1
1027.1
1027.1
1027.1
1027.1
1.16252
1.16252
1.16325
1.16325
1.16419
1.16419
1.1652
1.1652
1.16597
1.16597
1.1666
1.1666
1.16727
1.16727
1.16817
1.16817
1.16861
1.16861
1.16876
1.16876
1.16884
1.16884
1.16889
1.16889
1.16891
1.16891
1.16891
1.16891
1.16891
1.16891
1.16891
1.16891
1.16892
1.16892
1.16892
1.16892
1.16892
1.16892
1.16892
1.16892
1.16892
1.16892
1.16892
1.16892
1.16892
1.16892
1.16893
1.16893
1.16893
1.16893
1.16893
1.16893
1.16893
1.16893
1.16893
1.16893
1.16893
1.16893
1.16894
1.16894
1.16894
1.16894
1.16894
1.16894
1.16894
1.16894
1.16894
1.16894
1.16894
1.16894
1.16895
1.16895
1.16895
1.16895
1.16895
1.16895
1.16895
1.16895
1.16895
1.16895
1.16895
1.16895
1.16895
1.16895
1.16895
1.16895
1.16896
1.16896
1.1693
1.1693
1.17166
1.17166
1.17774
1.17774
1.18978
1.18978
1.20957
1.20957
1.23447
1.23447
1.25267
1.25267
1.26689
1.26689
1.27079
1.27079
1.27407
1.27407
1.27421
1.27421
1.27699
1.27699
1.2753
1.2753
1.28525
1.28525
2.38165
2.38165
65.5372
65.5372
980.121
980.121
1026.77
1026.77
1027.09
1027.09
1027.1
1027.1
1027.1
1027.1
1027.1
1027.1
1027.1
1027.1
1027.1
1027.1
1027.1
1027.1
1027.1
1027.1
1027.1
1027.1
1027.1
1027.1
1027.1
1027.1
1027.1
1027.1
1027.1
1027.1
1027.1
1027.1
1027.1
1027.1
1027.1
1027.1
1027.1
1027.1
1027.1
1027.1
1027.1
1027.1
1027.1
1027.1
1027.1
1027.1
1027.1
1027.1
1027.1
1027.1
1027.1
1027.1
1027.1
1027.1
1027.1
1027.1
1027.1
1027.1
1027.1
1027.1
1027.1
1027.1
1027.1
1027.1
1027.1
1027.1
1027.1
1027.1
1027.1
1027.1
1027.1
1027.1
1027.1
1.16224
1.16282
1.16422
1.16529
1.16603
1.16668
1.16745
1.16824
1.16861
1.16875
1.16883
1.16888
1.1689
1.16891
1.16891
1.16891
1.16892
1.16892
1.16892
1.16892
1.16892
1.16892
1.16893
1.16893
1.16893
1.16893
1.16893
1.16893
1.16893
1.16894
1.16894
1.16894
1.16894
1.16894
1.16894
1.16894
1.16895
1.16895
1.16895
1.16895
1.16895
1.16895
1.16895
1.16896
1.16928
1.17152
1.17723
1.18847
1.20674
1.23183
1.24942
1.26246
1.26607
1.27128
1.27178
1.27517
1.27391
1.28081
1.8153
38.0106
963.405
1026.62
1027.09
1027.1
1027.1
1027.1
1027.1
1027.1
1027.1
1027.1
1027.1
1027.1
1027.1
1027.1
1027.1
1027.1
1027.1
1027.1
1027.1
1027.1
1027.1
1027.1
1027.1
1027.1
1027.1
1027.1
1027.1
1027.1
1027.1
1027.1
1027.1
1027.1
1027.1
1027.1
1027.1
1027.1
1027.1
1.16189
1.1625
1.16416
1.16546
1.16617
1.16681
1.16757
1.16828
1.1686
1.16873
1.16882
1.16887
1.1689
1.16891
1.16891
1.16891
1.16891
1.16892
1.16892
1.16892
1.16892
1.16892
1.16892
1.16893
1.16893
1.16893
1.16893
1.16893
1.16893
1.16893
1.16894
1.16894
1.16894
1.16894
1.16894
1.16894
1.16894
1.16894
1.16894
1.16895
1.16895
1.16895
1.16895
1.16897
1.16924
1.17122
1.17624
1.18594
1.20382
1.23033
1.24742
1.26066
1.26405
1.26771
1.26692
1.27
1.26907
1.27988
1.57852
30.2976
960.339
1026.65
1027.09
1027.1
1027.1
1027.1
1027.1
1027.1
1027.1
1027.1
1027.1
1027.1
1027.1
1027.1
1027.1
1027.1
1027.1
1027.1
1027.1
1027.1
1027.1
1027.1
1027.1
1027.1
1027.1
1027.1
1027.1
1027.1
1027.1
1027.1
1027.1
1027.1
1027.1
1027.1
1027.1
1027.1
1027.1
1.16151
1.16222
1.16401
1.16548
1.16631
1.16692
1.16762
1.16827
1.16858
1.16871
1.16881
1.16886
1.16889
1.1689
1.16891
1.16891
1.16891
1.16891
1.16892
1.16892
1.16892
1.16892
1.16892
1.16892
1.16893
1.16893
1.16893
1.16893
1.16893
1.16893
1.16893
1.16894
1.16894
1.16894
1.16894
1.16894
1.16894
1.16894
1.16894
1.16894
1.16894
1.16895
1.16895
1.16897
1.1692
1.17089
1.17521
1.18358
1.2022
1.22943
1.24453
1.25296
1.2575
1.26602
1.26917
1.27444
1.27011
1.27644
1.59673
50.5196
993.461
1026.99
1027.09
1027.09
1027.09
1027.1
1027.1
1027.1
1027.1
1027.1
1027.1
1027.1
1027.1
1027.1
1027.1
1027.1
1027.1
1027.1
1027.1
1027.1
1027.1
1027.1
1027.1
1027.1
1027.1
1027.1
1027.1
1027.1
1027.1
1027.1
1027.1
1027.1
1027.1
1027.1
1027.1
1027.1
1027.1
1.16103
1.16166
1.16367
1.16538
1.16632
1.16695
1.1676
1.16826
1.16857
1.1687
1.1688
1.16886
1.16889
1.1689
1.16891
1.16891
1.16891
1.16891
1.16891
1.16892
1.16892
1.16892
1.16892
1.16892
1.16892
1.16893
1.16893
1.16893
1.16893
1.16893
1.16893
1.16893
1.16894
1.16894
1.16894
1.16894
1.16894
1.16894
1.16894
1.16894
1.16894
1.16895
1.16895
1.16898
1.16918
1.1707
1.17445
1.182
1.20066
1.22714
1.23321
1.2399
1.25587
1.28985
1.29681
1.306
1.29182
1.29527
1.47556
105.567
1008.97
1027.06
1027.08
1027.08
1027.08
1027.08
1027.09
1027.09
1027.09
1027.1
1027.1
1027.1
1027.1
1027.1
1027.1
1027.1
1027.1
1027.1
1027.1
1027.1
1027.1
1027.1
1027.1
1027.1
1027.1
1027.1
1027.1
1027.1
1027.1
1027.1
1027.1
1027.1
1027.1
1027.1
1027.1
1027.1
1027.1
1.16065
1.1609
1.16287
1.16504
1.16628
1.16694
1.16756
1.16823
1.16855
1.16869
1.16879
1.16885
1.16888
1.1689
1.1689
1.16891
1.16891
1.16891
1.16891
1.16892
1.16892
1.16892
1.16892
1.16892
1.16892
1.16892
1.16893
1.16893
1.16893
1.16893
1.16893
1.16893
1.16893
1.16894
1.16894
1.16894
1.16894
1.16894
1.16894
1.16894
1.16894
1.16895
1.16896
1.169
1.16919
1.17057
1.17389
1.18092
1.19893
1.22302
1.21928
1.23661
1.28878
1.32809
1.32686
1.33043
1.31773
1.32234
1.53914
171.78
1006.6
1026.96
1027.04
1027.05
1027.06
1027.07
1027.07
1027.08
1027.09
1027.1
1027.1
1027.1
1027.1
1027.09
1027.09
1027.09
1027.09
1027.09
1027.09
1027.09
1027.1
1027.1
1027.1
1027.1
1027.1
1027.1
1027.1
1027.1
1027.1
1027.1
1027.1
1027.1
1027.1
1027.1
1027.1
1027.1
1027.1
1.16064
1.16061
1.16157
1.16404
1.16606
1.16689
1.16749
1.16818
1.16853
1.16868
1.16878
1.16884
1.16888
1.1689
1.1689
1.1689
1.16891
1.16891
1.16891
1.16891
1.16892
1.16892
1.16892
1.16892
1.16892
1.16892
1.16892
1.16893
1.16893
1.16893
1.16893
1.16893
1.16893
1.16893
1.16893
1.16894
1.16894
1.16894
1.16894
1.16894
1.16895
1.16897
1.16898
1.16902
1.16919
1.17053
1.17376
1.1802
1.19819
1.21628
1.21457
1.24955
1.31489
1.34205
1.33324
1.33442
1.31246
1.29619
1.27626
224.92
1000.98
1025.91
1026.25
1026.38
1026.33
1026.36
1026.36
1026.37
1026.55
1026.69
1026.82
1026.89
1026.87
1026.83
1026.82
1026.82
1026.81
1026.81
1026.85
1026.94
1027.01
1027.06
1027.09
1027.1
1027.1
1027.1
1027.1
1027.1
1027.1
1027.1
1027.1
1027.1
1027.1
1027.1
1027.1
1027.1
1027.1
1.16066
1.16063
1.16078
1.16253
1.16552
1.16679
1.16742
1.16811
1.16851
1.16867
1.16877
1.16883
1.16887
1.16889
1.1689
1.1689
1.16891
1.16891
1.16891
1.16891
1.16891
1.16892
1.16892
1.16892
1.16892
1.16892
1.16892
1.16893
1.16893
1.16893
1.16893
1.16893
1.16893
1.16893
1.16893
1.16893
1.16894
1.16894
1.16894
1.16894
1.16895
1.16897
1.16898
1.16902
1.16918
1.17053
1.17393
1.18057
1.19582
1.20466
1.21225
1.25771
1.32691
1.34608
1.33639
1.31115
1.2922
1.29029
1.27626
195.558
1009
1023.26
1023.5
1023.61
1023.47
1023.49
1023.49
1023.48
1023.52
1023.71
1023.8
1023.83
1023.88
1024.06
1024.3
1024.55
1024.87
1025.24
1025.58
1025.89
1026.18
1026.48
1026.75
1026.95
1027.07
1027.1
1027.1
1027.1
1027.1
1027.1
1027.1
1027.1
1027.1
1027.1
1027.1
1027.1
1027.1
1.16066
1.16067
1.16069
1.16122
1.16425
1.16648
1.16732
1.16801
1.16847
1.16865
1.16877
1.16883
1.16887
1.16889
1.1689
1.1689
1.1689
1.16891
1.16891
1.16891
1.16891
1.16891
1.16892
1.16892
1.16892
1.16892
1.16892
1.16892
1.16892
1.16893
1.16893
1.16893
1.16893
1.16893
1.16893
1.16893
1.16893
1.16894
1.16894
1.16894
1.16895
1.16896
1.16898
1.16901
1.16916
1.17051
1.17414
1.18059
1.19082
1.19471
1.21349
1.27125
1.32738
1.34701
1.33084
1.29815
1.28599
1.31686
1.36846
105.904
1000.25
1024.39
1024.4
1024.69
1024.88
1025.01
1025.12
1025.22
1025.37
1025.56
1025.74
1025.91
1026.09
1026.27
1026.43
1026.56
1026.66
1026.72
1026.77
1026.79
1026.82
1026.86
1026.92
1026.98
1027.02
1027.05
1027.07
1027.09
1027.1
1027.1
1027.1
1027.1
1027.1
1027.1
1027.1
1027.1
1027.1
1.16056
1.16067
1.16069
1.16075
1.16249
1.16571
1.16714
1.16791
1.16842
1.16864
1.16876
1.16884
1.16887
1.16889
1.1689
1.1689
1.1689
1.16891
1.16891
1.16891
1.16891
1.16891
1.16892
1.16892
1.16892
1.16892
1.16892
1.16892
1.16893
1.16893
1.16893
1.16893
1.16893
1.16893
1.16893
1.16893
1.16894
1.16894
1.16894
1.16894
1.16894
1.16896
1.16898
1.16901
1.16915
1.17051
1.17421
1.17997
1.18725
1.19447
1.22325
1.2927
1.33093
1.33928
1.30837
1.29027
1.28612
1.30141
1.31816
64.7116
1007.76
1026.37
1026.47
1026.73
1026.85
1026.9
1026.92
1026.93
1026.96
1026.99
1027.01
1027.03
1027.05
1027.06
1027.07
1027.07
1027.07
1027.06
1027.06
1027.06
1027.06
1027.06
1027.06
1027.07
1027.07
1027.08
1027.09
1027.09
1027.1
1027.1
1027.1
1027.1
1027.1
1027.1
1027.1
1027.1
1027.1
1.1604
1.16057
1.16064
1.16066
1.161
1.16434
1.16674
1.16778
1.16836
1.16862
1.16876
1.16884
1.16888
1.1689
1.1689
1.1689
1.16891
1.16891
1.16891
1.16891
1.16891
1.16892
1.16892
1.16892
1.16892
1.16892
1.16892
1.16893
1.16893
1.16893
1.16893
1.16893
1.16893
1.16893
1.16894
1.16894
1.16894
1.16894
1.16894
1.16894
1.16894
1.16896
1.16898
1.16902
1.16916
1.17049
1.17425
1.18035
1.19046
1.21173
1.23848
1.29744
1.32639
1.32311
1.29553
1.28826
1.2864
1.30598
1.29829
27.3908
1005.09
1027.03
1027.07
1027.09
1027.09
1027.09
1027.09
1027.09
1027.1
1027.1
1027.1
1027.1
1027.1
1027.1
1027.1
1027.1
1027.1
1027.09
1027.09
1027.1
1027.1
1027.1
1027.1
1027.1
1027.1
1027.1
1027.1
1027.1
1027.1
1027.1
1027.1
1027.1
1027.1
1027.1
1027.1
1027.1
1027.1
1.16026
1.16042
1.16054
1.16059
1.16072
1.16319
1.16633
1.1676
1.16828
1.16859
1.16875
1.16884
1.16888
1.1689
1.1689
1.16891
1.16891
1.16891
1.16891
1.16891
1.16891
1.16892
1.16892
1.16892
1.16892
1.16892
1.16892
1.16893
1.16893
1.16893
1.16893
1.16893
1.16893
1.16893
1.16894
1.16894
1.16894
1.16894
1.16894
1.16894
1.16894
1.16896
1.16898
1.16902
1.16918
1.1705
1.17448
1.18241
1.19946
1.22391
1.23917
1.28621
1.3158
1.30464
1.28747
1.29415
1.28927
1.29903
1.34888
13.8653
997.162
1027.05
1027.09
1027.09
1027.1
1027.1
1027.1
1027.1
1027.1
1027.1
1027.1
1027.1
1027.1
1027.1
1027.1
1027.1
1027.1
1027.1
1027.1
1027.1
1027.1
1027.1
1027.1
1027.1
1027.1
1027.1
1027.1
1027.1
1027.1
1027.1
1027.1
1027.1
1027.1
1027.1
1027.1
1027.1
1027.1
1.16016
1.16026
1.16037
1.1605
1.1605
1.16187
1.16522
1.16732
1.16817
1.16856
1.16874
1.16884
1.16888
1.1689
1.1689
1.16891
1.16891
1.16891
1.16891
1.16891
1.16892
1.16892
1.16892
1.16892
1.16892
1.16892
1.16893
1.16893
1.16893
1.16893
1.16893
1.16893
1.16894
1.16894
1.16894
1.16894
1.16894
1.16894
1.16894
1.16894
1.16895
1.16896
1.16898
1.16904
1.16924
1.17059
1.175
1.18583
1.20424
1.22474
1.23914
1.26353
1.29914
1.29726
1.28968
1.2953
1.28957
1.29723
1.40186
13.9178
980.023
1026.96
1027.09
1027.09
1027.1
1027.1
1027.1
1027.1
1027.1
1027.1
1027.1
1027.1
1027.1
1027.1
1027.1
1027.1
1027.1
1027.1
1027.1
1027.1
1027.1
1027.1
1027.1
1027.1
1027.1
1027.1
1027.1
1027.1
1027.1
1027.1
1027.1
1027.1
1027.1
1027.1
1027.1
1027.1
1027.1
1.16001
1.1601
1.1602
1.16035
1.16042
1.16063
1.16174
1.16684
1.16811
1.16852
1.16872
1.16883
1.16888
1.1689
1.16891
1.16891
1.16891
1.16891
1.16892
1.16892
1.16892
1.16892
1.16892
1.16892
1.16893
1.16893
1.16893
1.16893
1.16893
1.16893
1.16894
1.16894
1.16894
1.16894
1.16894
1.16894
1.16894
1.16894
1.16894
1.16895
1.16895
1.16895
1.16898
1.16905
1.16935
1.17081
1.17579
1.18857
1.20507
1.22389
1.24102
1.25312
1.28026
1.29148
1.28917
1.29344
1.28614
1.30849
1.46362
22.7147
946.191
1026.52
1027.09
1027.09
1027.1
1027.1
1027.1
1027.1
1027.1
1027.1
1027.1
1027.1
1027.1
1027.1
1027.1
1027.1
1027.1
1027.1
1027.1
1027.1
1027.1
1027.1
1027.1
1027.1
1027.1
1027.1
1027.1
1027.1
1027.1
1027.1
1027.1
1027.1
1027.1
1027.1
1027.1
1027.1
1027.1
1.15996
1.16002
1.16005
1.16012
1.16019
1.1602
1.16003
1.16178
1.16789
1.16848
1.16868
1.16881
1.16887
1.1689
1.16891
1.16891
1.16891
1.16891
1.16891
1.16892
1.16892
1.16892
1.16892
1.16892
1.16893
1.16893
1.16893
1.16893
1.16893
1.16893
1.16893
1.16893
1.16894
1.16894
1.16894
1.16894
1.16894
1.16894
1.16894
1.16894
1.16895
1.16895
1.16897
1.1691
1.16981
1.17253
1.17938
1.19083
1.2061
1.22486
1.2426
1.2577
1.27077
1.2847
1.28403
1.2893
1.28455
1.32585
1.48226
38.5986
935.703
1026.29
1027.09
1027.09
1027.1
1027.1
1027.1
1027.1
1027.1
1027.1
1027.1
1027.1
1027.1
1027.1
1027.1
1027.1
1027.1
1027.1
1027.1
1027.1
1027.1
1027.1
1027.1
1027.1
1027.1
1027.1
1027.1
1027.1
1027.1
1027.1
1027.1
1027.1
1027.1
1027.1
1027.1
1027.1
1027.1
1.15941
1.15941
1.15968
1.15968
1.15974
1.15974
1.15979
1.15979
1.15982
1.15982
1.15985
1.15985
1.15987
1.15987
1.1599
1.1599
1.16317
1.16317
1.16805
1.16805
1.16861
1.16861
1.16875
1.16875
1.16883
1.16883
1.16889
1.16889
1.1689
1.1689
1.16891
1.16891
1.16891
1.16891
1.16891
1.16891
1.16892
1.16892
1.16892
1.16892
1.16892
1.16892
1.16892
1.16892
1.16892
1.16892
1.16893
1.16893
1.16893
1.16893
1.16893
1.16893
1.16893
1.16893
1.16893
1.16893
1.16893
1.16893
1.16894
1.16894
1.16894
1.16894
1.16895
1.16895
1.16895
1.16895
1.16895
1.16895
1.16895
1.16895
1.16895
1.16895
1.16895
1.16895
1.16896
1.16896
1.16896
1.16896
1.16896
1.16896
1.16896
1.16896
1.16896
1.16896
1.16896
1.16896
1.1691
1.1691
1.17013
1.17013
1.17356
1.17356
1.18049
1.18049
1.1916
1.1916
1.20731
1.20731
1.22725
1.22725
1.24588
1.24588
1.26002
1.26002
1.26959
1.26959
1.27683
1.27683
1.27532
1.27532
1.29536
1.29536
1.28579
1.28579
1.32989
1.32989
1.98125
1.98125
62.9664
62.9664
945.299
945.299
1026.27
1026.27
1027.09
1027.09
1027.09
1027.09
1027.1
1027.1
1027.1
1027.1
1027.1
1027.1
1027.1
1027.1
1027.1
1027.1
1027.1
1027.1
1027.1
1027.1
1027.1
1027.1
1027.1
1027.1
1027.1
1027.1
1027.1
1027.1
1027.1
1027.1
1027.1
1027.1
1027.1
1027.1
1027.1
1027.1
1027.1
1027.1
1027.1
1027.1
1027.1
1027.1
1027.1
1027.1
1027.1
1027.1
1027.1
1027.1
1027.1
1027.1
1027.1
1027.1
1027.1
1027.1
1027.1
1027.1
1027.1
1027.1
1027.1
1027.1
1027.1
1027.1
1027.1
1027.1
1027.1
1027.1
1027.1
1027.1
1027.1
1027.1
1027.1
)
;
    }
}


// ************************************************************************* //
