/*--------------------------------*- C++ -*----------------------------------*\
| =========                 |                                                 |
| \\      /  F ield         | OpenFOAM: The Open Source CFD Toolbox           |
|  \\    /   O peration     | Version:  2.3.0                                 |
|   \\  /    A nd           | Web:      www.OpenFOAM.org                      |
|    \\/     M anipulation  |                                                 |
\*---------------------------------------------------------------------------*/
FoamFile
{
    version     2.0;
    format      ascii;
    class       volScalarField;
    location    "5";
    object      L3;
}
// * * * * * * * * * * * * * * * * * * * * * * * * * * * * * * * * * * * * * //

dimensions      [0 0 0 0 0 0 0];

internalField   nonuniform List<scalar> 
6144
(
0.00631579
0.00631579
0.00631579
0.00631579
0.00631579
0.00631579
0.00631579
0.00631579
0.00631579
0.00631579
0.00631579
0.00631579
0.00631579
0.00631579
0.00631579
0.00631579
0.00631579
0.00631579
0.00631579
0.00631579
0.00631579
0.00631579
0.00631579
0.00631579
0.00631579
0.00631579
0.00631579
0.00631579
0.00631579
0.00631579
0.00631579
0.00631579
0.00631579
0.00631579
0.00631579
0.00631579
0.00631579
0.00631579
0.00631579
0.00631579
0.00631579
0.00631579
0.00631579
0.00631579
0.00631579
0.00631579
0.00631579
0.00631579
0.00631579
0.00631579
0.00631579
0.00631579
0.00631579
0.00631579
0.00631579
0.00631579
0.00631579
0.00631579
0.00631579
0.00631579
0.00631579
0.00736792
0.0001
0.0001
0.0001
0.0001
0.0001
0.0001
0.0001
0.0001
0.0001
0.0001
0.0001
0.0001
0.0001
0.0001
0.0001
0.0001
0.0001
0.0001
0.0001
0.0001
0.0001
0.0001
0.0001
0.0001
0.0001
0.0001
0.0001
0.0001
0.0001
0.0001
0.0001
0.0001
0.0001
0.0001
0.00631579
0.00631579
0.00631579
0.00631579
0.00631579
0.00631579
0.00631579
0.00631579
0.00631579
0.00631579
0.00631579
0.00631579
0.00631579
0.00631579
0.00631579
0.00631579
0.00631579
0.00631579
0.00631579
0.00631579
0.00631579
0.00631579
0.00631579
0.00631579
0.00631579
0.00631579
0.00631579
0.00631579
0.00631579
0.00631579
0.00631579
0.00631579
0.00631579
0.00631579
0.00631579
0.00631579
0.00631579
0.00631579
0.00631579
0.00631579
0.00631579
0.00631579
0.00631579
0.00631579
0.00631579
0.00631579
0.00631579
0.00631579
0.00631579
0.00631579
0.00631579
0.00631579
0.00631579
0.00631579
0.00631579
0.00631579
0.00631579
0.00631579
0.00631579
0.00631579
0.00631579
0.00740118
0.0001
0.0001
0.0001
0.0001
0.0001
0.0001
0.0001
0.0001
0.0001
0.0001
0.0001
0.0001
0.0001
0.0001
0.0001
0.0001
0.0001
0.0001
0.0001
0.0001
0.0001
0.0001
0.0001
0.0001
0.0001
0.0001
0.0001
0.0001
0.0001
0.0001
0.0001
0.0001
0.0001
0.0001
0.00631579
0.00631579
0.00631579
0.00631579
0.00631579
0.00631579
0.00631579
0.00631579
0.00631579
0.00631579
0.00631579
0.00631579
0.00631579
0.00631579
0.00631579
0.00631579
0.00631579
0.00631579
0.00631579
0.00631579
0.00631579
0.00631579
0.00631579
0.00631579
0.00631579
0.00631579
0.00631579
0.00631579
0.00631579
0.00631579
0.00631579
0.00631579
0.00631579
0.00631579
0.00631579
0.00631579
0.00631579
0.00631579
0.00631579
0.00631579
0.00631579
0.00631579
0.00631579
0.00631579
0.00631579
0.00631579
0.00631579
0.00631579
0.00631579
0.00631579
0.00631579
0.00631579
0.00631579
0.00631579
0.00631579
0.00631579
0.00631579
0.00631579
0.00631579
0.00631579
0.00631579
0.00748044
0.0001
0.0001
0.0001
0.0001
0.0001
0.0001
0.0001
0.0001
0.0001
0.0001
0.0001
0.0001
0.0001
0.0001
0.0001
0.0001
0.0001
0.0001
0.0001
0.0001
0.0001
0.0001
0.0001
0.0001
0.0001
0.0001
0.0001
0.0001
0.0001
0.0001
0.0001
0.0001
0.0001
0.0001
0.00631579
0.00631579
0.00631579
0.00631579
0.00631579
0.00631579
0.00631579
0.00631579
0.00631579
0.00631579
0.00631579
0.00631579
0.00631579
0.00631579
0.00631579
0.00631579
0.00631579
0.00631579
0.00631579
0.00631579
0.00631579
0.00631579
0.00631579
0.00631579
0.00631579
0.00631579
0.00631579
0.00631579
0.00631579
0.00631579
0.00631579
0.00631579
0.00631579
0.00631579
0.00631579
0.00631579
0.00631579
0.00631579
0.00631579
0.00631579
0.00631579
0.00631579
0.00631579
0.00631579
0.00631579
0.00631579
0.00631579
0.00631579
0.00631579
0.00631579
0.00631579
0.00631579
0.00631579
0.00631579
0.00631579
0.00631579
0.00631579
0.00631579
0.00631579
0.00631579
0.00631579
0.00748044
0.0001
0.0001
0.0001
0.0001
0.0001
0.0001
0.0001
0.0001
0.0001
0.0001
0.0001
0.0001
0.0001
0.0001
0.0001
0.0001
0.0001
0.0001
0.0001
0.0001
0.0001
0.0001
0.0001
0.0001
0.0001
0.0001
0.0001
0.0001
0.0001
0.0001
0.0001
0.0001
0.0001
0.0001
0.00631579
0.00631579
0.00631579
0.00631579
0.00631579
0.00631579
0.00631579
0.00631579
0.00631579
0.00631579
0.00631579
0.00631579
0.00631579
0.00631579
0.00631579
0.00631579
0.00631579
0.00631579
0.00631579
0.00631579
0.00631579
0.00631579
0.00631579
0.00631579
0.00631579
0.00631579
0.00631579
0.00631579
0.00631579
0.00631579
0.00631579
0.00631579
0.00631579
0.00631579
0.00631579
0.00631579
0.00631579
0.00631579
0.00631579
0.00631579
0.00631579
0.00631579
0.00631579
0.00631579
0.00631579
0.00631579
0.00631579
0.00631579
0.00631579
0.00631579
0.00631579
0.00631579
0.00631579
0.00631579
0.00631579
0.00631579
0.00631579
0.00631579
0.00631579
0.00631579
0.00631579
0.00686114
0.00708056
0.00696038
0.00727398
0.0072778
0.00743277
0.00631579
0.00695251
0.00712505
0.00705423
0.0071821
0.00723438
0.00740007
0.00746879
0.00746669
0.00748044
0.00748044
0.00748044
0.0001
0.0001
0.0001
0.0001
0.0001
0.0001
0.0001
0.0001
0.0001
0.0001
0.0001
0.0001
0.0001
0.0001
0.0001
0.0001
0.0001
0.00631579
0.00631579
0.00631579
0.00631579
0.00631579
0.00631579
0.00631579
0.00631579
0.00631579
0.00631579
0.00631579
0.00631579
0.00631579
0.00631579
0.00631579
0.00631579
0.00631579
0.00631579
0.00631579
0.00631579
0.00631579
0.00631579
0.00631579
0.00631579
0.00631579
0.00631579
0.00631579
0.00631579
0.00631579
0.00631579
0.00631579
0.00631579
0.00631579
0.00631579
0.00631579
0.00631579
0.00631579
0.00631579
0.00631579
0.00631579
0.00631579
0.00631579
0.00631579
0.00631579
0.00631579
0.00631579
0.00631579
0.00631579
0.00631579
0.00631579
0.00631579
0.00631579
0.00631579
0.00631579
0.00631579
0.00631579
0.00631579
0.00631579
0.00631579
0.00631579
0.00631579
0.00631579
0.00631579
0.00631579
0.00631579
0.00631579
0.00631579
0.00631579
0.00631579
0.00631579
0.00631579
0.00631579
0.00631579
0.00631579
0.00631579
0.00631579
0.00631579
0.00631579
0.00631579
0.00631579
0.00631579
0.00730256
0.00631579
0.00631579
0.0063365
0.00744088
0.00748044
0.00748044
0.0001
0.0001
0.0001
0.0001
0.0001
0.0001
0.0001
0.0001
0.00631579
0.00631579
0.00631579
0.00631579
0.00631579
0.00631579
0.00631579
0.00631579
0.00631579
0.00631579
0.00631579
0.00631579
0.00631579
0.00631579
0.00631579
0.00631579
0.00631579
0.00631579
0.00631579
0.00631579
0.00631579
0.00631579
0.00631579
0.00631579
0.00631579
0.00631579
0.00631579
0.00631579
0.00631579
0.00631579
0.00631579
0.00631579
0.00631579
0.00631579
0.00631579
0.00631579
0.00631579
0.00631579
0.00631579
0.00631579
0.00631579
0.00631579
0.00631579
0.00631579
0.00631579
0.00631579
0.00631579
0.00631579
0.00631579
0.00631579
0.00631579
0.00631579
0.00631579
0.00631579
0.00631579
0.00631579
0.00631579
0.00631579
0.00631579
0.00631579
0.00631579
0.00631579
0.00631579
0.00631579
0.00631579
0.00631579
0.00631579
0.00631579
0.00631579
0.00631579
0.00631579
0.00631579
0.00631579
0.00631579
0.00631579
0.00631579
0.00631579
0.00631579
0.00631579
0.00631579
0.00631579
0.00631579
0.00643243
0.00631579
0.00631579
0.00631579
0.00631579
0.00631579
0.00631579
0.00631579
0.00704087
0.00631579
0.00736442
0.00747947
0.00748044
0.0001
0.00631579
0.00631579
0.00631579
0.00631579
0.00631579
0.00631579
0.00631579
0.00631579
0.00631579
0.00631579
0.00631579
0.00631579
0.00631579
0.00631579
0.00631579
0.00631579
0.00631579
0.00631579
0.00631579
0.00631579
0.00631579
0.00631579
0.00631579
0.00631579
0.00631579
0.00631579
0.00631579
0.00631579
0.00631579
0.00631579
0.00631579
0.00631579
0.00631579
0.00631579
0.00631579
0.00631579
0.00631579
0.00631579
0.00631579
0.00631579
0.00631579
0.00631579
0.00631579
0.00631579
0.00631579
0.00631579
0.00631579
0.00631579
0.00631579
0.00631579
0.00631579
0.00631579
0.00631579
0.00631579
0.00631579
0.00631579
0.00631579
0.00631579
0.00631579
0.00631579
0.00631579
0.00631579
0.00631579
0.00631579
0.00631579
0.00631579
0.00631579
0.00631579
0.00631579
0.00631579
0.00631579
0.00631579
0.00631579
0.00631579
0.00631579
0.00631579
0.00631579
0.00631579
0.00631579
0.00631579
0.00631579
0.00631579
0.00631579
0.00631579
0.00631579
0.00631579
0.00631579
0.00631579
0.00631579
0.00631579
0.00631579
0.00631579
0.00631579
0.00631579
0.00631579
0.00631579
0.00631579
0.00631579
0.00631579
0.00631579
0.00631579
0.00631579
0.00631579
0.00631579
0.00631579
0.00631579
0.00631579
0.00631579
0.00631579
0.00631579
0.00631579
0.00631579
0.00631579
0.00631579
0.00631579
0.00631579
0.00631579
0.00631579
0.00631579
0.00631579
0.00631579
0.00631579
0.00631579
0.00631579
0.00631579
0.00631579
0.00631579
0.00631579
0.00631579
0.00631579
0.00631579
0.00631579
0.00631579
0.00631579
0.00631579
0.00631579
0.00631579
0.00631579
0.00631579
0.00631579
0.00631579
0.00631579
0.00631579
0.00631579
0.00631579
0.00631579
0.00631579
0.00631579
0.00631579
0.00631579
0.00631579
0.00631579
0.00631579
0.00631579
0.00631579
0.00631579
0.00631579
0.00631579
0.00631579
0.00631579
0.00631579
0.00631579
0.00631579
0.00631579
0.00631579
0.00631579
0.00631579
0.00631579
0.00631579
0.00631579
0.00631579
0.00631579
0.00631579
0.00631579
0.00631579
0.00631579
0.00631579
0.00631579
0.00631579
0.00631579
0.00631579
0.00631579
0.00631579
0.00631579
0.00631579
0.00631579
0.00672359
0.00738801
0.0074421
0.00747905
0.0001
0.0001
0.00631579
0.00631579
0.00631579
0.00631579
0.00631579
0.00631579
0.00631579
0.00631579
0.00631579
0.00631579
0.00631579
0.00631579
0.00631579
0.00631579
0.00631579
0.00631579
0.00631579
0.00631579
0.00631579
0.00631579
0.00631579
0.00631579
0.00631579
0.00631579
0.00631579
0.00631579
0.00631579
0.00631579
0.00631579
0.00631579
0.00631579
0.00631579
0.00631579
0.00631579
0.00631579
0.00631579
0.00631579
0.00631579
0.00631579
0.00631579
0.00631579
0.00631579
0.00631579
0.00631579
0.00631579
0.00631579
0.00631579
0.00631579
0.00631579
0.00631579
0.00631579
0.00631579
0.00631579
0.00631579
0.00631579
0.00631579
0.00631579
0.00631579
0.00631579
0.00631579
0.00631579
0.00631579
0.00645643
0.00748044
0.00748044
0.0001
0.0001
0.0001
0.0001
0.0001
0.0001
0.0001
0.0001
0.0001
0.0001
0.0001
0.0001
0.0001
0.0001
0.0001
0.0001
0.0001
0.0001
0.0001
0.0001
0.0001
0.0001
0.0001
0.0001
0.0001
0.0001
0.0001
0.0001
0.0001
0.0001
0.0001
0.00631579
0.00631579
0.00631579
0.00631579
0.00631579
0.00631579
0.00631579
0.00631579
0.00631579
0.00631579
0.00631579
0.00631579
0.00631579
0.00631579
0.00631579
0.00631579
0.00631579
0.00631579
0.00631579
0.00631579
0.00631579
0.00631579
0.00631579
0.00631579
0.00631579
0.00631579
0.00631579
0.00631579
0.00631579
0.00631579
0.00631579
0.00631579
0.00631579
0.00631579
0.00631579
0.00631579
0.00631579
0.00631579
0.00631579
0.00631579
0.00631579
0.00631579
0.00631579
0.00631579
0.00631579
0.00631579
0.00631579
0.00631579
0.00631579
0.00631579
0.00631579
0.00631579
0.00631579
0.00631579
0.00631579
0.00631579
0.00631579
0.00631579
0.00631579
0.00631579
0.00631579
0.0001
0.0001
0.0001
0.0001
0.0001
0.0001
0.0001
0.0001
0.0001
0.0001
0.0001
0.0001
0.0001
0.0001
0.0001
0.0001
0.0001
0.0001
0.0001
0.0001
0.0001
0.0001
0.0001
0.0001
0.0001
0.0001
0.0001
0.0001
0.0001
0.0001
0.0001
0.0001
0.0001
0.0001
0.0001
0.00631579
0.00631579
0.00631579
0.00631579
0.00631579
0.00631579
0.00631579
0.00631579
0.00631579
0.00631579
0.00631579
0.00631579
0.00631579
0.00631579
0.00631579
0.00631579
0.00631579
0.00631579
0.00631579
0.00631579
0.00631579
0.00631579
0.00631579
0.00631579
0.00631579
0.00631579
0.00631579
0.00631579
0.00631579
0.00631579
0.00631579
0.00631579
0.00631579
0.00631579
0.00631579
0.00631579
0.00631579
0.00631579
0.00631579
0.00631579
0.00631579
0.00631579
0.00631579
0.00631579
0.00631579
0.00631579
0.00631579
0.00631579
0.00631579
0.00631579
0.00631579
0.00631579
0.00631579
0.00631579
0.00631579
0.00631579
0.00631579
0.00631579
0.00631579
0.00631579
0.00631579
0.0001
0.0001
0.0001
0.0001
0.0001
0.0001
0.0001
0.0001
0.0001
0.0001
0.0001
0.0001
0.0001
0.0001
0.0001
0.0001
0.0001
0.0001
0.0001
0.0001
0.0001
0.0001
0.0001
0.0001
0.0001
0.0001
0.0001
0.0001
0.0001
0.0001
0.0001
0.0001
0.0001
0.0001
0.0001
0.00631579
0.00631579
0.00631579
0.00631579
0.00631579
0.00631579
0.00631579
0.00631579
0.00631579
0.00631579
0.00631579
0.00631579
0.00631579
0.00631579
0.00631579
0.00631579
0.00631579
0.00631579
0.00631579
0.00631579
0.00631579
0.00631579
0.00631579
0.00631579
0.00631579
0.00631579
0.00631579
0.00631579
0.00631579
0.00631579
0.00631579
0.00631579
0.00631579
0.00631579
0.00631579
0.00631579
0.00631579
0.00631579
0.00631579
0.00631579
0.00631579
0.00631579
0.00631579
0.00631579
0.00631579
0.00631579
0.00631579
0.00631579
0.00631579
0.00631579
0.00631579
0.00631579
0.00631579
0.00631579
0.00631579
0.00631579
0.00631579
0.00631579
0.00631579
0.00631579
0.00631579
0.00748044
0.0001
0.0001
0.0001
0.0001
0.0001
0.0001
0.0001
0.0001
0.0001
0.0001
0.0001
0.0001
0.0001
0.0001
0.0001
0.0001
0.0001
0.0001
0.0001
0.0001
0.0001
0.0001
0.0001
0.0001
0.0001
0.0001
0.0001
0.0001
0.0001
0.0001
0.0001
0.0001
0.0001
0.0001
0.00631579
0.00631579
0.00631579
0.00631579
0.00631579
0.00631579
0.00631579
0.00631579
0.00631579
0.00631579
0.00631579
0.00631579
0.00631579
0.00631579
0.00631579
0.00631579
0.00631579
0.00631579
0.00631579
0.00631579
0.00631579
0.00631579
0.00631579
0.00631579
0.00631579
0.00631579
0.00631579
0.00631579
0.00631579
0.00631579
0.00631579
0.00631579
0.00631579
0.00631579
0.00631579
0.00631579
0.00631579
0.00631579
0.00631579
0.00631579
0.00631579
0.00631579
0.00631579
0.00631579
0.00631579
0.00631579
0.00631579
0.00631579
0.00631579
0.00631579
0.00631579
0.00631579
0.00631579
0.00631579
0.00631579
0.00631579
0.00631579
0.00631579
0.00631579
0.00631579
0.00631579
0.00745907
0.0001
0.0001
0.0001
0.0001
0.0001
0.0001
0.0001
0.0001
0.0001
0.0001
0.0001
0.0001
0.0001
0.0001
0.0001
0.0001
0.0001
0.0001
0.0001
0.0001
0.0001
0.0001
0.0001
0.0001
0.0001
0.0001
0.0001
0.0001
0.0001
0.0001
0.0001
0.0001
0.0001
0.0001
0.00631579
0.00631579
0.00631579
0.00631579
0.00631579
0.00631579
0.00631579
0.00631579
0.00631579
0.00631579
0.00631579
0.00631579
0.00631579
0.00631579
0.00631579
0.00631579
0.00631579
0.00631579
0.00631579
0.00631579
0.00631579
0.00631579
0.00631579
0.00631579
0.00631579
0.00631579
0.00631579
0.00631579
0.00631579
0.00631579
0.00631579
0.00631579
0.00631579
0.00631579
0.00631579
0.00631579
0.00631579
0.00631579
0.00631579
0.00631579
0.00631579
0.00631579
0.00631579
0.00631579
0.00631579
0.00631579
0.00631579
0.00631579
0.00631579
0.00631579
0.00631579
0.00631579
0.00631579
0.00631579
0.00631579
0.00631579
0.00631579
0.00631579
0.00631579
0.00631579
0.00631579
0.00725447
0.0001
0.0001
0.0001
0.0001
0.0001
0.0001
0.0001
0.0001
0.0001
0.0001
0.0001
0.0001
0.0001
0.0001
0.0001
0.0001
0.0001
0.0001
0.0001
0.0001
0.0001
0.0001
0.0001
0.0001
0.0001
0.0001
0.0001
0.0001
0.0001
0.0001
0.0001
0.0001
0.0001
0.0001
0.00631579
0.00631579
0.00631579
0.00631579
0.00631579
0.00631579
0.00631579
0.00631579
0.00631579
0.00631579
0.00631579
0.00631579
0.00631579
0.00631579
0.00631579
0.00631579
0.00631579
0.00631579
0.00631579
0.00631579
0.00631579
0.00631579
0.00631579
0.00631579
0.00631579
0.00631579
0.00631579
0.00631579
0.00631579
0.00631579
0.00631579
0.00631579
0.00631579
0.00631579
0.00631579
0.00631579
0.00631579
0.00631579
0.00631579
0.00631579
0.00631579
0.00631579
0.00631579
0.00631579
0.00631579
0.00631579
0.00631579
0.00631579
0.00631579
0.00631579
0.00631579
0.00631579
0.00631579
0.00631579
0.00631579
0.00631579
0.00631579
0.00631579
0.00631579
0.00631579
0.00631579
0.00631579
0.0001
0.0001
0.0001
0.0001
0.0001
0.0001
0.0001
0.0001
0.0001
0.0001
0.0001
0.0001
0.0001
0.0001
0.0001
0.0001
0.0001
0.0001
0.0001
0.0001
0.0001
0.0001
0.0001
0.0001
0.0001
0.0001
0.0001
0.0001
0.0001
0.0001
0.0001
0.0001
0.0001
0.0001
0.00631579
0.00631579
0.00631579
0.00631579
0.00631579
0.00631579
0.00631579
0.00631579
0.00631579
0.00631579
0.00631579
0.00631579
0.00631579
0.00631579
0.00631579
0.00631579
0.00631579
0.00631579
0.00631579
0.00631579
0.00631579
0.00631579
0.00631579
0.00631579
0.00631579
0.00631579
0.00631579
0.00631579
0.00631579
0.00631579
0.00631579
0.00631579
0.00631579
0.00631579
0.00631579
0.00631579
0.00631579
0.00631579
0.00631579
0.00631579
0.00631579
0.00631579
0.00631579
0.00631579
0.00631579
0.00631579
0.00631579
0.00631579
0.00631579
0.00631579
0.00631579
0.00631579
0.00631579
0.00631579
0.00631579
0.00631579
0.00631579
0.00631579
0.00631579
0.00631579
0.00631579
0.00722746
0.00748044
0.0001
0.0001
0.0001
0.0001
0.0001
0.0001
0.0001
0.0001
0.0001
0.0001
0.0001
0.0001
0.0001
0.0001
0.0001
0.0001
0.0001
0.0001
0.0001
0.0001
0.0001
0.0001
0.0001
0.0001
0.0001
0.0001
0.0001
0.0001
0.0001
0.0001
0.0001
0.0001
0.0001
0.00631579
0.00631579
0.00631579
0.00631579
0.00631579
0.00631579
0.00631579
0.00631579
0.00631579
0.00631579
0.00631579
0.00631579
0.00631579
0.00631579
0.00631579
0.00631579
0.00631579
0.00631579
0.00631579
0.00631579
0.00631579
0.00631579
0.00631579
0.00631579
0.00631579
0.00631579
0.00631579
0.00631579
0.00631579
0.00631579
0.00631579
0.00631579
0.00631579
0.00631579
0.00631579
0.00631579
0.00631579
0.00631579
0.00631579
0.00631579
0.00631579
0.00631579
0.00631579
0.00631579
0.00631579
0.00631579
0.00631579
0.00631579
0.00631579
0.00631579
0.00631579
0.00631579
0.00631579
0.00631579
0.00631579
0.00631579
0.00631579
0.00631579
0.00631579
0.00631579
0.00692477
0.00744907
0.0001
0.0001
0.0001
0.0001
0.0001
0.0001
0.0001
0.0001
0.0001
0.0001
0.0001
0.0001
0.0001
0.0001
0.0001
0.0001
0.0001
0.0001
0.0001
0.0001
0.0001
0.0001
0.0001
0.0001
0.0001
0.0001
0.0001
0.0001
0.0001
0.0001
0.0001
0.0001
0.0001
0.0001
0.00631579
0.00631579
0.00631579
0.00631579
0.00631579
0.00631579
0.00631579
0.00631579
0.00631579
0.00631579
0.00631579
0.00631579
0.00631579
0.00631579
0.00631579
0.00631579
0.00631579
0.00631579
0.00631579
0.00631579
0.00631579
0.00631579
0.00631579
0.00631579
0.00631579
0.00631579
0.00631579
0.00631579
0.00631579
0.00631579
0.00631579
0.00631579
0.00631579
0.00631579
0.00631579
0.00631579
0.00631579
0.00631579
0.00631579
0.00631579
0.00631579
0.00631579
0.00631579
0.00631579
0.00631579
0.00631579
0.00631579
0.00631579
0.00631579
0.00631579
0.00631579
0.00631579
0.00631579
0.00631579
0.00631579
0.00631579
0.00631579
0.00631579
0.00631579
0.00631579
0.00631579
0.0001
0.0001
0.0001
0.0001
0.0001
0.0001
0.0001
0.0001
0.0001
0.0001
0.0001
0.0001
0.0001
0.0001
0.0001
0.0001
0.0001
0.0001
0.0001
0.0001
0.0001
0.0001
0.0001
0.0001
0.0001
0.0001
0.0001
0.0001
0.0001
0.0001
0.0001
0.0001
0.0001
0.0001
0.0001
0.00631579
0.00631579
0.00631579
0.00631579
0.00631579
0.00631579
0.00631579
0.00631579
0.00631579
0.00631579
0.00631579
0.00631579
0.00631579
0.00631579
0.00631579
0.00631579
0.00631579
0.00631579
0.00631579
0.00631579
0.00631579
0.00631579
0.00631579
0.00631579
0.00631579
0.00631579
0.00631579
0.00631579
0.00631579
0.00631579
0.00631579
0.00631579
0.00631579
0.00631579
0.00631579
0.00631579
0.00631579
0.00631579
0.00631579
0.00631579
0.00631579
0.00631579
0.00631579
0.00631579
0.00631579
0.00631579
0.00631579
0.00631579
0.00631579
0.00631579
0.00631579
0.00631579
0.00631579
0.00631579
0.00631579
0.00631579
0.00631579
0.00631579
0.00631579
0.00631579
0.00631579
0.0001
0.00695527
0.0001
0.0001
0.0001
0.0001
0.0001
0.0001
0.0001
0.0001
0.0001
0.0001
0.0001
0.0001
0.0001
0.0001
0.0001
0.0001
0.0001
0.0001
0.0001
0.0001
0.0001
0.0001
0.0001
0.0001
0.0001
0.0001
0.0001
0.0001
0.0001
0.0001
0.0001
0.0001
0.0001
0.00631579
0.00631579
0.00631579
0.00631579
0.00631579
0.00631579
0.00631579
0.00631579
0.00631579
0.00631579
0.00631579
0.00631579
0.00631579
0.00631579
0.00631579
0.00631579
0.00631579
0.00631579
0.00631579
0.00631579
0.00631579
0.00631579
0.00631579
0.00631579
0.00631579
0.00631579
0.00631579
0.00631579
0.00631579
0.00631579
0.00631579
0.00631579
0.00631579
0.00631579
0.00631579
0.00631579
0.00631579
0.00631579
0.00631579
0.00631579
0.00631579
0.00631579
0.00631579
0.00631579
0.00631579
0.00631579
0.00631579
0.00631579
0.00631579
0.00631579
0.00631579
0.00631579
0.00631579
0.00631579
0.00631579
0.00631579
0.00631579
0.00631579
0.00631579
0.00631579
0.00631579
0.00631579
0.00631579
0.00631579
0.00637557
0.00684995
0.00731599
0.00631579
0.00631579
0.00673908
0.00662873
0.00653306
0.00681237
0.00728181
0.00640706
0.00631579
0.00631579
0.0072684
0.00748044
0.00748044
0.00748044
0.00748044
0.0001
0.0001
0.0001
0.0001
0.0001
0.0001
0.0001
0.0001
0.0001
0.0001
0.0001
0.0001
0.0001
0.0001
0.00631579
0.00631579
0.00631579
0.00631579
0.00631579
0.00631579
0.00631579
0.00631579
0.00631579
0.00631579
0.00631579
0.00631579
0.00631579
0.00631579
0.00631579
0.00631579
0.00631579
0.00631579
0.00631579
0.00631579
0.00631579
0.00631579
0.00631579
0.00631579
0.00631579
0.00631579
0.00631579
0.00631579
0.00631579
0.00631579
0.00631579
0.00631579
0.00631579
0.00631579
0.00631579
0.00631579
0.00631579
0.00631579
0.00631579
0.00631579
0.00631579
0.00631579
0.00631579
0.00631579
0.00631579
0.00631579
0.00631579
0.00631579
0.00631579
0.00631579
0.00631579
0.00631579
0.00631579
0.00631579
0.00631579
0.00631579
0.00631579
0.00631579
0.00631579
0.00631579
0.00631579
0.00631579
0.00631579
0.00631579
0.00631579
0.00725107
0.00631579
0.00745799
0.00631579
0.00631579
0.00631579
0.00631579
0.00631579
0.00631579
0.00631579
0.00631579
0.00631579
0.00631579
0.00631579
0.00631579
0.00631579
0.00631579
0.00631579
0.00631579
0.00631579
0.00631579
0.00741515
0.00748044
0.0001
0.00741936
0.00740981
0.0001
0.0001
0.0001
0.0001
0.0001
0.00631579
0.00631579
0.00631579
0.00631579
0.00631579
0.00631579
0.00631579
0.00631579
0.00631579
0.00631579
0.00631579
0.00631579
0.00631579
0.00631579
0.00631579
0.00631579
0.00631579
0.00631579
0.00631579
0.00631579
0.00631579
0.00631579
0.00631579
0.00631579
0.00631579
0.00631579
0.00631579
0.00631579
0.00631579
0.00631579
0.00631579
0.00631579
0.00631579
0.00631579
0.00631579
0.00631579
0.00631579
0.00631579
0.00631579
0.00631579
0.00631579
0.00631579
0.00631579
0.00631579
0.00631579
0.00631579
0.00631579
0.00631579
0.00631579
0.00631579
0.00631579
0.00631579
0.00631579
0.00631579
0.00631579
0.00631579
0.00631579
0.00631579
0.00631579
0.00631579
0.00631579
0.00631579
0.00631579
0.00631579
0.00631579
0.00631579
0.00631579
0.00631579
0.00631579
0.00631579
0.00631579
0.00631579
0.00631579
0.00631579
0.00631579
0.00631579
0.00631579
0.00631579
0.00631579
0.00631579
0.00631579
0.00631579
0.00631579
0.00631579
0.00631579
0.00631579
0.00631579
0.00631579
0.00631579
0.00631579
0.00631579
0.00631579
0.00631579
0.00631579
0.00631579
0.00708358
0.00631579
0.00631579
0.00631579
0.00631579
0.00631579
0.00631579
0.00631579
0.00631579
0.00631579
0.00631579
0.00631579
0.00631579
0.00631579
0.00631579
0.00631579
0.00631579
0.00631579
0.00631579
0.00631579
0.00631579
0.00631579
0.00631579
0.00631579
0.00631579
0.00631579
0.00631579
0.00631579
0.00631579
0.00631579
0.00631579
0.00631579
0.00631579
0.00631579
0.00631579
0.00631579
0.00631579
0.00631579
0.00631579
0.00631579
0.00631579
0.00631579
0.00631579
0.00631579
0.00631579
0.00631579
0.00631579
0.00631579
0.00631579
0.00631579
0.00631579
0.00631579
0.00631579
0.00631579
0.00631579
0.00631579
0.00631579
0.00631579
0.00631579
0.00631579
0.00631579
0.00631579
0.00631579
0.00631579
0.00631579
0.00631579
0.00631579
0.00631579
0.00631579
0.00631579
0.00631579
0.00631579
0.00631579
0.00631579
0.00631579
0.00631579
0.00631579
0.00631579
0.00631579
0.00631579
0.00631579
0.00631579
0.00631579
0.00631579
0.00631579
0.00631579
0.00631579
0.00631579
0.00631579
0.00631579
0.00631579
0.00631579
0.00631579
0.00631579
0.00631579
0.00631579
0.00631579
0.00631579
0.00631579
0.00631579
0.00631579
0.00631579
0.00631579
0.00631579
0.00631579
0.00631579
0.00631579
0.00631579
0.00631579
0.00631579
0.00631579
0.00631579
0.00631579
0.00631579
0.00631579
0.00631579
0.00631579
0.00631579
0.00631579
0.00631579
0.00631579
0.00631579
0.00631579
0.00631579
0.00631579
0.00631579
0.00631579
0.00631579
0.00631579
0.00631579
0.00631579
0.00631579
0.00631579
0.00631579
0.00631579
0.00631579
0.00631579
0.00631579
0.00631579
0.00631579
0.00631579
0.00631579
0.00631579
0.00631579
0.00631579
0.00631579
0.00631579
0.00631579
0.00631579
0.00631579
0.00631579
0.00631579
0.00631579
0.00631579
0.00631579
0.00631579
0.00631579
0.00631579
0.00631579
0.00631579
0.00631579
0.00631579
0.00631579
0.00631579
0.00631579
0.00631579
0.00631579
0.00631579
0.00631579
0.00631579
0.00631579
0.00631579
0.00631579
0.00631579
0.00631579
0.00631579
0.00631579
0.00631579
0.00631579
0.00631579
0.00631579
0.00631579
0.00631579
0.00631579
0.00631579
0.00631579
0.00631579
0.00631579
0.00631579
0.00631579
0.00631579
0.00631579
0.00748044
0.00631579
0.00631579
0.00631579
0.00631579
0.00631579
0.00631579
0.00631579
0.00631579
0.00631579
0.00631579
0.00631579
0.00631579
0.00631579
0.00631579
0.00631579
0.00631579
0.00631579
0.00631579
0.00631579
0.00631579
0.00631579
0.00631579
0.00631579
0.00631579
0.00631579
0.00631579
0.00631579
0.00631579
0.00631579
0.00631579
0.00631579
0.00631579
0.00631579
0.00631579
0.00631579
0.00631579
0.00631579
0.00631579
0.00631579
0.00631579
0.00631579
0.00631579
0.00631579
0.00631579
0.00631579
0.00631579
0.00631579
0.00631579
0.00631579
0.00631579
0.00631579
0.00631579
0.00631579
0.00631579
0.00631579
0.00631579
0.00631579
0.00631579
0.00631579
0.00631579
0.00631579
0.00736273
0.00665825
0.00748044
0.00738356
0.00735556
0.00723447
0.0072308
0.00728278
0.00725474
0.0072223
0.00747704
0.00729688
0.00734183
0.00743893
0.00743562
0.00704691
0.00727687
0.00644342
0.00631579
0.00631579
0.00697523
0.0071365
0.00687027
0.00649044
0.00650396
0.00748044
0.00748044
0.00748044
0.0001
0.0001
0.0001
0.0001
0.0001
0.0001
0.0001
0.00631579
0.00631579
0.00631579
0.00631579
0.00631579
0.00631579
0.00631579
0.00631579
0.00631579
0.00631579
0.00631579
0.00631579
0.00631579
0.00631579
0.00631579
0.00631579
0.00631579
0.00631579
0.00631579
0.00631579
0.00631579
0.00631579
0.00631579
0.00631579
0.00631579
0.00631579
0.00631579
0.00631579
0.00631579
0.00631579
0.00631579
0.00631579
0.00631579
0.00631579
0.00631579
0.00631579
0.00631579
0.00631579
0.00631579
0.00631579
0.00631579
0.00631579
0.00631579
0.00631579
0.00631579
0.00631579
0.00631579
0.00631579
0.00631579
0.00631579
0.00631579
0.00631579
0.00631579
0.00631579
0.00631579
0.00631579
0.00631579
0.00631579
0.00631579
0.00631579
0.00631579
0.0001
0.00745686
0.0001
0.0001
0.0001
0.0001
0.0001
0.0001
0.0001
0.0001
0.0001
0.0001
0.0001
0.0001
0.0001
0.0001
0.0001
0.0001
0.0001
0.0001
0.0001
0.0001
0.0001
0.0001
0.0001
0.0001
0.0001
0.0001
0.0001
0.0001
0.0001
0.0001
0.0001
0.0001
0.0001
0.00631579
0.00631579
0.00631579
0.00631579
0.00631579
0.00631579
0.00631579
0.00631579
0.00631579
0.00631579
0.00631579
0.00631579
0.00631579
0.00631579
0.00631579
0.00631579
0.00631579
0.00631579
0.00631579
0.00631579
0.00631579
0.00631579
0.00631579
0.00631579
0.00631579
0.00631579
0.00631579
0.00631579
0.00631579
0.00631579
0.00631579
0.00631579
0.00631579
0.00631579
0.00631579
0.00631579
0.00631579
0.00631579
0.00631579
0.00631579
0.00631579
0.00631579
0.00631579
0.00631579
0.00631579
0.00631579
0.00631579
0.00631579
0.00631579
0.00631579
0.00631579
0.00631579
0.00631579
0.00631579
0.00631579
0.00631579
0.00631579
0.00631579
0.00631579
0.00631579
0.00631579
0.0001
0.0001
0.0001
0.0001
0.0001
0.0001
0.0001
0.0001
0.0001
0.0001
0.0001
0.0001
0.0001
0.0001
0.0001
0.0001
0.0001
0.0001
0.0001
0.0001
0.0001
0.0001
0.0001
0.0001
0.0001
0.0001
0.0001
0.0001
0.0001
0.0001
0.0001
0.0001
0.0001
0.0001
0.0001
0.00631579
0.00631579
0.00631579
0.00631579
0.00631579
0.00631579
0.00631579
0.00631579
0.00631579
0.00631579
0.00631579
0.00631579
0.00631579
0.00631579
0.00631579
0.00631579
0.00631579
0.00631579
0.00631579
0.00631579
0.00631579
0.00631579
0.00631579
0.00631579
0.00631579
0.00631579
0.00631579
0.00631579
0.00631579
0.00631579
0.00631579
0.00631579
0.00631579
0.00631579
0.00631579
0.00631579
0.00631579
0.00631579
0.00631579
0.00631579
0.00631579
0.00631579
0.00631579
0.00631579
0.00631579
0.00631579
0.00631579
0.00631579
0.00631579
0.00631579
0.00631579
0.00631579
0.00631579
0.00631579
0.00631579
0.00631579
0.00631579
0.00631579
0.00631579
0.00631579
0.00631579
0.0001
0.0001
0.0001
0.0001
0.0001
0.0001
0.0001
0.0001
0.0001
0.0001
0.0001
0.0001
0.0001
0.0001
0.0001
0.0001
0.0001
0.0001
0.0001
0.0001
0.0001
0.0001
0.0001
0.0001
0.0001
0.0001
0.0001
0.0001
0.0001
0.0001
0.0001
0.0001
0.0001
0.0001
0.0001
0.00631579
0.00631579
0.00631579
0.00631579
0.00631579
0.00631579
0.00631579
0.00631579
0.00631579
0.00631579
0.00631579
0.00631579
0.00631579
0.00631579
0.00631579
0.00631579
0.00631579
0.00631579
0.00631579
0.00631579
0.00631579
0.00631579
0.00631579
0.00631579
0.00631579
0.00631579
0.00631579
0.00631579
0.00631579
0.00631579
0.00631579
0.00631579
0.00631579
0.00631579
0.00631579
0.00631579
0.00631579
0.00631579
0.00631579
0.00631579
0.00631579
0.00631579
0.00631579
0.00631579
0.00631579
0.00631579
0.00631579
0.00631579
0.00631579
0.00631579
0.00631579
0.00631579
0.00631579
0.00631579
0.00631579
0.00631579
0.00631579
0.00631579
0.00631579
0.00631579
0.00631579
0.0001
0.0001
0.0001
0.0001
0.0001
0.0001
0.0001
0.0001
0.0001
0.0001
0.0001
0.0001
0.0001
0.0001
0.0001
0.0001
0.0001
0.0001
0.0001
0.0001
0.0001
0.0001
0.0001
0.0001
0.0001
0.0001
0.0001
0.0001
0.0001
0.0001
0.0001
0.0001
0.0001
0.0001
0.0001
0.00631579
0.00631579
0.00631579
0.00631579
0.00631579
0.00631579
0.00631579
0.00631579
0.00631579
0.00631579
0.00631579
0.00631579
0.00631579
0.00631579
0.00631579
0.00631579
0.00631579
0.00631579
0.00631579
0.00631579
0.00631579
0.00631579
0.00631579
0.00631579
0.00631579
0.00631579
0.00631579
0.00631579
0.00631579
0.00631579
0.00631579
0.00631579
0.00631579
0.00631579
0.00631579
0.00631579
0.00631579
0.00631579
0.00631579
0.00631579
0.00631579
0.00631579
0.00631579
0.00631579
0.00631579
0.00631579
0.00631579
0.00631579
0.00631579
0.00631579
0.00631579
0.00631579
0.00631579
0.00631579
0.00631579
0.00631579
0.00631579
0.00631579
0.00631579
0.00631579
0.00631579
0.00721823
0.0001
0.0001
0.0001
0.0001
0.0001
0.0001
0.0001
0.0001
0.0001
0.0001
0.0001
0.0001
0.0001
0.0001
0.0001
0.0001
0.0001
0.0001
0.0001
0.0001
0.0001
0.0001
0.0001
0.0001
0.0001
0.0001
0.0001
0.0001
0.0001
0.0001
0.0001
0.0001
0.0001
0.0001
0.00631579
0.00631579
0.00631579
0.00631579
0.00631579
0.00631579
0.00631579
0.00631579
0.00631579
0.00631579
0.00631579
0.00631579
0.00631579
0.00631579
0.00631579
0.00631579
0.00631579
0.00631579
0.00631579
0.00631579
0.00631579
0.00631579
0.00631579
0.00631579
0.00631579
0.00631579
0.00631579
0.00631579
0.00631579
0.00631579
0.00631579
0.00631579
0.00631579
0.00631579
0.00631579
0.00631579
0.00631579
0.00631579
0.00631579
0.00631579
0.00631579
0.00631579
0.00631579
0.00631579
0.00631579
0.00631579
0.00631579
0.00631579
0.00631579
0.00631579
0.00631579
0.00631579
0.00631579
0.00631579
0.00631579
0.00631579
0.00631579
0.00631579
0.00631579
0.00631579
0.00631579
0.00631579
0.00748044
0.0001
0.0001
0.0001
0.0001
0.0001
0.0001
0.0001
0.0001
0.0001
0.0001
0.0001
0.0001
0.0001
0.0001
0.0001
0.0001
0.0001
0.0001
0.0001
0.0001
0.0001
0.0001
0.0001
0.0001
0.0001
0.0001
0.0001
0.0001
0.0001
0.0001
0.0001
0.0001
0.0001
0.00631579
0.00631579
0.00631579
0.00631579
0.00631579
0.00631579
0.00631579
0.00631579
0.00631579
0.00631579
0.00631579
0.00631579
0.00631579
0.00631579
0.00631579
0.00631579
0.00631579
0.00631579
0.00631579
0.00631579
0.00631579
0.00631579
0.00631579
0.00631579
0.00631579
0.00631579
0.00631579
0.00631579
0.00631579
0.00631579
0.00631579
0.00631579
0.00631579
0.00631579
0.00631579
0.00631579
0.00631579
0.00631579
0.00631579
0.00631579
0.00631579
0.00631579
0.00631579
0.00631579
0.00631579
0.00631579
0.00631579
0.00631579
0.00631579
0.00631579
0.00631579
0.00631579
0.00631579
0.00631579
0.00631579
0.00631579
0.00631579
0.00631579
0.00631579
0.00631579
0.00631579
0.00631579
0.00748044
0.0001
0.0001
0.0001
0.0001
0.0001
0.0001
0.0001
0.0001
0.0001
0.0001
0.0001
0.0001
0.0001
0.0001
0.0001
0.0001
0.0001
0.0001
0.0001
0.0001
0.0001
0.0001
0.0001
0.0001
0.0001
0.0001
0.0001
0.0001
0.0001
0.0001
0.0001
0.0001
0.0001
0.00631579
0.00631579
0.00631579
0.00631579
0.00631579
0.00631579
0.00631579
0.00631579
0.00631579
0.00631579
0.00631579
0.00631579
0.00631579
0.00631579
0.00631579
0.00631579
0.00631579
0.00631579
0.00631579
0.00631579
0.00631579
0.00631579
0.00631579
0.00631579
0.00631579
0.00631579
0.00631579
0.00631579
0.00631579
0.00631579
0.00631579
0.00631579
0.00631579
0.00631579
0.00631579
0.00631579
0.00631579
0.00631579
0.00631579
0.00631579
0.00631579
0.00631579
0.00631579
0.00631579
0.00631579
0.00631579
0.00631579
0.00631579
0.00631579
0.00631579
0.00631579
0.00631579
0.00631579
0.00631579
0.00631579
0.00631579
0.00631579
0.00631579
0.00631579
0.00631579
0.00631579
0.00663167
0.0001
0.0001
0.0001
0.0001
0.0001
0.0001
0.0001
0.0001
0.0001
0.0001
0.0001
0.0001
0.0001
0.0001
0.0001
0.0001
0.0001
0.0001
0.0001
0.0001
0.0001
0.0001
0.0001
0.0001
0.0001
0.0001
0.0001
0.0001
0.0001
0.0001
0.0001
0.0001
0.0001
0.0001
0.00631579
0.00631579
0.00631579
0.00631579
0.00631579
0.00631579
0.00631579
0.00631579
0.00631579
0.00631579
0.00631579
0.00631579
0.00631579
0.00631579
0.00631579
0.00631579
0.00631579
0.00631579
0.00631579
0.00631579
0.00631579
0.00631579
0.00631579
0.00631579
0.00631579
0.00631579
0.00631579
0.00631579
0.00631579
0.00631579
0.00631579
0.00631579
0.00631579
0.00631579
0.00631579
0.00631579
0.00631579
0.00631579
0.00631579
0.00631579
0.00631579
0.00631579
0.00631579
0.00631579
0.00631579
0.00631579
0.00631579
0.00631579
0.00631579
0.00631579
0.00631579
0.00631579
0.00631579
0.00631579
0.00631579
0.00631579
0.00631579
0.00631579
0.00631579
0.00631579
0.00631579
0.00748044
0.0001
0.0001
0.0001
0.0001
0.0001
0.0001
0.0001
0.0001
0.0001
0.0001
0.0001
0.0001
0.0001
0.0001
0.0001
0.0001
0.0001
0.0001
0.0001
0.0001
0.0001
0.0001
0.0001
0.0001
0.0001
0.0001
0.0001
0.0001
0.0001
0.0001
0.0001
0.0001
0.0001
0.0001
0.00631579
0.00631579
0.00631579
0.00631579
0.00631579
0.00631579
0.00631579
0.00631579
0.00631579
0.00631579
0.00631579
0.00631579
0.00631579
0.00631579
0.00631579
0.00631579
0.00631579
0.00631579
0.00631579
0.00631579
0.00631579
0.00631579
0.00631579
0.00631579
0.00631579
0.00631579
0.00631579
0.00631579
0.00631579
0.00631579
0.00631579
0.00631579
0.00631579
0.00631579
0.00631579
0.00631579
0.00631579
0.00631579
0.00631579
0.00631579
0.00631579
0.00631579
0.00631579
0.00631579
0.00631579
0.00631579
0.00631579
0.00631579
0.00631579
0.00631579
0.00631579
0.00631579
0.00631579
0.00631579
0.00631579
0.00631579
0.00631579
0.00631579
0.00631579
0.00631579
0.00631579
0.00748044
0.0001
0.0001
0.0001
0.0001
0.0001
0.0001
0.0001
0.0001
0.0001
0.0001
0.0001
0.0001
0.0001
0.0001
0.0001
0.0001
0.0001
0.0001
0.0001
0.0001
0.0001
0.0001
0.0001
0.0001
0.0001
0.0001
0.0001
0.0001
0.0001
0.0001
0.0001
0.0001
0.0001
0.0001
0.00631579
0.00631579
0.00631579
0.00631579
0.00631579
0.00631579
0.00631579
0.00631579
0.00631579
0.00631579
0.00631579
0.00631579
0.00631579
0.00631579
0.00631579
0.00631579
0.00631579
0.00631579
0.00631579
0.00631579
0.00631579
0.00631579
0.00631579
0.00631579
0.00631579
0.00631579
0.00631579
0.00631579
0.00631579
0.00631579
0.00631579
0.00631579
0.00631579
0.00631579
0.00631579
0.00631579
0.00631579
0.00631579
0.00631579
0.00631579
0.00631579
0.00631579
0.00631579
0.00631579
0.00631579
0.00631579
0.00631579
0.00631579
0.00631579
0.00631579
0.00631579
0.00631579
0.00631579
0.00631579
0.00631579
0.00631579
0.00631579
0.00631579
0.00631579
0.00631579
0.00631579
0.00631579
0.00634884
0.00703073
0.00748044
0.00747905
0.00748044
0.00748044
0.00747735
0.0001
0.0001
0.0001
0.00748044
0.00748044
0.0001
0.0001
0.0001
0.0001
0.0001
0.0001
0.0001
0.0001
0.0001
0.0001
0.0001
0.0001
0.0001
0.0001
0.0001
0.0001
0.0001
0.0001
0.0001
0.0001
0.0001
0.0001
0.00631579
0.00631579
0.00631579
0.00631579
0.00631579
0.00631579
0.00631579
0.00631579
0.00631579
0.00631579
0.00631579
0.00631579
0.00631579
0.00631579
0.00631579
0.00631579
0.00631579
0.00631579
0.00631579
0.00631579
0.00631579
0.00631579
0.00631579
0.00631579
0.00631579
0.00631579
0.00631579
0.00631579
0.00631579
0.00631579
0.00631579
0.00631579
0.00631579
0.00631579
0.00631579
0.00631579
0.00631579
0.00631579
0.00631579
0.00631579
0.00631579
0.00631579
0.00631579
0.00631579
0.00631579
0.00631579
0.00631579
0.00631579
0.00631579
0.00631579
0.00631579
0.00631579
0.00631579
0.00631579
0.00631579
0.00631579
0.00631579
0.00631579
0.00631579
0.00631579
0.00631579
0.00631579
0.00631579
0.00631579
0.00631579
0.00631579
0.00631579
0.00631579
0.00631579
0.00631579
0.00631579
0.00631579
0.00631579
0.00631579
0.00713122
0.0072869
0.00685391
0.00706341
0.00723899
0.00736337
0.00746896
0.00748044
0.00748044
0.0001
0.00748044
0.00748044
0.0001
0.0001
0.0001
0.0001
0.0001
0.0001
0.0001
0.0001
0.0001
0.0001
0.00631579
0.00631579
0.00631579
0.00631579
0.00631579
0.00631579
0.00631579
0.00631579
0.00631579
0.00631579
0.00631579
0.00631579
0.00631579
0.00631579
0.00631579
0.00631579
0.00631579
0.00631579
0.00631579
0.00631579
0.00631579
0.00631579
0.00631579
0.00631579
0.00631579
0.00631579
0.00631579
0.00631579
0.00631579
0.00631579
0.00631579
0.00631579
0.00631579
0.00631579
0.00631579
0.00631579
0.00631579
0.00631579
0.00631579
0.00631579
0.00631579
0.00631579
0.00631579
0.00631579
0.00631579
0.00631579
0.00631579
0.00631579
0.00631579
0.00631579
0.00631579
0.00631579
0.00631579
0.00631579
0.00631579
0.00631579
0.00631579
0.00631579
0.00631579
0.00631579
0.00631579
0.00631579
0.00631579
0.00631579
0.00631579
0.00631579
0.00631579
0.00631579
0.00631579
0.00631579
0.00631579
0.00631579
0.00631579
0.00631579
0.00631579
0.00631579
0.00694884
0.00631579
0.00631579
0.00699361
0.00631579
0.00631579
0.00631579
0.00631579
0.00631579
0.00631579
0.00631579
0.00631579
0.00709834
0.00652997
0.00706426
0.00688095
0.00738981
0.00746843
0.00748044
0.00748044
0.00631579
0.00631579
0.00631579
0.00631579
0.00631579
0.00631579
0.00631579
0.00631579
0.00631579
0.00631579
0.00631579
0.00631579
0.00631579
0.00631579
0.00631579
0.00631579
0.00631579
0.00631579
0.00631579
0.00631579
0.00631579
0.00631579
0.00631579
0.00631579
0.00631579
0.00631579
0.00631579
0.00631579
0.00631579
0.00631579
0.00631579
0.00631579
0.00631579
0.00631579
0.00631579
0.00631579
0.00631579
0.00631579
0.00631579
0.00631579
0.00631579
0.00631579
0.00631579
0.00631579
0.00631579
0.00631579
0.00631579
0.00631579
0.00631579
0.00631579
0.00631579
0.00631579
0.00631579
0.00631579
0.00631579
0.00631579
0.00631579
0.00631579
0.00631579
0.00631579
0.00631579
0.00631579
0.00631579
0.00631579
0.00631579
0.00631579
0.00631579
0.00631579
0.00631579
0.00631579
0.00631579
0.00631579
0.00631579
0.00631579
0.00631579
0.00631579
0.00631579
0.00631579
0.00631579
0.00631579
0.00631579
0.00631579
0.00631579
0.00631579
0.00631579
0.00631579
0.00631579
0.00631579
0.00748044
0.0001
0.0001
0.0001
0.0001
0.0001
0.0001
0.00738988
0.00631579
0.00631579
0.00631579
0.00631579
0.00631579
0.00631579
0.00631579
0.00631579
0.00631579
0.00631579
0.00631579
0.00631579
0.00631579
0.00631579
0.00631579
0.00631579
0.00631579
0.00631579
0.00631579
0.00631579
0.00631579
0.00631579
0.00631579
0.00631579
0.00631579
0.00631579
0.00631579
0.00631579
0.00631579
0.00631579
0.00631579
0.00631579
0.00631579
0.00631579
0.00631579
0.00631579
0.00631579
0.00631579
0.00631579
0.00631579
0.00631579
0.00631579
0.00631579
0.00631579
0.00631579
0.00631579
0.00631579
0.00631579
0.00631579
0.00631579
0.00631579
0.00631579
0.00631579
0.00631579
0.00631579
0.00631579
0.00631579
0.00631579
0.00631579
0.00631579
0.00631579
0.00631579
0.00631579
0.00631579
0.00631579
0.00720941
0.00631579
0.00666567
0.00633305
0.00730062
0.0073901
0.0001
0.0001
0.00748044
0.00739524
0.00631579
0.00631579
0.00631579
0.00631579
0.00631579
0.00631579
0.00719963
0.00631579
0.00631579
0.00631579
0.00631579
0.00731714
0.00631579
0.00631579
0.00696885
0.00738243
0.00748044
0.00748044
0.0001
0.0001
0.0001
0.00631579
0.00631579
0.00631579
0.00631579
0.00631579
0.00631579
0.00631579
0.00631579
0.00631579
0.00631579
0.00631579
0.00631579
0.00631579
0.00631579
0.00631579
0.00631579
0.00631579
0.00631579
0.00631579
0.00631579
0.00631579
0.00631579
0.00631579
0.00631579
0.00631579
0.00631579
0.00631579
0.00631579
0.00631579
0.00631579
0.00631579
0.00631579
0.00631579
0.00631579
0.00631579
0.00631579
0.00631579
0.00631579
0.00631579
0.00631579
0.00631579
0.00631579
0.00631579
0.00631579
0.00631579
0.00631579
0.00631579
0.00631579
0.00631579
0.00631579
0.00631579
0.00631579
0.00631579
0.00631579
0.00631579
0.00631579
0.00631579
0.00631579
0.00631579
0.00631579
0.00631579
0.00745541
0.00745302
0.00748044
0.00746997
0.00748044
0.0001
0.0001
0.0001
0.0001
0.00744513
0.0001
0.0001
0.0001
0.0001
0.0001
0.0001
0.0001
0.0001
0.0001
0.0001
0.0001
0.0001
0.0001
0.0001
0.0001
0.0001
0.0001
0.0001
0.0001
0.0001
0.0001
0.0001
0.0001
0.0001
0.0001
0.00631579
0.00631579
0.00631579
0.00631579
0.00631579
0.00631579
0.00631579
0.00631579
0.00631579
0.00631579
0.00631579
0.00631579
0.00631579
0.00631579
0.00631579
0.00631579
0.00631579
0.00631579
0.00631579
0.00631579
0.00631579
0.00631579
0.00631579
0.00631579
0.00631579
0.00631579
0.00631579
0.00631579
0.00631579
0.00631579
0.00631579
0.00631579
0.00631579
0.00631579
0.00631579
0.00631579
0.00631579
0.00631579
0.00631579
0.00631579
0.00631579
0.00631579
0.00631579
0.00631579
0.00631579
0.00631579
0.00631579
0.00631579
0.00631579
0.00631579
0.00631579
0.00631579
0.00631579
0.00631579
0.00631579
0.00631579
0.00631579
0.00631579
0.00631579
0.00631579
0.00631579
0.0001
0.0001
0.0001
0.0001
0.0001
0.0001
0.0001
0.0001
0.0001
0.0001
0.0001
0.0001
0.0001
0.0001
0.0001
0.0001
0.0001
0.0001
0.0001
0.0001
0.0001
0.0001
0.0001
0.0001
0.0001
0.0001
0.0001
0.0001
0.0001
0.0001
0.0001
0.0001
0.0001
0.0001
0.0001
0.00631579
0.00631579
0.00631579
0.00631579
0.00631579
0.00631579
0.00631579
0.00631579
0.00631579
0.00631579
0.00631579
0.00631579
0.00631579
0.00631579
0.00631579
0.00631579
0.00631579
0.00631579
0.00631579
0.00631579
0.00631579
0.00631579
0.00631579
0.00631579
0.00631579
0.00631579
0.00631579
0.00631579
0.00631579
0.00631579
0.00631579
0.00631579
0.00631579
0.00631579
0.00631579
0.00631579
0.00631579
0.00631579
0.00631579
0.00631579
0.00631579
0.00631579
0.00631579
0.00631579
0.00631579
0.00631579
0.00631579
0.00631579
0.00631579
0.00631579
0.00631579
0.00631579
0.00631579
0.00631579
0.00631579
0.00631579
0.00631579
0.00631579
0.00631579
0.00631579
0.00631579
0.0001
0.0001
0.0001
0.0001
0.0001
0.0001
0.0001
0.0001
0.0001
0.0001
0.0001
0.0001
0.0001
0.0001
0.0001
0.0001
0.0001
0.0001
0.0001
0.0001
0.0001
0.0001
0.0001
0.0001
0.0001
0.0001
0.0001
0.0001
0.0001
0.0001
0.0001
0.0001
0.0001
0.0001
0.0001
0.00631579
0.00631579
0.00631579
0.00631579
0.00631579
0.00631579
0.00631579
0.00631579
0.00631579
0.00631579
0.00631579
0.00631579
0.00631579
0.00631579
0.00631579
0.00631579
0.00631579
0.00631579
0.00631579
0.00631579
0.00631579
0.00631579
0.00631579
0.00631579
0.00631579
0.00631579
0.00631579
0.00631579
0.00631579
0.00631579
0.00631579
0.00631579
0.00631579
0.00631579
0.00631579
0.00631579
0.00631579
0.00631579
0.00631579
0.00631579
0.00631579
0.00631579
0.00631579
0.00631579
0.00631579
0.00631579
0.00631579
0.00631579
0.00631579
0.00631579
0.00631579
0.00631579
0.00631579
0.00631579
0.00631579
0.00631579
0.00631579
0.00631579
0.00631579
0.00631579
0.00631579
0.0001
0.0001
0.0001
0.0001
0.0001
0.0001
0.0001
0.0001
0.0001
0.0001
0.0001
0.0001
0.0001
0.0001
0.0001
0.0001
0.0001
0.0001
0.0001
0.0001
0.0001
0.0001
0.0001
0.0001
0.0001
0.0001
0.0001
0.0001
0.0001
0.0001
0.0001
0.0001
0.0001
0.0001
0.0001
0.00631579
0.00631579
0.00631579
0.00631579
0.00631579
0.00631579
0.00631579
0.00631579
0.00631579
0.00631579
0.00631579
0.00631579
0.00631579
0.00631579
0.00631579
0.00631579
0.00631579
0.00631579
0.00631579
0.00631579
0.00631579
0.00631579
0.00631579
0.00631579
0.00631579
0.00631579
0.00631579
0.00631579
0.00631579
0.00631579
0.00631579
0.00631579
0.00631579
0.00631579
0.00631579
0.00631579
0.00631579
0.00631579
0.00631579
0.00631579
0.00631579
0.00631579
0.00631579
0.00631579
0.00631579
0.00631579
0.00631579
0.00631579
0.00631579
0.00631579
0.00631579
0.00631579
0.00631579
0.00631579
0.00631579
0.00631579
0.00631579
0.00631579
0.00631579
0.00631579
0.00631579
0.00744093
0.0001
0.0001
0.0001
0.0001
0.0001
0.0001
0.0001
0.0001
0.0001
0.0001
0.0001
0.0001
0.0001
0.0001
0.0001
0.0001
0.0001
0.0001
0.0001
0.0001
0.0001
0.0001
0.0001
0.0001
0.0001
0.0001
0.0001
0.0001
0.0001
0.0001
0.0001
0.0001
0.0001
0.0001
0.00631579
0.00631579
0.00631579
0.00631579
0.00631579
0.00631579
0.00631579
0.00631579
0.00631579
0.00631579
0.00631579
0.00631579
0.00631579
0.00631579
0.00631579
0.00631579
0.00631579
0.00631579
0.00631579
0.00631579
0.00631579
0.00631579
0.00631579
0.00631579
0.00631579
0.00631579
0.00631579
0.00631579
0.00631579
0.00631579
0.00631579
0.00631579
0.00631579
0.00631579
0.00631579
0.00631579
0.00631579
0.00631579
0.00631579
0.00631579
0.00631579
0.00631579
0.00631579
0.00631579
0.00631579
0.00631579
0.00631579
0.00631579
0.00631579
0.00631579
0.00631579
0.00631579
0.00631579
0.00631579
0.00631579
0.00631579
0.00631579
0.00631579
0.00631579
0.00631579
0.00631579
0.00679046
0.00748044
0.0001
0.0001
0.0001
0.0001
0.0001
0.0001
0.0001
0.0001
0.0001
0.0001
0.0001
0.0001
0.0001
0.0001
0.0001
0.0001
0.0001
0.0001
0.0001
0.0001
0.0001
0.0001
0.0001
0.0001
0.0001
0.0001
0.0001
0.0001
0.0001
0.0001
0.0001
0.0001
0.0001
0.00631579
0.00631579
0.00631579
0.00631579
0.00631579
0.00631579
0.00631579
0.00631579
0.00631579
0.00631579
0.00631579
0.00631579
0.00631579
0.00631579
0.00631579
0.00631579
0.00631579
0.00631579
0.00631579
0.00631579
0.00631579
0.00631579
0.00631579
0.00631579
0.00631579
0.00631579
0.00631579
0.00631579
0.00631579
0.00631579
0.00631579
0.00631579
0.00631579
0.00631579
0.00631579
0.00631579
0.00631579
0.00631579
0.00631579
0.00631579
0.00631579
0.00631579
0.00631579
0.00631579
0.00631579
0.00631579
0.00631579
0.00631579
0.00631579
0.00631579
0.00631579
0.00631579
0.00631579
0.00631579
0.00631579
0.00631579
0.00631579
0.00631579
0.00631579
0.00631579
0.00631579
0.00631579
0.00748044
0.0001
0.0001
0.0001
0.0001
0.0001
0.0001
0.0001
0.0001
0.0001
0.0001
0.0001
0.0001
0.0001
0.0001
0.0001
0.0001
0.0001
0.0001
0.0001
0.0001
0.0001
0.0001
0.0001
0.0001
0.0001
0.0001
0.0001
0.0001
0.0001
0.0001
0.0001
0.0001
0.0001
0.00631579
0.00631579
0.00631579
0.00631579
0.00631579
0.00631579
0.00631579
0.00631579
0.00631579
0.00631579
0.00631579
0.00631579
0.00631579
0.00631579
0.00631579
0.00631579
0.00631579
0.00631579
0.00631579
0.00631579
0.00631579
0.00631579
0.00631579
0.00631579
0.00631579
0.00631579
0.00631579
0.00631579
0.00631579
0.00631579
0.00631579
0.00631579
0.00631579
0.00631579
0.00631579
0.00631579
0.00631579
0.00631579
0.00631579
0.00631579
0.00631579
0.00631579
0.00631579
0.00631579
0.00631579
0.00631579
0.00631579
0.00631579
0.00631579
0.00631579
0.00631579
0.00631579
0.00631579
0.00631579
0.00631579
0.00631579
0.00631579
0.00631579
0.00631579
0.00631579
0.00631579
0.00740836
0.0001
0.0001
0.0001
0.0001
0.0001
0.0001
0.0001
0.0001
0.0001
0.0001
0.0001
0.0001
0.0001
0.0001
0.0001
0.0001
0.0001
0.0001
0.0001
0.0001
0.0001
0.0001
0.0001
0.0001
0.0001
0.0001
0.0001
0.0001
0.0001
0.0001
0.0001
0.0001
0.0001
0.0001
0.00631579
0.00631579
0.00631579
0.00631579
0.00631579
0.00631579
0.00631579
0.00631579
0.00631579
0.00631579
0.00631579
0.00631579
0.00631579
0.00631579
0.00631579
0.00631579
0.00631579
0.00631579
0.00631579
0.00631579
0.00631579
0.00631579
0.00631579
0.00631579
0.00631579
0.00631579
0.00631579
0.00631579
0.00631579
0.00631579
0.00631579
0.00631579
0.00631579
0.00631579
0.00631579
0.00631579
0.00631579
0.00631579
0.00631579
0.00631579
0.00631579
0.00631579
0.00631579
0.00631579
0.00631579
0.00631579
0.00631579
0.00631579
0.00631579
0.00631579
0.00631579
0.00631579
0.00631579
0.00631579
0.00631579
0.00631579
0.00631579
0.00631579
0.00631579
0.00631579
0.00631579
0.00737096
0.0001
0.0001
0.0001
0.0001
0.0001
0.0001
0.0001
0.0001
0.0001
0.0001
0.0001
0.0001
0.0001
0.0001
0.0001
0.0001
0.0001
0.0001
0.0001
0.0001
0.0001
0.0001
0.0001
0.0001
0.0001
0.0001
0.0001
0.0001
0.0001
0.0001
0.0001
0.0001
0.0001
0.0001
0.00631579
0.00631579
0.00631579
0.00631579
0.00631579
0.00631579
0.00631579
0.00631579
0.00631579
0.00631579
0.00631579
0.00631579
0.00631579
0.00631579
0.00631579
0.00631579
0.00631579
0.00631579
0.00631579
0.00631579
0.00631579
0.00631579
0.00631579
0.00631579
0.00631579
0.00631579
0.00631579
0.00631579
0.00631579
0.00631579
0.00631579
0.00631579
0.00631579
0.00631579
0.00631579
0.00631579
0.00631579
0.00631579
0.00631579
0.00631579
0.00631579
0.00631579
0.00631579
0.00631579
0.00631579
0.00631579
0.00631579
0.00631579
0.00631579
0.00631579
0.00631579
0.00631579
0.00631579
0.00631579
0.00631579
0.00631579
0.00631579
0.00631579
0.00631579
0.00631579
0.00631579
0.00702802
0.0001
0.0001
0.0001
0.0001
0.0001
0.0001
0.0001
0.0001
0.0001
0.0001
0.0001
0.0001
0.0001
0.0001
0.0001
0.0001
0.0001
0.0001
0.0001
0.0001
0.0001
0.0001
0.0001
0.0001
0.0001
0.0001
0.0001
0.0001
0.0001
0.0001
0.0001
0.0001
0.0001
0.0001
0.00631579
0.00631579
0.00631579
0.00631579
0.00631579
0.00631579
0.00631579
0.00631579
0.00631579
0.00631579
0.00631579
0.00631579
0.00631579
0.00631579
0.00631579
0.00631579
0.00631579
0.00631579
0.00631579
0.00631579
0.00631579
0.00631579
0.00631579
0.00631579
0.00631579
0.00631579
0.00631579
0.00631579
0.00631579
0.00631579
0.00631579
0.00631579
0.00631579
0.00631579
0.00631579
0.00631579
0.00631579
0.00631579
0.00631579
0.00631579
0.00631579
0.00631579
0.00631579
0.00631579
0.00631579
0.00631579
0.00631579
0.00631579
0.00631579
0.00631579
0.00631579
0.00631579
0.00631579
0.00631579
0.00631579
0.00631579
0.00631579
0.00631579
0.00631579
0.00631579
0.00631579
0.00735559
0.0001
0.0001
0.0001
0.0001
0.0001
0.0001
0.0001
0.0001
0.0001
0.0001
0.0001
0.0001
0.0001
0.0001
0.0001
0.0001
0.0001
0.0001
0.0001
0.0001
0.0001
0.0001
0.0001
0.0001
0.0001
0.0001
0.0001
0.0001
0.0001
0.0001
0.0001
0.0001
0.0001
0.0001
0.00631579
0.00631579
0.00631579
0.00631579
0.00631579
0.00631579
0.00631579
0.00631579
0.00631579
0.00631579
0.00631579
0.00631579
0.00631579
0.00631579
0.00631579
0.00631579
0.00631579
0.00631579
0.00631579
0.00631579
0.00631579
0.00631579
0.00631579
0.00631579
0.00631579
0.00631579
0.00631579
0.00631579
0.00631579
0.00631579
0.00631579
0.00631579
0.00631579
0.00631579
0.00631579
0.00631579
0.00631579
0.00631579
0.00631579
0.00631579
0.00631579
0.00631579
0.00631579
0.00631579
0.00631579
0.00631579
0.00631579
0.00631579
0.00631579
0.00631579
0.00631579
0.00631579
0.00631579
0.00631579
0.00631579
0.00631579
0.00631579
0.00631579
0.00631579
0.00631579
0.00631579
0.00727137
0.00748044
0.0001
0.0001
0.0001
0.0001
0.0001
0.0001
0.0001
0.0001
0.0001
0.0001
0.0001
0.0001
0.0001
0.0001
0.0001
0.0001
0.0001
0.0001
0.0001
0.0001
0.0001
0.0001
0.0001
0.0001
0.0001
0.0001
0.0001
0.0001
0.0001
0.0001
0.0001
0.0001
0.0001
0.00631579
0.00631579
0.00631579
0.00631579
0.00631579
0.00631579
0.00631579
0.00631579
0.00631579
0.00631579
0.00631579
0.00631579
0.00631579
0.00631579
0.00631579
0.00631579
0.00631579
0.00631579
0.00631579
0.00631579
0.00631579
0.00631579
0.00631579
0.00631579
0.00631579
0.00631579
0.00631579
0.00631579
0.00631579
0.00631579
0.00631579
0.00631579
0.00631579
0.00631579
0.00631579
0.00631579
0.00631579
0.00631579
0.00631579
0.00631579
0.00631579
0.00631579
0.00631579
0.00631579
0.00631579
0.00631579
0.00631579
0.00631579
0.00631579
0.00631579
0.00631579
0.00631579
0.00631579
0.00631579
0.00631579
0.00631579
0.00631579
0.00631579
0.00631579
0.00631579
0.00631579
0.00631579
0.00737515
0.00708515
0.00743917
0.00746231
0.00747813
0.00737894
0.00748044
0.00748044
0.0001
0.0001
0.0001
0.0001
0.0001
0.0001
0.0001
0.0001
0.0001
0.0001
0.0001
0.0001
0.0001
0.0001
0.0001
0.0001
0.0001
0.0001
0.0001
0.0001
0.0001
0.0001
0.0001
0.0001
0.0001
0.0001
0.00631579
0.00631579
0.00631579
0.00631579
0.00631579
0.00631579
0.00631579
0.00631579
0.00631579
0.00631579
0.00631579
0.00631579
0.00631579
0.00631579
0.00631579
0.00631579
0.00631579
0.00631579
0.00631579
0.00631579
0.00631579
0.00631579
0.00631579
0.00631579
0.00631579
0.00631579
0.00631579
0.00631579
0.00631579
0.00631579
0.00631579
0.00631579
0.00631579
0.00631579
0.00631579
0.00631579
0.00631579
0.00631579
0.00631579
0.00631579
0.00631579
0.00631579
0.00631579
0.00631579
0.00631579
0.00631579
0.00631579
0.00631579
0.00631579
0.00631579
0.00631579
0.00631579
0.00631579
0.00631579
0.00631579
0.00631579
0.00631579
0.00631579
0.00631579
0.00631579
0.00631579
0.00712471
0.0069379
0.00745051
0.00631579
0.00631579
0.00705343
0.00636394
0.00712731
0.00748044
0.00748044
0.0001
0.0001
0.0001
0.0001
0.0001
0.0001
0.0001
0.0001
0.0001
0.0001
0.0001
0.0001
0.0001
0.0001
0.0001
0.0001
0.0001
0.0001
0.0001
0.0001
0.0001
0.0001
0.0001
0.0001
0.0001
0.00631579
0.00631579
0.00631579
0.00631579
0.00631579
0.00631579
0.00631579
0.00631579
0.00631579
0.00631579
0.00631579
0.00631579
0.00631579
0.00631579
0.00631579
0.00631579
0.00631579
0.00631579
0.00631579
0.00631579
0.00631579
0.00631579
0.00631579
0.00631579
0.00631579
0.00631579
0.00631579
0.00631579
0.00631579
0.00631579
0.00631579
0.00631579
0.00631579
0.00631579
0.00631579
0.00631579
0.00631579
0.00631579
0.00631579
0.00631579
0.00631579
0.00631579
0.00631579
0.00631579
0.00631579
0.00631579
0.00631579
0.00631579
0.00631579
0.00631579
0.00631579
0.00631579
0.00631579
0.00631579
0.00631579
0.00631579
0.00631579
0.00631579
0.00631579
0.00631579
0.00631579
0.00744267
0.0001
0.0001
0.00748044
0.00748044
0.00748044
0.00743488
0.00748044
0.00748044
0.00748044
0.00713679
0.00741092
0.0001
0.0001
0.0001
0.0001
0.0001
0.00748044
0.00740775
0.00748044
0.00745186
0.0001
0.0001
0.0001
0.0001
0.0001
0.0001
0.0001
0.0001
0.0001
0.0001
0.0001
0.0001
0.0001
0.0001
0.00631579
0.00631579
0.00631579
0.00631579
0.00631579
0.00631579
0.00631579
0.00631579
0.00631579
0.00631579
0.00631579
0.00631579
0.00631579
0.00631579
0.00631579
0.00631579
0.00631579
0.00631579
0.00631579
0.00631579
0.00631579
0.00631579
0.00631579
0.00631579
0.00631579
0.00631579
0.00631579
0.00631579
0.00631579
0.00631579
0.00631579
0.00631579
0.00631579
0.00631579
0.00631579
0.00631579
0.00631579
0.00631579
0.00631579
0.00631579
0.00631579
0.00631579
0.00631579
0.00631579
0.00631579
0.00631579
0.00631579
0.00631579
0.00631579
0.00631579
0.00631579
0.00631579
0.00631579
0.00631579
0.00631579
0.00631579
0.00631579
0.00631579
0.00631579
0.00631579
0.00631579
0.00698386
0.0001
0.00748044
0.0001
0.0001
0.0001
0.0001
0.0001
0.0001
0.0001
0.0001
0.00733665
0.0001
0.0001
0.0001
0.0001
0.0001
0.0001
0.0001
0.0001
0.0001
0.0001
0.0001
0.0001
0.0001
0.0001
0.0001
0.0001
0.0001
0.0001
0.0001
0.0001
0.0001
0.0001
0.0001
0.00631579
0.00631579
0.00631579
0.00631579
0.00631579
0.00631579
0.00631579
0.00631579
0.00631579
0.00631579
0.00631579
0.00631579
0.00631579
0.00631579
0.00631579
0.00631579
0.00631579
0.00631579
0.00631579
0.00631579
0.00631579
0.00631579
0.00631579
0.00631579
0.00631579
0.00631579
0.00631579
0.00631579
0.00631579
0.00631579
0.00631579
0.00631579
0.00631579
0.00631579
0.00631579
0.00631579
0.00631579
0.00631579
0.00631579
0.00631579
0.00631579
0.00631579
0.00631579
0.00631579
0.00631579
0.00631579
0.00631579
0.00631579
0.00631579
0.00631579
0.00631579
0.00631579
0.00631579
0.00631579
0.00631579
0.00631579
0.00631579
0.00631579
0.00631579
0.00631579
0.00631579
0.00631579
0.0001
0.0001
0.0001
0.0001
0.0001
0.0001
0.0001
0.0001
0.0001
0.0001
0.0001
0.0001
0.0001
0.0001
0.0001
0.0001
0.0001
0.0001
0.0001
0.0001
0.0001
0.0001
0.0001
0.0001
0.0001
0.0001
0.0001
0.0001
0.0001
0.0001
0.0001
0.0001
0.0001
0.0001
0.00631579
0.00631579
0.00631579
0.00631579
0.00631579
0.00631579
0.00631579
0.00631579
0.00631579
0.00631579
0.00631579
0.00631579
0.00631579
0.00631579
0.00631579
0.00631579
0.00631579
0.00631579
0.00631579
0.00631579
0.00631579
0.00631579
0.00631579
0.00631579
0.00631579
0.00631579
0.00631579
0.00631579
0.00631579
0.00631579
0.00631579
0.00631579
0.00631579
0.00631579
0.00631579
0.00631579
0.00631579
0.00631579
0.00631579
0.00631579
0.00631579
0.00631579
0.00631579
0.00631579
0.00631579
0.00631579
0.00631579
0.00631579
0.00631579
0.00631579
0.00631579
0.00631579
0.00631579
0.00631579
0.00631579
0.00631579
0.00631579
0.00631579
0.00631579
0.00631579
0.00631579
0.0073309
0.0001
0.0001
0.0001
0.0001
0.0001
0.0001
0.0001
0.0001
0.0001
0.0001
0.0001
0.0001
0.0001
0.0001
0.0001
0.0001
0.0001
0.0001
0.0001
0.0001
0.0001
0.0001
0.0001
0.0001
0.0001
0.0001
0.0001
0.0001
0.0001
0.0001
0.0001
0.0001
0.0001
0.0001
0.00631579
0.00631579
0.00631579
0.00631579
0.00631579
0.00631579
0.00631579
0.00631579
0.00631579
0.00631579
0.00631579
0.00631579
0.00631579
0.00631579
0.00631579
0.00631579
0.00631579
0.00631579
0.00631579
0.00631579
0.00631579
0.00631579
0.00631579
0.00631579
0.00631579
0.00631579
0.00631579
0.00631579
0.00631579
0.00631579
0.00631579
0.00631579
0.00631579
0.00631579
0.00631579
0.00631579
0.00631579
0.00631579
0.00631579
0.00631579
0.00631579
0.00631579
0.00631579
0.00631579
0.00631579
0.00631579
0.00631579
0.00631579
0.00631579
0.00631579
0.00631579
0.00631579
0.00631579
0.00631579
0.00631579
0.00631579
0.00631579
0.00631579
0.00631579
0.00631579
0.00631579
0.00723346
0.0001
0.0001
0.0001
0.0001
0.0001
0.0001
0.0001
0.0001
0.0001
0.0001
0.0001
0.0001
0.0001
0.0001
0.0001
0.0001
0.0001
0.0001
0.0001
0.0001
0.0001
0.0001
0.0001
0.0001
0.0001
0.0001
0.0001
0.0001
0.0001
0.0001
0.0001
0.0001
0.0001
0.0001
0.00631579
0.00631579
0.00631579
0.00631579
0.00631579
0.00631579
0.00631579
0.00631579
0.00631579
0.00631579
0.00631579
0.00631579
0.00631579
0.00631579
0.00631579
0.00631579
0.00631579
0.00631579
0.00631579
0.00631579
0.00631579
0.00631579
0.00631579
0.00631579
0.00631579
0.00631579
0.00631579
0.00631579
0.00631579
0.00631579
0.00631579
0.00631579
0.00631579
0.00631579
0.00631579
0.00631579
0.00631579
0.00631579
0.00631579
0.00631579
0.00631579
0.00631579
0.00631579
0.00631579
0.00631579
0.00631579
0.00631579
0.00631579
0.00631579
0.00631579
0.00631579
0.00631579
0.00631579
0.00631579
0.00631579
0.00631579
0.00631579
0.00631579
0.00631579
0.00631579
0.00631579
0.00689404
0.0001
0.0001
0.0001
0.0001
0.0001
0.0001
0.0001
0.0001
0.0001
0.0001
0.0001
0.0001
0.0001
0.0001
0.0001
0.0001
0.0001
0.0001
0.0001
0.0001
0.0001
0.0001
0.0001
0.0001
0.0001
0.0001
0.0001
0.0001
0.0001
0.0001
0.0001
0.0001
0.0001
0.0001
0.00631579
0.00631579
0.00631579
0.00631579
0.00631579
0.00631579
0.00631579
0.00631579
0.00631579
0.00631579
0.00631579
0.00631579
0.00631579
0.00631579
0.00631579
0.00631579
0.00631579
0.00631579
0.00631579
0.00631579
0.00631579
0.00631579
0.00631579
0.00631579
0.00631579
0.00631579
0.00631579
0.00631579
0.00631579
0.00631579
0.00631579
0.00631579
0.00631579
0.00631579
0.00631579
0.00631579
0.00631579
0.00631579
0.00631579
0.00631579
0.00631579
0.00631579
0.00631579
0.00631579
0.00631579
0.00631579
0.00631579
0.00631579
0.00631579
0.00631579
0.00631579
0.00631579
0.00631579
0.00631579
0.00631579
0.00631579
0.00631579
0.00631579
0.00631579
0.00631579
0.00631579
0.00655883
0.0001
0.0001
0.0001
0.0001
0.0001
0.0001
0.0001
0.0001
0.0001
0.0001
0.0001
0.0001
0.0001
0.0001
0.0001
0.0001
0.0001
0.0001
0.0001
0.0001
0.0001
0.0001
0.0001
0.0001
0.0001
0.0001
0.0001
0.0001
0.0001
0.0001
0.0001
0.0001
0.0001
0.0001
0.00631579
0.00631579
0.00631579
0.00631579
0.00631579
0.00631579
0.00631579
0.00631579
0.00631579
0.00631579
0.00631579
0.00631579
0.00631579
0.00631579
0.00631579
0.00631579
0.00631579
0.00631579
0.00631579
0.00631579
0.00631579
0.00631579
0.00631579
0.00631579
0.00631579
0.00631579
0.00631579
0.00631579
0.00631579
0.00631579
0.00631579
0.00631579
0.00631579
0.00631579
0.00631579
0.00631579
0.00631579
0.00631579
0.00631579
0.00631579
0.00631579
0.00631579
0.00631579
0.00631579
0.00631579
0.00631579
0.00631579
0.00631579
0.00631579
0.00631579
0.00631579
0.00631579
0.00631579
0.00631579
0.00631579
0.00631579
0.00631579
0.00631579
0.00631579
0.00631579
0.00631579
0.00694049
0.00748044
0.0001
0.0001
0.0001
0.0001
0.0001
0.0001
0.0001
0.0001
0.0001
0.0001
0.0001
0.0001
0.0001
0.0001
0.0001
0.0001
0.0001
0.0001
0.0001
0.0001
0.0001
0.0001
0.0001
0.0001
0.0001
0.0001
0.0001
0.0001
0.0001
0.0001
0.0001
0.0001
0.0001
0.00631579
0.00631579
0.00631579
0.00631579
0.00631579
0.00631579
0.00631579
0.00631579
0.00631579
0.00631579
0.00631579
0.00631579
0.00631579
0.00631579
0.00631579
0.00631579
0.00631579
0.00631579
0.00631579
0.00631579
0.00631579
0.00631579
0.00631579
0.00631579
0.00631579
0.00631579
0.00631579
0.00631579
0.00631579
0.00631579
0.00631579
0.00631579
0.00631579
0.00631579
0.00631579
0.00631579
0.00631579
0.00631579
0.00631579
0.00631579
0.00631579
0.00631579
0.00631579
0.00631579
0.00631579
0.00631579
0.00631579
0.00631579
0.00631579
0.00631579
0.00631579
0.00631579
0.00631579
0.00631579
0.00631579
0.00631579
0.00631579
0.00631579
0.00631579
0.00631579
0.00631579
0.0066178
0.0001
0.0001
0.0001
0.0001
0.0001
0.0001
0.0001
0.0001
0.0001
0.0001
0.0001
0.0001
0.0001
0.0001
0.0001
0.0001
0.0001
0.0001
0.0001
0.0001
0.0001
0.0001
0.0001
0.0001
0.0001
0.0001
0.0001
0.0001
0.0001
0.0001
0.0001
0.0001
0.0001
0.0001
)
;

boundaryField
{
    outlet
    {
        type            zeroGradient;
    }
    inlet
    {
        type            fixedValue;
        value           uniform 0.00252;
    }
    walls
    {
        type            zeroGradient;
    }
}


// ************************************************************************* //
