/*--------------------------------*- C++ -*----------------------------------*\
| =========                 |                                                 |
| \\      /  F ield         | OpenFOAM: The Open Source CFD Toolbox           |
|  \\    /   O peration     | Version:  2.3.0                                 |
|   \\  /    A nd           | Web:      www.OpenFOAM.org                      |
|    \\/     M anipulation  |                                                 |
\*---------------------------------------------------------------------------*/
FoamFile
{
    version     2.0;
    format      ascii;
    class       volScalarField;
    location    "17";
    object      rho;
}
// * * * * * * * * * * * * * * * * * * * * * * * * * * * * * * * * * * * * * //

dimensions      [1 -3 0 0 0 0 0];

internalField   nonuniform List<scalar> 
6144
(
1.16407
1.165
1.1662
1.16658
1.16719
1.16801
1.1687
1.16889
1.1689
1.1689
1.1689
1.1689
1.1689
1.16891
1.16891
1.16891
1.16891
1.16891
1.16891
1.16892
1.16892
1.16892
1.16892
1.16892
1.16892
1.16892
1.16892
1.16893
1.16893
1.16893
1.16893
1.16893
1.16893
1.16894
1.16894
1.16894
1.16894
1.16894
1.16894
1.16894
1.16894
1.16895
1.16894
1.16895
1.16894
1.16896
1.16895
1.16896
1.16895
1.16976
1.17129
1.17523
1.18211
1.20888
1.23613
1.32814
1.47274
2.02619
2.46824
46.9446
964.805
1026.65
1027.09
1027.09
1027.1
1027.1
1027.1
1027.1
1027.1
1027.1
1027.1
1027.1
1027.1
1027.1
1027.1
1027.1
1027.1
1027.1
1027.1
1027.1
1027.1
1027.1
1027.1
1027.1
1027.1
1027.1
1027.1
1027.1
1027.1
1027.1
1027.1
1027.1
1027.1
1027.1
1027.1
1027.1
1.16346
1.16427
1.16503
1.16575
1.16685
1.16773
1.16868
1.1689
1.1689
1.1689
1.1689
1.1689
1.16891
1.16891
1.16891
1.16891
1.16891
1.16891
1.16892
1.16892
1.16892
1.16892
1.16892
1.16892
1.16892
1.16892
1.16893
1.16893
1.16893
1.16893
1.16893
1.16893
1.16894
1.16894
1.16894
1.16894
1.16894
1.16894
1.16894
1.16894
1.16894
1.16894
1.16894
1.16895
1.16894
1.16896
1.16895
1.16896
1.16895
1.16924
1.17049
1.17302
1.18281
1.21895
1.23213
1.30125
1.49016
2.13097
2.54193
44.6601
972.581
1027.04
1027.09
1027.09
1027.1
1027.1
1027.1
1027.1
1027.1
1027.1
1027.1
1027.1
1027.1
1027.1
1027.1
1027.1
1027.1
1027.1
1027.1
1027.1
1027.1
1027.1
1027.1
1027.1
1027.1
1027.1
1027.1
1027.1
1027.1
1027.1
1027.1
1027.1
1027.1
1027.1
1027.1
1027.1
1.16342
1.16407
1.16463
1.16541
1.16629
1.16691
1.16829
1.16888
1.1689
1.1689
1.1689
1.1689
1.16891
1.16891
1.16891
1.16891
1.16891
1.16891
1.16892
1.16892
1.16892
1.16892
1.16892
1.16892
1.16893
1.16892
1.16893
1.16893
1.16893
1.16893
1.16893
1.16893
1.16894
1.16894
1.16894
1.16894
1.16894
1.16895
1.16894
1.16894
1.16894
1.16895
1.16894
1.16895
1.16895
1.16896
1.16895
1.16897
1.16895
1.1694
1.17083
1.17384
1.18212
1.21477
1.22905
1.33929
1.39377
1.96793
2.08356
35.5435
968.923
1027.09
1027.09
1027.09
1027.09
1027.1
1027.1
1027.1
1027.1
1027.1
1027.1
1027.1
1027.1
1027.1
1027.1
1027.1
1027.1
1027.1
1027.1
1027.1
1027.1
1027.1
1027.1
1027.1
1027.1
1027.1
1027.1
1027.1
1027.1
1027.1
1027.1
1027.1
1027.1
1027.1
1027.1
1027.1
1.16362
1.16402
1.1643
1.16477
1.16536
1.16647
1.16785
1.16878
1.1689
1.1689
1.1689
1.1689
1.1689
1.16891
1.16891
1.16891
1.16891
1.16891
1.16892
1.16892
1.16892
1.16892
1.16892
1.16892
1.16892
1.16892
1.16893
1.16893
1.16893
1.16893
1.16893
1.16893
1.16893
1.16894
1.16894
1.16894
1.16894
1.16894
1.16894
1.16895
1.16894
1.16895
1.16894
1.16895
1.16895
1.16896
1.16895
1.16897
1.16895
1.16964
1.17139
1.17574
1.17991
1.2036
1.24179
1.37078
1.35646
1.81274
1.67857
45.411
969.365
1027.09
1027.09
1027.09
1027.09
1027.1
1027.1
1027.1
1027.1
1027.1
1027.1
1027.1
1027.1
1027.1
1027.1
1027.1
1027.1
1027.1
1027.1
1027.1
1027.1
1027.1
1027.1
1027.1
1027.1
1027.1
1027.1
1027.1
1027.1
1027.1
1027.1
1027.1
1027.1
1027.1
1027.1
1027.1
1.16395
1.1642
1.16427
1.16467
1.16502
1.16612
1.16727
1.16825
1.16887
1.1689
1.1689
1.1689
1.16891
1.16891
1.16891
1.16891
1.16891
1.16891
1.16892
1.16892
1.16892
1.16892
1.16892
1.16893
1.16893
1.16893
1.16893
1.16893
1.16893
1.16893
1.16893
1.16894
1.16894
1.16894
1.16894
1.16894
1.16894
1.16895
1.16894
1.16895
1.16894
1.16895
1.16894
1.16896
1.16895
1.16897
1.16895
1.16898
1.16895
1.16965
1.17143
1.17646
1.18367
1.19336
1.2542
1.40563
1.40076
1.6581
1.39686
118.202
1012.34
1027.08
1027.09
1027.09
1027.09
1027.09
1027.09
1027.09
1027.09
1027.09
1027.09
1027.09
1027.09
1027.09
1027.09
1027.09
1027.1
1027.1
1027.1
1027.1
1027.1
1027.1
1027.1
1027.1
1027.1
1027.1
1027.1
1027.1
1027.1
1027.1
1027.1
1027.1
1027.1
1027.1
1027.1
1027.1
1.16416
1.16443
1.16451
1.1647
1.16494
1.16591
1.16667
1.16767
1.16842
1.16883
1.16888
1.1689
1.1689
1.16891
1.16891
1.16891
1.16891
1.16891
1.16891
1.16892
1.16892
1.16892
1.16892
1.16892
1.16892
1.16892
1.16893
1.16893
1.16893
1.16893
1.16893
1.16893
1.16894
1.16894
1.16894
1.16894
1.16894
1.16895
1.16894
1.16895
1.16894
1.16895
1.16894
1.16896
1.16895
1.16897
1.16895
1.16898
1.16895
1.16945
1.17054
1.17393
1.18051
1.19305
1.23747
1.39286
1.38768
1.48217
1.19517
282.307
1022.16
1025.82
1026.13
1026.31
1026.27
1026.22
1026.17
1026.13
1026.09
1026.1
1026.01
1025.98
1026.14
1026.22
1026.28
1026.42
1026.58
1026.72
1026.85
1026.95
1027.03
1027.07
1027.09
1027.1
1027.1
1027.1
1027.1
1027.1
1027.1
1027.1
1027.1
1027.1
1027.1
1027.1
1027.1
1027.1
1.16421
1.16458
1.16489
1.165
1.16504
1.16588
1.16627
1.16718
1.16792
1.16835
1.16882
1.1689
1.16891
1.16891
1.16891
1.16891
1.16891
1.16892
1.16892
1.16892
1.16892
1.16892
1.16892
1.16893
1.16893
1.16893
1.16893
1.16893
1.16893
1.16894
1.16894
1.16894
1.16894
1.16894
1.16894
1.16894
1.16895
1.16895
1.16895
1.16895
1.16895
1.16896
1.16895
1.16896
1.16895
1.16897
1.16895
1.16898
1.16895
1.16949
1.17039
1.17308
1.178
1.20297
1.21886
1.34037
1.42626
1.48795
1.16898
528.513
1008.97
1012.9
1012.72
1014.06
1014.68
1014.18
1013.41
1012.67
1012.87
1013.67
1012.41
1012.26
1013.37
1013.72
1014.18
1014.89
1015.79
1016.58
1017.65
1019.17
1020.63
1022.23
1023.63
1024.91
1026
1026.74
1027.09
1027.1
1027.09
1027.1
1027.1
1027.1
1027.1
1027.1
1027.1
1027.1
1.16415
1.16454
1.16517
1.16544
1.16569
1.16624
1.16623
1.16703
1.16751
1.16833
1.16884
1.1689
1.1689
1.16891
1.16891
1.16891
1.16891
1.16892
1.16892
1.16892
1.16892
1.16892
1.16892
1.16893
1.16893
1.16893
1.16893
1.16893
1.16893
1.16894
1.16894
1.16894
1.16894
1.16894
1.16894
1.16895
1.16895
1.16895
1.16895
1.16896
1.16895
1.16896
1.16896
1.16897
1.16896
1.16897
1.16896
1.16899
1.16898
1.16972
1.17061
1.17361
1.18489
1.21381
1.22887
1.29314
1.39785
1.50309
1.16898
639.907
993.923
995.507
994.769
994.37
993.934
993.883
993.896
993.734
993.573
993.365
993.227
993.056
993.099
993.221
993.339
993.372
993.19
992.546
992.024
991.675
991.469
991.276
991.123
991.109
991.221
991.449
991.71
991.999
992.103
992.505
993.098
993.963
995.456
997.431
1001.32
1006.29
1.16396
1.16466
1.16541
1.16589
1.16617
1.16661
1.16657
1.16726
1.16753
1.16836
1.16885
1.1689
1.1689
1.16891
1.16891
1.16891
1.16891
1.16891
1.16891
1.16892
1.16892
1.16892
1.16892
1.16892
1.16892
1.16893
1.16893
1.16893
1.16893
1.16893
1.16893
1.16894
1.16894
1.16894
1.16894
1.16894
1.16895
1.16895
1.16895
1.16895
1.16895
1.16896
1.16896
1.16896
1.16896
1.16897
1.16896
1.16899
1.16896
1.16972
1.17063
1.17294
1.18728
1.22145
1.24194
1.28091
1.3408
1.45989
1.16898
583.103
1006.43
1010.99
1010.56
1007.99
1006.34
1004.82
1007.87
1012.09
1012.65
1012.62
1012.59
1013.45
1014.08
1014.41
1014.61
1014.63
1013.87
1012.56
1012.18
1011.12
1010.67
1011.39
1010.88
1010.54
1010.52
1010.74
1010.98
1011.51
1012.4
1013.45
1014.77
1016.36
1018.33
1020.68
1023.25
1025.23
1.16379
1.16453
1.16538
1.16621
1.16668
1.16706
1.16707
1.16774
1.1679
1.16861
1.16888
1.16891
1.16891
1.16891
1.16891
1.16892
1.16892
1.16892
1.16892
1.16892
1.16892
1.16892
1.16893
1.16893
1.16893
1.16893
1.16893
1.16893
1.16894
1.16894
1.16894
1.16894
1.16894
1.16894
1.16895
1.16895
1.16895
1.16895
1.16895
1.16896
1.16895
1.16896
1.16896
1.16897
1.16896
1.16897
1.16896
1.16899
1.16897
1.16962
1.17066
1.17343
1.18589
1.21839
1.23226
1.30009
1.33058
1.51868
1.186
410.522
1017.73
1022.27
1023.05
1024.08
1024.8
1025.18
1025.66
1026
1026.05
1025.99
1025.85
1025.83
1025.81
1025.85
1025.91
1025.88
1025.73
1025.69
1025.79
1025.65
1025.37
1025.37
1025.33
1025.25
1025.22
1025.31
1025.6
1025.77
1026.03
1026.27
1026.46
1026.68
1026.86
1026.99
1027.06
1027.08
1.1633
1.16396
1.16523
1.16628
1.16721
1.16766
1.16784
1.16852
1.16866
1.16889
1.1689
1.16891
1.1689
1.16891
1.16891
1.16891
1.16891
1.16891
1.16891
1.16892
1.16892
1.16892
1.16892
1.16892
1.16893
1.16893
1.16893
1.16893
1.16893
1.16894
1.16894
1.16894
1.16894
1.16894
1.16894
1.16895
1.16895
1.16895
1.16895
1.16896
1.16895
1.16896
1.16896
1.16897
1.16896
1.16897
1.16896
1.16899
1.16896
1.16931
1.17061
1.17426
1.18375
1.20704
1.22039
1.32078
1.34914
1.69268
1.45299
181.442
1011.49
1026.83
1026.95
1027.05
1027.08
1027.09
1027.09
1027.09
1027.09
1027.09
1027.09
1027.09
1027.09
1027.09
1027.09
1027.09
1027.09
1027.09
1027.09
1027.09
1027.09
1027.08
1027.08
1027.08
1027.08
1027.08
1027.08
1027.09
1027.09
1027.1
1027.1
1027.1
1027.1
1027.1
1027.1
1027.1
1.1625
1.16329
1.16467
1.1658
1.16715
1.16806
1.16852
1.16886
1.16888
1.1689
1.1689
1.16891
1.16891
1.16891
1.16891
1.16892
1.16891
1.16892
1.16892
1.16892
1.16892
1.16892
1.16892
1.16893
1.16893
1.16893
1.16893
1.16893
1.16894
1.16894
1.16894
1.16894
1.16894
1.16894
1.16895
1.16895
1.16895
1.16895
1.16895
1.16896
1.16896
1.16896
1.16896
1.16897
1.16896
1.16897
1.16896
1.16899
1.16896
1.16917
1.17074
1.175
1.18216
1.195
1.25178
1.33477
1.33438
1.87324
1.57757
77.8774
994.658
1027.09
1027.09
1027.1
1027.1
1027.1
1027.1
1027.1
1027.1
1027.1
1027.1
1027.1
1027.1
1027.1
1027.1
1027.1
1027.1
1027.1
1027.1
1027.1
1027.1
1027.1
1027.1
1027.1
1027.1
1027.1
1027.1
1027.1
1027.1
1027.1
1027.1
1027.1
1027.1
1027.1
1027.1
1027.1
1.16234
1.16406
1.16478
1.16564
1.16637
1.16781
1.16866
1.16889
1.16887
1.16889
1.1689
1.16891
1.16891
1.16891
1.16891
1.16892
1.16892
1.16892
1.16892
1.16892
1.16892
1.16893
1.16893
1.16893
1.16893
1.16893
1.16894
1.16894
1.16894
1.16894
1.16894
1.16894
1.16894
1.16895
1.16895
1.16895
1.16895
1.16895
1.16896
1.16896
1.16896
1.16896
1.16896
1.16897
1.16896
1.16897
1.16896
1.16899
1.16896
1.1691
1.1709
1.17572
1.18284
1.19435
1.23212
1.32167
1.35858
2.03859
1.85015
32.8935
954.946
1027.1
1027.1
1027.1
1027.1
1027.1
1027.1
1027.1
1027.1
1027.1
1027.1
1027.1
1027.1
1027.1
1027.1
1027.1
1027.1
1027.1
1027.1
1027.1
1027.1
1027.1
1027.1
1027.1
1027.1
1027.1
1027.1
1027.1
1027.1
1027.1
1027.1
1027.1
1027.1
1027.1
1027.1
1027.1
1.16205
1.16332
1.16379
1.16431
1.16359
1.16658
1.1682
1.16886
1.16887
1.1689
1.1689
1.16891
1.16891
1.16891
1.16891
1.16892
1.16892
1.16892
1.16892
1.16892
1.16892
1.16892
1.16893
1.16893
1.16893
1.16893
1.16894
1.16894
1.16894
1.16894
1.16894
1.16894
1.16894
1.16895
1.16895
1.16895
1.16895
1.16895
1.16895
1.16896
1.16896
1.16896
1.16896
1.16897
1.16896
1.16897
1.16896
1.16898
1.16896
1.16904
1.17067
1.17559
1.18441
1.20245
1.21358
1.27683
1.4427
2.20155
2.26852
44.1868
961.376
1027.09
1027.1
1027.1
1027.1
1027.1
1027.1
1027.1
1027.1
1027.1
1027.1
1027.1
1027.1
1027.1
1027.1
1027.1
1027.1
1027.1
1027.1
1027.1
1027.1
1027.1
1027.1
1027.1
1027.1
1027.1
1027.1
1027.1
1027.1
1027.1
1027.1
1027.1
1027.1
1027.1
1027.1
1027.1
1.16121
1.16212
1.16197
1.16173
1.16136
1.16275
1.16656
1.16879
1.1689
1.16891
1.1689
1.16891
1.1689
1.16891
1.16891
1.16891
1.16891
1.16892
1.16891
1.16892
1.16892
1.16892
1.16892
1.16893
1.16893
1.16893
1.16893
1.16893
1.16894
1.16894
1.16894
1.16894
1.16894
1.16894
1.16894
1.16895
1.16895
1.16895
1.16895
1.16896
1.16895
1.16896
1.16896
1.16897
1.16896
1.16897
1.16896
1.16898
1.16896
1.169
1.17018
1.17433
1.19015
1.20692
1.21348
1.26101
1.54982
2.31796
2.91271
43.3173
966.455
1026.97
1027.1
1027.1
1027.1
1027.1
1027.1
1027.1
1027.1
1027.1
1027.1
1027.1
1027.1
1027.1
1027.1
1027.1
1027.1
1027.1
1027.1
1027.1
1027.1
1027.1
1027.1
1027.1
1027.1
1027.1
1027.1
1027.1
1027.1
1027.1
1027.1
1027.1
1027.1
1027.1
1027.1
1027.1
1.16006
1.16044
1.16038
1.16047
1.16077
1.16142
1.16392
1.1679
1.16888
1.16891
1.1689
1.16891
1.16891
1.16891
1.16891
1.16892
1.16892
1.16892
1.16892
1.16892
1.16892
1.16893
1.16893
1.16893
1.16893
1.16893
1.16894
1.16894
1.16894
1.16894
1.16894
1.16894
1.16894
1.16895
1.16895
1.16895
1.16895
1.16896
1.16896
1.16896
1.16896
1.16896
1.16897
1.16897
1.16897
1.16897
1.16896
1.16898
1.16896
1.169
1.16953
1.17461
1.18889
1.20203
1.21022
1.33767
1.45173
2.17217
3.05365
47.3038
958.899
1026.46
1027.09
1027.1
1027.1
1027.1
1027.1
1027.1
1027.1
1027.1
1027.1
1027.1
1027.1
1027.1
1027.1
1027.1
1027.1
1027.1
1027.1
1027.1
1027.1
1027.1
1027.1
1027.1
1027.1
1027.1
1027.1
1027.1
1027.1
1027.1
1027.1
1027.1
1027.1
1027.1
1027.1
1027.1
1.1642
1.16528
1.1665
1.16689
1.1674
1.1681
1.16864
1.16864
1.16878
1.16889
1.16891
1.16891
1.16891
1.16891
1.16891
1.16892
1.16892
1.16892
1.16892
1.16892
1.16892
1.16893
1.16893
1.16893
1.16893
1.16893
1.16893
1.16893
1.16893
1.16894
1.16894
1.16894
1.16894
1.16894
1.16894
1.16895
1.16895
1.16895
1.16895
1.16895
1.16895
1.16895
1.16895
1.16896
1.16895
1.16896
1.16895
1.16897
1.16895
1.16973
1.17138
1.17558
1.18125
1.20835
1.23533
1.32267
1.43972
2.32366
4.17535
53.4744
950.95
1026.32
1027.09
1027.09
1027.1
1027.1
1027.1
1027.1
1027.1
1027.1
1027.1
1027.1
1027.1
1027.1
1027.1
1027.1
1027.1
1027.1
1027.1
1027.1
1027.1
1027.1
1027.1
1027.1
1027.1
1027.1
1027.1
1027.1
1027.1
1027.1
1027.1
1027.1
1027.1
1027.1
1027.1
1027.1
1.16391
1.16489
1.16552
1.16625
1.16695
1.16702
1.16741
1.16785
1.16842
1.16879
1.1689
1.16891
1.16891
1.16891
1.16891
1.16892
1.16892
1.16892
1.16892
1.16892
1.16892
1.16893
1.16893
1.16893
1.16893
1.16893
1.16893
1.16893
1.16894
1.16894
1.16894
1.16894
1.16894
1.16894
1.16895
1.16895
1.16895
1.16895
1.16895
1.16895
1.16895
1.16896
1.16895
1.16896
1.16895
1.16897
1.16895
1.16897
1.16895
1.16935
1.17067
1.17372
1.17972
1.21378
1.23506
1.30546
1.48204
2.19569
2.89287
49.9075
965.898
1027
1027.09
1027.09
1027.1
1027.1
1027.1
1027.1
1027.1
1027.1
1027.1
1027.1
1027.1
1027.1
1027.1
1027.1
1027.1
1027.1
1027.1
1027.1
1027.1
1027.1
1027.1
1027.1
1027.1
1027.1
1027.1
1027.1
1027.1
1027.1
1027.1
1027.1
1027.1
1027.1
1027.1
1027.1
1.16404
1.16497
1.16546
1.16585
1.16599
1.1663
1.16686
1.16736
1.16804
1.16861
1.16889
1.16891
1.16891
1.16891
1.16891
1.16892
1.16892
1.16892
1.16892
1.16892
1.16892
1.16893
1.16893
1.16893
1.16893
1.16893
1.16894
1.16894
1.16894
1.16894
1.16894
1.16894
1.16895
1.16895
1.16895
1.16895
1.16895
1.16895
1.16895
1.16896
1.16896
1.16896
1.16896
1.16897
1.16897
1.16897
1.16896
1.16899
1.16896
1.16947
1.17071
1.175
1.1802
1.21107
1.22959
1.32626
1.38563
1.99803
2.1457
40.7293
966.17
1027.09
1027.09
1027.09
1027.09
1027.1
1027.1
1027.1
1027.1
1027.1
1027.1
1027.1
1027.1
1027.1
1027.1
1027.1
1027.1
1027.1
1027.1
1027.1
1027.1
1027.1
1027.1
1027.1
1027.1
1027.1
1027.1
1027.1
1027.1
1027.1
1027.1
1027.1
1027.1
1027.1
1027.1
1027.1
1.16413
1.16511
1.16555
1.16582
1.16574
1.16604
1.16644
1.167
1.16781
1.16847
1.16883
1.16891
1.16891
1.16891
1.16891
1.16892
1.16892
1.16892
1.16892
1.16892
1.16892
1.16892
1.16893
1.16893
1.16893
1.16893
1.16893
1.16894
1.16894
1.16894
1.16894
1.16894
1.16894
1.16895
1.16895
1.16895
1.16895
1.16895
1.16896
1.16896
1.16896
1.16896
1.16897
1.16897
1.16897
1.16897
1.16897
1.16899
1.16898
1.1694
1.17073
1.17547
1.1816
1.19874
1.23942
1.3507
1.45242
1.84686
1.53421
41.936
967.592
1027.09
1027.09
1027.09
1027.09
1027.1
1027.1
1027.1
1027.1
1027.1
1027.09
1027.1
1027.1
1027.1
1027.1
1027.1
1027.1
1027.1
1027.1
1027.1
1027.1
1027.1
1027.1
1027.1
1027.1
1027.1
1027.1
1027.1
1027.1
1027.1
1027.1
1027.1
1027.1
1027.1
1027.1
1027.1
1.16415
1.16513
1.1656
1.166
1.16599
1.16621
1.16629
1.16687
1.16767
1.16841
1.16877
1.1689
1.16891
1.16891
1.16891
1.16892
1.16892
1.16892
1.16892
1.16892
1.16892
1.16892
1.16893
1.16893
1.16893
1.16893
1.16893
1.16894
1.16894
1.16894
1.16894
1.16894
1.16894
1.16894
1.16895
1.16895
1.16895
1.16895
1.16895
1.16896
1.16896
1.16896
1.16896
1.16897
1.16896
1.16897
1.16896
1.16899
1.16899
1.16944
1.17046
1.17567
1.18429
1.18922
1.29557
1.47383
1.49688
1.50981
1.3256
98.7548
1002.43
1026.95
1026.94
1027.01
1027.02
1027.02
1027.02
1027.01
1027.01
1027.01
1027.01
1027.01
1027.02
1027.02
1027.03
1027.04
1027.06
1027.08
1027.09
1027.09
1027.1
1027.1
1027.1
1027.1
1027.1
1027.1
1027.1
1027.1
1027.1
1027.1
1027.1
1027.1
1027.1
1027.1
1027.1
1027.1
1.16398
1.16501
1.16548
1.16601
1.16623
1.16663
1.16641
1.16694
1.16761
1.16837
1.16871
1.16889
1.16891
1.16891
1.16891
1.16891
1.16892
1.16892
1.16892
1.16892
1.16892
1.16892
1.16893
1.16893
1.16893
1.16893
1.16893
1.16893
1.16894
1.16894
1.16894
1.16894
1.16894
1.16894
1.16895
1.16895
1.16895
1.16895
1.16895
1.16896
1.16895
1.16896
1.16896
1.16897
1.16896
1.16897
1.16895
1.16899
1.16902
1.16953
1.17032
1.17534
1.18379
1.19153
1.26671
1.44973
1.43437
1.36207
1.18477
229.733
1017.06
1023.69
1023.6
1023.79
1023.84
1023.74
1023.37
1023.19
1023.2
1023.27
1023.24
1023.43
1023.87
1024.11
1024.17
1023.97
1024.24
1025.29
1025.77
1026.19
1026.56
1026.8
1026.96
1027.05
1027.09
1027.1
1027.1
1027.1
1027.1
1027.1
1027.1
1027.1
1027.1
1027.1
1027.1
1027.1
1.16355
1.16425
1.16512
1.16553
1.1663
1.16684
1.16683
1.16735
1.1678
1.16837
1.16867
1.16888
1.1689
1.16891
1.16891
1.16891
1.16892
1.16892
1.16892
1.16892
1.16892
1.16892
1.16893
1.16893
1.16893
1.16893
1.16893
1.16893
1.16894
1.16894
1.16894
1.16894
1.16894
1.16894
1.16895
1.16895
1.16895
1.16895
1.16895
1.16896
1.16895
1.16896
1.16896
1.16897
1.16896
1.16897
1.16895
1.16899
1.16904
1.16956
1.17032
1.17567
1.18466
1.20362
1.22545
1.35399
1.58223
1.52131
1.16898
403.175
1007.6
1013.24
1013.17
1013.34
1012.83
1012.32
1012.08
1011.97
1011.93
1012.19
1012.01
1011.59
1011.4
1011.26
1011.4
1011.32
1011.22
1011.93
1012.66
1013.72
1014.97
1016.46
1018.13
1020.07
1022.04
1023.63
1024.79
1025.43
1025.55
1025.67
1025.89
1025.81
1026.16
1026.41
1026.4
1026.69
1.16327
1.1632
1.1645
1.16525
1.16628
1.16692
1.16726
1.16765
1.16798
1.16838
1.16865
1.16887
1.1689
1.16891
1.16891
1.16891
1.16891
1.16892
1.16892
1.16892
1.16892
1.16892
1.16893
1.16893
1.16893
1.16893
1.16893
1.16893
1.16894
1.16894
1.16894
1.16894
1.16894
1.16894
1.16895
1.16895
1.16895
1.16895
1.16895
1.16896
1.16895
1.16896
1.16896
1.16897
1.16896
1.16897
1.16895
1.16899
1.16904
1.16956
1.1703
1.17592
1.18658
1.21048
1.22557
1.29111
1.53865
1.55812
1.16898
402.416
995.054
1006.72
1009.62
1011.91
1012.45
1011.86
1008.81
1004.63
1003.54
1006.56
1008.31
1008.32
1007.16
1006.2
1005.18
1003.91
1002.36
1000.53
998.557
996.314
993.628
990.553
987.059
983.239
979.218
974.907
970.311
965.417
959.927
953.116
944.611
934.005
919.158
895.303
843.241
639.639
1.16316
1.16266
1.16361
1.16495
1.16619
1.1673
1.16782
1.1679
1.1681
1.16839
1.16865
1.16886
1.1689
1.16891
1.16891
1.16892
1.16892
1.16892
1.16892
1.16892
1.16892
1.16892
1.16893
1.16893
1.16893
1.16893
1.16893
1.16894
1.16894
1.16894
1.16894
1.16894
1.16894
1.16894
1.16895
1.16895
1.16895
1.16895
1.16895
1.16896
1.16896
1.16896
1.16896
1.16897
1.16896
1.16897
1.16895
1.16899
1.16903
1.16948
1.17007
1.17503
1.18479
1.21134
1.23776
1.28555
1.46032
1.47581
1.16898
423.801
1011.32
1019.23
1020.65
1022.1
1023.09
1023.86
1024.39
1024.73
1024.77
1024.35
1023.96
1024.12
1024.47
1024.57
1024.63
1024.64
1024.26
1023.7
1023.52
1023.41
1022.99
1022.39
1021.62
1020.84
1019.97
1019.08
1018.27
1017.12
1015.71
1014.05
1012.12
1010.02
1008.28
1007.43
1008.59
1010.33
1.1631
1.16245
1.16286
1.16459
1.16619
1.16751
1.16815
1.16814
1.16819
1.16841
1.1687
1.16887
1.1689
1.16891
1.16891
1.16892
1.16892
1.16892
1.16892
1.16892
1.16892
1.16892
1.16893
1.16893
1.16893
1.16893
1.16893
1.16894
1.16894
1.16894
1.16894
1.16894
1.16894
1.16894
1.16895
1.16895
1.16895
1.16895
1.16895
1.16896
1.16896
1.16896
1.16896
1.16897
1.16896
1.16897
1.16895
1.16899
1.169
1.1694
1.16982
1.17412
1.18323
1.20233
1.23186
1.31219
1.49582
1.43061
1.16898
289.273
1015.02
1025.77
1026.14
1026.41
1026.55
1026.62
1026.68
1026.71
1026.71
1026.68
1026.66
1026.66
1026.67
1026.66
1026.71
1026.74
1026.74
1026.74
1026.77
1026.79
1026.81
1026.83
1026.85
1026.93
1026.99
1027.01
1027.02
1027.03
1027.02
1027.02
1027
1026.98
1026.97
1026.97
1027.04
1027.09
1.16289
1.16223
1.16259
1.16398
1.16583
1.16705
1.16826
1.1684
1.16829
1.16845
1.16874
1.16888
1.1689
1.16891
1.16891
1.16892
1.16891
1.16892
1.16892
1.16892
1.16892
1.16892
1.16892
1.16893
1.16893
1.16893
1.16893
1.16894
1.16894
1.16894
1.16894
1.16894
1.16894
1.16894
1.16895
1.16895
1.16895
1.16895
1.16895
1.16896
1.16896
1.16896
1.16896
1.16897
1.16896
1.16897
1.16895
1.16899
1.16899
1.16935
1.1696
1.17317
1.18275
1.19909
1.21611
1.32628
1.53161
1.60051
1.27898
131.74
995.52
1027.06
1027.05
1027.07
1027.08
1027.09
1027.09
1027.09
1027.09
1027.09
1027.09
1027.09
1027.09
1027.09
1027.09
1027.09
1027.09
1027.09
1027.09
1027.09
1027.09
1027.09
1027.09
1027.09
1027.1
1027.1
1027.1
1027.1
1027.1
1027.1
1027.1
1027.1
1027.1
1027.1
1027.1
1027.1
1.16131
1.16169
1.16307
1.16324
1.16478
1.16658
1.16807
1.16855
1.16836
1.16855
1.16877
1.1689
1.1689
1.16891
1.16891
1.16892
1.16891
1.16892
1.16892
1.16892
1.16892
1.16892
1.16892
1.16893
1.16893
1.16893
1.16893
1.16893
1.16894
1.16894
1.16894
1.16894
1.16894
1.16894
1.16895
1.16895
1.16895
1.16895
1.16895
1.16896
1.16896
1.16896
1.16896
1.16897
1.16896
1.16897
1.16896
1.16898
1.16897
1.16925
1.16948
1.1727
1.18441
1.20329
1.22187
1.31765
1.42596
1.89174
1.4548
57.5149
955.726
1027.1
1027.09
1027.1
1027.09
1027.1
1027.1
1027.1
1027.1
1027.1
1027.1
1027.1
1027.1
1027.1
1027.1
1027.1
1027.1
1027.1
1027.1
1027.1
1027.1
1027.1
1027.1
1027.1
1027.1
1027.1
1027.1
1027.1
1027.1
1027.1
1027.1
1027.1
1027.1
1027.1
1027.1
1027.1
1.16198
1.16314
1.16267
1.16221
1.1635
1.16623
1.16789
1.16864
1.16849
1.16871
1.16884
1.16891
1.1689
1.16891
1.16891
1.16891
1.16891
1.16892
1.16892
1.16892
1.16892
1.16892
1.16892
1.16893
1.16893
1.16893
1.16893
1.16893
1.16894
1.16894
1.16894
1.16894
1.16894
1.16894
1.16895
1.16895
1.16895
1.16895
1.16895
1.16896
1.16895
1.16896
1.16896
1.16897
1.16896
1.16897
1.16896
1.16898
1.16896
1.16912
1.16943
1.17328
1.18697
1.20686
1.21358
1.29812
1.37643
2.05368
1.91734
34.2182
958.675
1027.1
1027.09
1027.1
1027.1
1027.1
1027.1
1027.1
1027.1
1027.1
1027.1
1027.1
1027.1
1027.1
1027.1
1027.1
1027.1
1027.1
1027.1
1027.1
1027.1
1027.1
1027.1
1027.1
1027.1
1027.1
1027.1
1027.1
1027.1
1027.1
1027.1
1027.1
1027.1
1027.1
1027.1
1027.1
1.1615
1.16183
1.16125
1.16117
1.16187
1.16506
1.1675
1.16867
1.16872
1.16885
1.16889
1.16891
1.16891
1.16891
1.16891
1.16891
1.16891
1.16891
1.16892
1.16892
1.16892
1.16892
1.16892
1.16892
1.16893
1.16893
1.16893
1.16893
1.16893
1.16893
1.16894
1.16894
1.16894
1.16894
1.16894
1.16894
1.16895
1.16895
1.16895
1.16895
1.16895
1.16896
1.16895
1.16896
1.16896
1.16896
1.16896
1.16897
1.16896
1.16901
1.16946
1.17441
1.18874
1.20686
1.21419
1.25912
1.45752
2.11738
2.40513
39.5402
953.257
1027.1
1027.09
1027.09
1027.1
1027.1
1027.1
1027.1
1027.1
1027.1
1027.1
1027.1
1027.1
1027.1
1027.1
1027.1
1027.1
1027.1
1027.1
1027.1
1027.1
1027.1
1027.1
1027.1
1027.1
1027.1
1027.1
1027.1
1027.1
1027.1
1027.1
1027.1
1027.1
1027.1
1027.1
1027.1
1.16091
1.16144
1.16098
1.16082
1.16095
1.16298
1.16641
1.16853
1.16887
1.16891
1.1689
1.16891
1.1689
1.16891
1.16891
1.16891
1.16891
1.16891
1.16891
1.16892
1.16892
1.16892
1.16892
1.16892
1.16892
1.16893
1.16893
1.16893
1.16893
1.16893
1.16893
1.16893
1.16894
1.16894
1.16894
1.16894
1.16894
1.16894
1.16895
1.16895
1.16895
1.16895
1.16895
1.16895
1.16896
1.16896
1.16896
1.16896
1.16896
1.16898
1.16968
1.17501
1.18883
1.20329
1.21504
1.26217
1.54387
2.29709
3.49235
49.9665
952.305
1026.83
1027.09
1027.1
1027.1
1027.1
1027.1
1027.1
1027.1
1027.1
1027.1
1027.1
1027.1
1027.1
1027.1
1027.1
1027.1
1027.1
1027.1
1027.1
1027.1
1027.1
1027.1
1027.1
1027.1
1027.1
1027.1
1027.1
1027.1
1027.1
1027.1
1027.1
1027.1
1027.1
1027.1
1027.1
1.16016
1.16008
1.16007
1.16019
1.16057
1.16202
1.16539
1.16825
1.16887
1.16891
1.1689
1.16891
1.16891
1.16891
1.16891
1.16891
1.16891
1.16891
1.16891
1.16892
1.16892
1.16892
1.16892
1.16892
1.16893
1.16893
1.16893
1.16893
1.16893
1.16894
1.16894
1.16894
1.16894
1.16894
1.16894
1.16895
1.16895
1.16895
1.16895
1.16896
1.16896
1.16896
1.16896
1.16897
1.16896
1.16897
1.16896
1.16898
1.16896
1.16899
1.16942
1.17534
1.19057
1.20042
1.20106
1.30409
1.449
2.41701
5.23951
57.3174
943.607
1026.01
1027.09
1027.1
1027.1
1027.1
1027.1
1027.1
1027.1
1027.1
1027.1
1027.1
1027.1
1027.1
1027.1
1027.1
1027.1
1027.1
1027.1
1027.1
1027.1
1027.1
1027.1
1027.1
1027.1
1027.1
1027.1
1027.1
1027.1
1027.1
1027.1
1027.1
1027.1
1027.1
1027.1
1027.1
1.16476
1.16594
1.16719
1.16748
1.16768
1.16815
1.16844
1.16864
1.16879
1.16889
1.1689
1.1689
1.1689
1.16891
1.16891
1.16891
1.16891
1.16891
1.16891
1.16892
1.16892
1.16892
1.16892
1.16892
1.16892
1.16892
1.16892
1.16893
1.16893
1.16893
1.16893
1.16893
1.16893
1.16894
1.16894
1.16894
1.16894
1.16894
1.16894
1.16894
1.16894
1.16894
1.16894
1.16895
1.16894
1.16895
1.16895
1.16896
1.16895
1.16962
1.17209
1.17691
1.18216
1.20808
1.23396
1.31896
1.45295
2.27967
3.99277
54.5836
928.664
1025.89
1027.09
1027.09
1027.1
1027.1
1027.1
1027.1
1027.1
1027.1
1027.1
1027.1
1027.1
1027.1
1027.1
1027.1
1027.1
1027.1
1027.1
1027.1
1027.1
1027.1
1027.1
1027.1
1027.1
1027.1
1027.1
1027.1
1027.1
1027.1
1027.1
1027.1
1027.1
1027.1
1027.1
1027.1
1.16403
1.16645
1.16689
1.16708
1.16765
1.16768
1.16776
1.1681
1.16859
1.16885
1.1689
1.1689
1.1689
1.16891
1.16891
1.16891
1.16891
1.16891
1.16892
1.16892
1.16892
1.16892
1.16892
1.16892
1.16892
1.16892
1.16893
1.16893
1.16893
1.16893
1.16893
1.16893
1.16893
1.16894
1.16894
1.16894
1.16894
1.16894
1.16894
1.16894
1.16894
1.16895
1.16894
1.16895
1.16894
1.16895
1.16895
1.16895
1.16895
1.16946
1.17126
1.17502
1.18055
1.20891
1.23518
1.29947
1.53153
2.22738
2.97472
37.436
948.588
1026.64
1027.09
1027.09
1027.1
1027.1
1027.1
1027.1
1027.1
1027.1
1027.1
1027.1
1027.1
1027.1
1027.1
1027.1
1027.1
1027.1
1027.1
1027.1
1027.1
1027.1
1027.1
1027.1
1027.1
1027.1
1027.1
1027.1
1027.1
1027.1
1027.1
1027.1
1027.1
1027.1
1027.1
1027.1
1.1638
1.16652
1.16651
1.16697
1.16726
1.16714
1.16737
1.16781
1.16843
1.16879
1.1689
1.1689
1.1689
1.1689
1.16891
1.16891
1.16891
1.16891
1.16891
1.16891
1.16892
1.16892
1.16892
1.16892
1.16892
1.16892
1.16892
1.16893
1.16893
1.16893
1.16893
1.16893
1.16893
1.16893
1.16894
1.16894
1.16894
1.16894
1.16894
1.16894
1.16894
1.16895
1.16894
1.16895
1.16894
1.16895
1.16895
1.16896
1.16895
1.16957
1.17119
1.17504
1.18013
1.21296
1.23847
1.28161
1.42582
2.11796
1.81988
38.8333
972.727
1027.07
1027.09
1027.09
1027.09
1027.1
1027.1
1027.1
1027.1
1027.1
1027.1
1027.1
1027.1
1027.1
1027.1
1027.1
1027.1
1027.1
1027.1
1027.1
1027.1
1027.1
1027.1
1027.1
1027.1
1027.1
1027.1
1027.1
1027.1
1027.1
1027.1
1027.1
1027.1
1027.1
1027.1
1027.1
1.16331
1.16574
1.16637
1.1668
1.1669
1.16694
1.16723
1.16753
1.16822
1.1687
1.16888
1.1689
1.1689
1.16891
1.16891
1.16891
1.16891
1.16891
1.16891
1.16892
1.16892
1.16892
1.16892
1.16892
1.16892
1.16892
1.16892
1.16893
1.16893
1.16893
1.16893
1.16893
1.16893
1.16894
1.16894
1.16894
1.16894
1.16894
1.16894
1.16894
1.16894
1.16895
1.16894
1.16896
1.16894
1.16896
1.16895
1.16897
1.16895
1.1697
1.17182
1.17668
1.18054
1.20859
1.23359
1.31844
1.34375
2.05334
1.74648
37.6939
981.745
1027.09
1027.09
1027.09
1027.09
1027.09
1027.1
1027.1
1027.1
1027.1
1027.1
1027.1
1027.1
1027.1
1027.1
1027.1
1027.1
1027.1
1027.1
1027.1
1027.1
1027.1
1027.1
1027.1
1027.1
1027.1
1027.1
1027.1
1027.1
1027.1
1027.1
1027.1
1027.1
1027.1
1027.1
1027.1
1.16336
1.16542
1.16635
1.16699
1.16669
1.1667
1.16704
1.16746
1.16818
1.16866
1.16887
1.1689
1.1689
1.16891
1.16891
1.16891
1.16891
1.16891
1.16891
1.16892
1.16892
1.16892
1.16892
1.16892
1.16892
1.16892
1.16893
1.16893
1.16893
1.16893
1.16893
1.16893
1.16893
1.16894
1.16894
1.16894
1.16894
1.16894
1.16894
1.16894
1.16894
1.16895
1.16895
1.16896
1.16895
1.16897
1.16895
1.16897
1.16897
1.16981
1.172
1.17698
1.18374
1.20348
1.25286
1.3781
1.37379
1.86236
1.77846
61.917
990.689
1027.03
1027.05
1027.07
1027.07
1027.08
1027.08
1027.08
1027.08
1027.09
1027.09
1027.09
1027.09
1027.09
1027.1
1027.1
1027.1
1027.1
1027.1
1027.1
1027.1
1027.1
1027.1
1027.1
1027.1
1027.1
1027.1
1027.1
1027.1
1027.1
1027.1
1027.1
1027.1
1027.1
1027.1
1027.1
1.16366
1.16572
1.16631
1.16739
1.16707
1.16705
1.16692
1.16741
1.16834
1.16873
1.16887
1.1689
1.1689
1.16891
1.16891
1.16891
1.16891
1.16891
1.16892
1.16892
1.16892
1.16892
1.16892
1.16892
1.16892
1.16892
1.16893
1.16893
1.16893
1.16893
1.16893
1.16893
1.16894
1.16894
1.16894
1.16894
1.16894
1.16895
1.16895
1.16895
1.16895
1.16896
1.16896
1.16897
1.16896
1.16897
1.16895
1.16898
1.16897
1.16988
1.17093
1.17567
1.18374
1.19652
1.23372
1.33329
1.47351
1.69248
1.74472
122.736
998.868
1026.59
1026.69
1026.75
1026.75
1026.77
1026.81
1026.88
1026.95
1027
1027.03
1027.04
1027.05
1027.06
1027.06
1027.07
1027.07
1027.07
1027.08
1027.08
1027.08
1027.08
1027.09
1027.09
1027.1
1027.1
1027.1
1027.1
1027.1
1027.1
1027.1
1027.1
1027.1
1027.1
1027.1
1027.1
1.16328
1.1651
1.16647
1.1659
1.16694
1.16745
1.16735
1.16739
1.16798
1.16834
1.16868
1.16887
1.16891
1.16891
1.16891
1.16892
1.16892
1.16892
1.16892
1.16892
1.16893
1.16893
1.16893
1.16893
1.16893
1.16893
1.16894
1.16894
1.16894
1.16894
1.16894
1.16894
1.16895
1.16895
1.16895
1.16895
1.16895
1.16895
1.16896
1.16896
1.16896
1.16897
1.16897
1.16897
1.16897
1.16897
1.16896
1.169
1.16899
1.16999
1.17064
1.17516
1.18457
1.19918
1.22483
1.28273
1.62342
1.75576
1.76186
202.191
1010.15
1026
1026.55
1026.65
1026.71
1026.79
1026.82
1026.8
1026.79
1026.81
1026.84
1026.87
1026.9
1026.93
1026.96
1026.99
1027.02
1027.04
1027.05
1027.03
1027.02
1027.01
1027
1027.01
1027.04
1027.06
1027.08
1027.09
1027.09
1027.1
1027.1
1027.1
1027.1
1027.1
1027.1
1027.1
1.16291
1.16335
1.16494
1.16449
1.16602
1.16645
1.16706
1.16735
1.16765
1.16786
1.16817
1.16869
1.16889
1.16891
1.16891
1.16891
1.16891
1.16892
1.16892
1.16892
1.16892
1.16892
1.16893
1.16893
1.16893
1.16893
1.16893
1.16893
1.16894
1.16894
1.16894
1.16894
1.16894
1.16894
1.16894
1.16895
1.16895
1.16895
1.16895
1.16895
1.16895
1.16896
1.16895
1.16897
1.16896
1.16897
1.16896
1.16901
1.16908
1.17014
1.17079
1.1754
1.18616
1.20443
1.21424
1.26955
1.58859
1.70639
1.73669
215.439
1010.38
1025.79
1026.76
1026.89
1026.91
1026.94
1026.97
1026.98
1026.96
1026.96
1026.97
1026.99
1027
1027
1027
1027
1027.02
1027.05
1027.08
1027.1
1027.1
1027.1
1027.1
1027.1
1027.1
1027.1
1027.1
1027.1
1027.1
1027.1
1027.1
1027.1
1027.1
1027.1
1027.1
1025.75
1.16272
1.16237
1.16294
1.16328
1.16441
1.16514
1.16612
1.16682
1.16742
1.16788
1.16816
1.16855
1.16885
1.16891
1.16891
1.16891
1.16891
1.16891
1.16892
1.16892
1.16892
1.16892
1.16892
1.16892
1.16893
1.16893
1.16893
1.16893
1.16893
1.16893
1.16894
1.16894
1.16894
1.16894
1.16894
1.16894
1.16894
1.16895
1.16894
1.16895
1.16895
1.16895
1.16895
1.16896
1.16895
1.16897
1.16895
1.16901
1.16919
1.17016
1.17085
1.17536
1.18149
1.21081
1.23294
1.27532
1.38764
1.68688
1.86315
202.963
1007.6
1026.67
1026.97
1027
1026.99
1027.02
1027.03
1027.03
1027.03
1027.03
1027.03
1027.03
1027.02
1027.02
1027.01
1027
1027
1026.99
1026.99
1027
1027.01
1027.02
1027.03
1027.02
1027.01
1027
1026.99
1026.97
1026.95
1026.96
1026.98
1027.02
1027.05
1027.04
1027.05
1027.05
1.16244
1.16231
1.16208
1.16269
1.16392
1.16581
1.16561
1.16604
1.16697
1.16778
1.16818
1.16852
1.16882
1.1689
1.1689
1.16891
1.16891
1.16891
1.16891
1.16891
1.16891
1.16892
1.16892
1.16892
1.16892
1.16892
1.16892
1.16893
1.16893
1.16893
1.16893
1.16893
1.16893
1.16894
1.16894
1.16894
1.16894
1.16894
1.16894
1.16895
1.16894
1.16895
1.16895
1.16896
1.16895
1.16896
1.16895
1.16899
1.16913
1.17007
1.17065
1.17473
1.17958
1.20148
1.25545
1.31632
1.37642
1.83402
1.75703
144.66
1002.13
1027.01
1027.04
1027.04
1027.04
1027.03
1027.03
1027.04
1027.05
1027.05
1027.05
1027.05
1027.05
1027.06
1027.07
1027.07
1027.07
1027.07
1027.08
1027.08
1027.08
1027.09
1027.09
1027.09
1027.09
1027.1
1027.1
1027.1
1027.1
1027.1
1027.1
1027.1
1027.1
1027.1
1027.1
1027.1
1.16212
1.16234
1.16154
1.16309
1.16476
1.1665
1.16561
1.16586
1.1669
1.16779
1.16822
1.16862
1.16886
1.1689
1.1689
1.1689
1.16891
1.16891
1.16891
1.16891
1.16891
1.16891
1.16892
1.16892
1.16892
1.16892
1.16892
1.16892
1.16893
1.16893
1.16893
1.16893
1.16893
1.16893
1.16894
1.16894
1.16894
1.16894
1.16894
1.16894
1.16894
1.16895
1.16895
1.16896
1.16895
1.16896
1.16895
1.16898
1.16905
1.17
1.17063
1.1739
1.1806
1.19904
1.25113
1.31689
1.33814
1.97856
1.86481
73.6273
974.362
1027.08
1027.08
1027.09
1027.09
1027.09
1027.09
1027.09
1027.1
1027.1
1027.1
1027.1
1027.09
1027.1
1027.1
1027.1
1027.1
1027.1
1027.1
1027.1
1027.1
1027.1
1027.1
1027.1
1027.1
1027.1
1027.1
1027.1
1027.1
1027.1
1027.1
1027.1
1027.1
1027.1
1027.1
1027.1
1.16226
1.16335
1.16312
1.16396
1.1655
1.16674
1.1664
1.16654
1.16723
1.168
1.1684
1.1688
1.16889
1.16891
1.16891
1.16891
1.16891
1.16891
1.16891
1.16891
1.16892
1.16892
1.16892
1.16892
1.16892
1.16892
1.16893
1.16893
1.16893
1.16893
1.16894
1.16894
1.16894
1.16894
1.16894
1.16895
1.16895
1.16895
1.16895
1.16895
1.16895
1.16896
1.16896
1.16897
1.16896
1.16897
1.16895
1.16899
1.16904
1.16993
1.17035
1.17239
1.18268
1.20468
1.22131
1.29502
1.32511
2.09567
1.91567
50.9191
973.29
1027.09
1027.09
1027.09
1027.09
1027.1
1027.1
1027.1
1027.1
1027.1
1027.1
1027.1
1027.1
1027.1
1027.1
1027.1
1027.1
1027.1
1027.1
1027.1
1027.1
1027.1
1027.1
1027.1
1027.1
1027.1
1027.1
1027.1
1027.1
1027.1
1027.1
1027.1
1027.1
1027.1
1027.1
1027.1
1.16145
1.16273
1.16325
1.16407
1.16486
1.16671
1.16714
1.16759
1.1677
1.16835
1.16868
1.1689
1.1689
1.16891
1.16891
1.16892
1.16891
1.16892
1.16892
1.16892
1.16892
1.16892
1.16893
1.16893
1.16893
1.16893
1.16893
1.16894
1.16894
1.16894
1.16894
1.16894
1.16894
1.16895
1.16895
1.16895
1.16895
1.16895
1.16896
1.16896
1.16896
1.16896
1.16897
1.16897
1.16897
1.16897
1.16896
1.16899
1.169
1.1697
1.16991
1.17206
1.18638
1.20819
1.21268
1.26655
1.39367
2.16711
1.91579
39.88
970.703
1027.08
1027.1
1027.1
1027.1
1027.1
1027.1
1027.1
1027.1
1027.1
1027.1
1027.1
1027.1
1027.1
1027.1
1027.1
1027.1
1027.1
1027.1
1027.1
1027.1
1027.1
1027.1
1027.1
1027.1
1027.1
1027.1
1027.1
1027.1
1027.1
1027.1
1027.1
1027.1
1027.1
1027.1
1027.1
1.16107
1.16133
1.16166
1.16172
1.16188
1.165
1.16733
1.16826
1.1683
1.16872
1.16888
1.16891
1.16891
1.16891
1.16892
1.16892
1.16892
1.16892
1.16892
1.16892
1.16893
1.16893
1.16893
1.16893
1.16893
1.16893
1.16894
1.16894
1.16894
1.16894
1.16894
1.16894
1.16895
1.16895
1.16895
1.16895
1.16895
1.16895
1.16896
1.16896
1.16896
1.16896
1.16896
1.16897
1.16896
1.16897
1.16896
1.16899
1.16897
1.16933
1.16945
1.17308
1.18734
1.20773
1.21362
1.24252
1.4823
2.23671
2.23058
40.6151
960.007
1027.05
1027.1
1027.1
1027.1
1027.1
1027.1
1027.1
1027.1
1027.1
1027.1
1027.1
1027.1
1027.1
1027.1
1027.1
1027.1
1027.1
1027.1
1027.1
1027.1
1027.1
1027.1
1027.1
1027.1
1027.1
1027.1
1027.1
1027.1
1027.1
1027.1
1027.1
1027.1
1027.1
1027.1
1027.1
1.16069
1.16041
1.16024
1.16034
1.16056
1.16246
1.16654
1.16854
1.16881
1.16891
1.16891
1.16891
1.16891
1.16891
1.16891
1.16892
1.16892
1.16892
1.16892
1.16892
1.16892
1.16892
1.16893
1.16893
1.16893
1.16893
1.16894
1.16894
1.16894
1.16894
1.16894
1.16894
1.16894
1.16895
1.16895
1.16895
1.16895
1.16895
1.16896
1.16896
1.16896
1.16896
1.16896
1.16897
1.16896
1.16897
1.16896
1.16898
1.16896
1.169
1.16928
1.1736
1.18684
1.20612
1.21278
1.2664
1.5709
2.31676
3.50787
41.9407
927.335
1026.21
1027.09
1027.1
1027.1
1027.1
1027.1
1027.1
1027.1
1027.1
1027.1
1027.1
1027.1
1027.1
1027.1
1027.1
1027.1
1027.1
1027.1
1027.1
1027.1
1027.1
1027.1
1027.1
1027.1
1027.1
1027.1
1027.1
1027.1
1027.1
1027.1
1027.1
1027.1
1027.1
1027.1
1027.1
1.16022
1.16018
1.16008
1.16009
1.16024
1.16133
1.16517
1.16842
1.16889
1.16891
1.1689
1.16891
1.1689
1.16891
1.16891
1.16892
1.16891
1.16892
1.16892
1.16892
1.16892
1.16892
1.16892
1.16893
1.16893
1.16893
1.16893
1.16893
1.16894
1.16894
1.16894
1.16894
1.16894
1.16894
1.16894
1.16895
1.16895
1.16895
1.16895
1.16896
1.16895
1.16896
1.16896
1.16897
1.16896
1.16897
1.16896
1.16898
1.16896
1.16898
1.16936
1.17331
1.18963
1.2063
1.21113
1.28515
1.48477
2.33766
5.0303
56.1187
922.53
1025.5
1027.09
1027.1
1027.1
1027.1
1027.1
1027.1
1027.1
1027.1
1027.1
1027.1
1027.1
1027.1
1027.1
1027.1
1027.1
1027.1
1027.1
1027.1
1027.1
1027.1
1027.1
1027.1
1027.1
1027.1
1027.1
1027.1
1027.1
1027.1
1027.1
1027.1
1027.1
1027.1
1027.1
1027.1
1.16592
1.16725
1.16778
1.16784
1.16785
1.16795
1.16815
1.16864
1.16887
1.1689
1.1689
1.16891
1.16891
1.16891
1.16891
1.16891
1.16891
1.16892
1.16892
1.16892
1.16892
1.16892
1.16892
1.16893
1.16893
1.16893
1.16893
1.16893
1.16893
1.16893
1.16893
1.16894
1.16894
1.16894
1.16894
1.16894
1.16894
1.16894
1.16894
1.16894
1.16894
1.16895
1.16895
1.16895
1.16895
1.16896
1.16895
1.16896
1.16895
1.16936
1.17182
1.17699
1.18303
1.20946
1.23229
1.32421
1.49858
2.04165
2.42257
62.9777
946.802
1026.34
1027.09
1027.09
1027.1
1027.1
1027.1
1027.1
1027.1
1027.1
1027.1
1027.1
1027.1
1027.1
1027.1
1027.1
1027.1
1027.1
1027.1
1027.1
1027.1
1027.1
1027.1
1027.1
1027.1
1027.1
1027.1
1027.1
1027.1
1027.1
1027.1
1027.1
1027.1
1027.1
1027.1
1027.1
1.16534
1.16748
1.16778
1.16779
1.16784
1.1679
1.16809
1.16855
1.16879
1.16889
1.1689
1.16891
1.16891
1.16891
1.16891
1.16891
1.16891
1.16892
1.16892
1.16892
1.16892
1.16892
1.16892
1.16893
1.16893
1.16893
1.16893
1.16893
1.16893
1.16893
1.16893
1.16894
1.16894
1.16894
1.16894
1.16894
1.16894
1.16894
1.16894
1.16894
1.16894
1.16895
1.16894
1.16895
1.16895
1.16896
1.16895
1.16896
1.16895
1.16932
1.17141
1.1763
1.18271
1.21143
1.23568
1.29701
1.52525
2.36584
3.34221
42.1076
931.835
1026.1
1027.09
1027.09
1027.1
1027.1
1027.1
1027.1
1027.1
1027.1
1027.1
1027.1
1027.1
1027.1
1027.1
1027.1
1027.1
1027.1
1027.1
1027.1
1027.1
1027.1
1027.1
1027.1
1027.1
1027.1
1027.1
1027.1
1027.1
1027.1
1027.1
1027.1
1027.1
1027.1
1027.1
1027.1
1.16471
1.16757
1.16774
1.16775
1.16783
1.16783
1.168
1.16843
1.16873
1.16889
1.1689
1.16891
1.16891
1.16891
1.16891
1.16891
1.16891
1.16892
1.16892
1.16892
1.16892
1.16892
1.16892
1.16893
1.16893
1.16893
1.16893
1.16893
1.16893
1.16893
1.16893
1.16893
1.16894
1.16894
1.16894
1.16894
1.16894
1.16894
1.16894
1.16894
1.16894
1.16895
1.16894
1.16895
1.16894
1.16896
1.16895
1.16896
1.16895
1.16935
1.17111
1.1752
1.18083
1.21104
1.23946
1.27746
1.4217
2.25813
2.62023
33.9734
941.367
1026.47
1027.09
1027.09
1027.09
1027.1
1027.1
1027.1
1027.1
1027.1
1027.1
1027.1
1027.1
1027.1
1027.1
1027.1
1027.1
1027.1
1027.1
1027.1
1027.1
1027.1
1027.1
1027.1
1027.1
1027.1
1027.1
1027.1
1027.1
1027.1
1027.1
1027.1
1027.1
1027.1
1027.1
1027.1
1.16393
1.16741
1.16765
1.16772
1.16778
1.16779
1.16795
1.16833
1.16866
1.16888
1.1689
1.16891
1.16891
1.16891
1.16891
1.16891
1.16891
1.16892
1.16892
1.16892
1.16892
1.16892
1.16892
1.16893
1.16892
1.16893
1.16893
1.16893
1.16893
1.16893
1.16893
1.16893
1.16894
1.16894
1.16894
1.16894
1.16894
1.16894
1.16894
1.16894
1.16894
1.16895
1.16894
1.16895
1.16894
1.16896
1.16895
1.16896
1.16895
1.16944
1.1712
1.17476
1.17826
1.20054
1.24512
1.3273
1.38936
2.18932
2.34743
32.8398
949.134
1026.57
1027.09
1027.09
1027.09
1027.1
1027.1
1027.1
1027.1
1027.1
1027.1
1027.1
1027.1
1027.1
1027.1
1027.1
1027.1
1027.1
1027.1
1027.1
1027.1
1027.1
1027.1
1027.1
1027.1
1027.1
1027.1
1027.1
1027.1
1027.1
1027.1
1027.1
1027.1
1027.1
1027.1
1027.1
1.16292
1.16685
1.16762
1.16773
1.16777
1.16774
1.16788
1.16825
1.16862
1.16886
1.1689
1.16891
1.16891
1.16891
1.16891
1.16891
1.16891
1.16892
1.16892
1.16892
1.16892
1.16892
1.16892
1.16893
1.16893
1.16893
1.16893
1.16893
1.16893
1.16893
1.16893
1.16894
1.16894
1.16894
1.16894
1.16894
1.16894
1.16894
1.16894
1.16894
1.16894
1.16895
1.16894
1.16895
1.16894
1.16896
1.16895
1.16897
1.16896
1.16958
1.17155
1.17527
1.17891
1.21204
1.31888
1.33234
1.33102
1.93185
2.22991
45.0476
956.731
1026.65
1027.09
1027.09
1027.09
1027.09
1027.09
1027.09
1027.1
1027.1
1027.1
1027.1
1027.1
1027.1
1027.1
1027.1
1027.1
1027.1
1027.1
1027.1
1027.1
1027.1
1027.1
1027.1
1027.1
1027.1
1027.1
1027.1
1027.1
1027.1
1027.1
1027.1
1027.1
1027.1
1027.1
1027.1
1.16225
1.16585
1.16754
1.16776
1.16778
1.16775
1.16781
1.16817
1.16863
1.16885
1.1689
1.16891
1.16891
1.16891
1.16891
1.16891
1.16891
1.16892
1.16892
1.16892
1.16892
1.16892
1.16892
1.16893
1.16893
1.16893
1.16893
1.16893
1.16893
1.16893
1.16893
1.16894
1.16894
1.16894
1.16894
1.16894
1.16894
1.16894
1.16894
1.16894
1.16894
1.16895
1.16894
1.16895
1.16894
1.16896
1.16895
1.16897
1.16897
1.1697
1.17162
1.17523
1.17905
1.20543
1.29567
1.353
1.41305
1.66193
2.40983
67.7944
969.728
1026.76
1027.09
1027.09
1027.09
1027.09
1027.09
1027.1
1027.1
1027.1
1027.1
1027.1
1027.1
1027.1
1027.1
1027.1
1027.1
1027.1
1027.1
1027.1
1027.1
1027.1
1027.1
1027.1
1027.1
1027.1
1027.1
1027.1
1027.1
1027.1
1027.1
1027.1
1027.1
1027.1
1027.1
1027.1
1.16178
1.16449
1.16717
1.16779
1.1678
1.16776
1.16778
1.16804
1.16863
1.16883
1.1689
1.1689
1.16891
1.16891
1.16891
1.16891
1.16891
1.16892
1.16892
1.16892
1.16892
1.16892
1.16892
1.16893
1.16892
1.16893
1.16893
1.16893
1.16893
1.16893
1.16893
1.16894
1.16894
1.16894
1.16894
1.16894
1.16894
1.16894
1.16894
1.16894
1.16894
1.16895
1.16894
1.16895
1.16894
1.16896
1.16895
1.16897
1.16898
1.16977
1.17165
1.17526
1.17935
1.19487
1.25147
1.32789
1.47875
1.54052
2.62868
93.1864
983.216
1026.86
1027.09
1027.1
1027.1
1027.09
1027.1
1027.1
1027.1
1027.1
1027.1
1027.1
1027.1
1027.1
1027.1
1027.1
1027.1
1027.1
1027.1
1027.1
1027.1
1027.1
1027.1
1027.1
1027.1
1027.1
1027.1
1027.1
1027.1
1027.1
1027.1
1027.1
1027.1
1027.1
1027.1
1027.1
1.16138
1.16308
1.16605
1.16747
1.16778
1.16781
1.1678
1.1679
1.16861
1.16878
1.16886
1.1689
1.16891
1.16891
1.16891
1.16891
1.16891
1.16892
1.16892
1.16892
1.16892
1.16892
1.16892
1.16893
1.16892
1.16893
1.16893
1.16893
1.16893
1.16893
1.16893
1.16893
1.16894
1.16894
1.16894
1.16894
1.16894
1.16894
1.16894
1.16894
1.16894
1.16895
1.16894
1.16895
1.16894
1.16896
1.16895
1.16898
1.169
1.16984
1.17182
1.17557
1.18113
1.19862
1.22679
1.2889
1.45533
1.52146
2.9602
110.802
994.225
1026.96
1027.1
1027.1
1027.1
1027.1
1027.1
1027.1
1027.1
1027.1
1027.1
1027.1
1027.1
1027.1
1027.1
1027.1
1027.1
1027.1
1027.1
1027.1
1027.1
1027.1
1027.1
1027.1
1027.1
1027.1
1027.1
1027.1
1027.1
1027.1
1027.1
1027.1
1027.1
1027.1
1027.1
1027.1
1.16133
1.16219
1.16412
1.1643
1.1657
1.1672
1.16775
1.16784
1.16852
1.16877
1.16886
1.1689
1.1689
1.16891
1.16891
1.16891
1.16891
1.16891
1.16892
1.16892
1.16892
1.16892
1.16892
1.16892
1.16892
1.16892
1.16893
1.16893
1.16893
1.16893
1.16893
1.16893
1.16894
1.16894
1.16894
1.16894
1.16894
1.16894
1.16894
1.16894
1.16894
1.16895
1.16894
1.16895
1.16894
1.16896
1.16895
1.16897
1.169
1.16986
1.17186
1.17643
1.18859
1.20901
1.23026
1.28829
1.39246
1.55098
3.01055
97.7722
987.287
1026.88
1027.1
1027.1
1027.1
1027.1
1027.1
1027.1
1027.1
1027.1
1027.1
1027.1
1027.1
1027.1
1027.1
1027.1
1027.1
1027.1
1027.1
1027.1
1027.1
1027.1
1027.1
1027.1
1027.1
1027.1
1027.1
1027.1
1027.1
1027.1
1027.1
1027.1
1027.1
1027.1
1027.1
1027.1
1.16106
1.16145
1.16212
1.16209
1.1622
1.16427
1.16711
1.16772
1.16842
1.16877
1.16887
1.1689
1.1689
1.16891
1.16891
1.16891
1.16891
1.16891
1.16892
1.16892
1.16892
1.16892
1.16892
1.16892
1.16892
1.16892
1.16893
1.16893
1.16893
1.16893
1.16893
1.16893
1.16894
1.16894
1.16894
1.16894
1.16894
1.16894
1.16894
1.16894
1.16894
1.16895
1.16894
1.16895
1.16894
1.16896
1.16895
1.16898
1.16901
1.16991
1.1718
1.17614
1.18642
1.22215
1.28592
1.31907
1.33442
1.75823
2.65215
74.8009
977.126
1026.79
1027.09
1027.1
1027.09
1027.09
1027.09
1027.1
1027.1
1027.1
1027.1
1027.1
1027.1
1027.1
1027.1
1027.1
1027.1
1027.1
1027.1
1027.1
1027.1
1027.1
1027.1
1027.1
1027.1
1027.1
1027.1
1027.1
1027.1
1027.1
1027.1
1027.1
1027.1
1027.1
1027.1
1027.1
1.16096
1.16106
1.16114
1.1611
1.16139
1.16209
1.1662
1.16753
1.16834
1.16877
1.16887
1.1689
1.1689
1.16891
1.16891
1.16891
1.16891
1.16892
1.16892
1.16892
1.16892
1.16892
1.16892
1.16893
1.16892
1.16893
1.16893
1.16893
1.16893
1.16893
1.16893
1.16894
1.16894
1.16894
1.16894
1.16894
1.16894
1.16895
1.16894
1.16895
1.16894
1.16895
1.16895
1.16896
1.16895
1.16897
1.16895
1.16898
1.16905
1.17
1.17164
1.17574
1.18082
1.20792
1.27989
1.31393
1.30693
2.0371
2.51177
49.0356
956.487
1026.53
1027.09
1027.1
1027.09
1027.1
1027.1
1027.1
1027.1
1027.1
1027.1
1027.1
1027.1
1027.1
1027.1
1027.1
1027.1
1027.1
1027.1
1027.1
1027.1
1027.1
1027.1
1027.1
1027.1
1027.1
1027.1
1027.1
1027.1
1027.1
1027.1
1027.1
1027.1
1027.1
1027.1
1027.1
1.16108
1.16112
1.16103
1.1612
1.16219
1.16392
1.16587
1.16716
1.16821
1.16878
1.16888
1.16891
1.1689
1.16891
1.16891
1.16891
1.16891
1.16892
1.16892
1.16892
1.16892
1.16892
1.16892
1.16893
1.16893
1.16893
1.16893
1.16893
1.16893
1.16893
1.16894
1.16894
1.16894
1.16894
1.16894
1.16895
1.16895
1.16895
1.16895
1.16895
1.16895
1.16896
1.16895
1.16897
1.16896
1.16897
1.16895
1.16899
1.16906
1.1701
1.17133
1.17486
1.179
1.19273
1.25115
1.30431
1.35552
2.25891
2.58136
40.5721
947.625
1026.42
1027.09
1027.1
1027.1
1027.1
1027.1
1027.1
1027.1
1027.1
1027.1
1027.1
1027.1
1027.1
1027.1
1027.1
1027.1
1027.1
1027.1
1027.1
1027.1
1027.1
1027.1
1027.1
1027.1
1027.1
1027.1
1027.1
1027.1
1027.1
1027.1
1027.1
1027.1
1027.1
1027.1
1027.1
1.16078
1.16118
1.16128
1.16334
1.16481
1.16531
1.16539
1.16708
1.16822
1.1688
1.16889
1.16891
1.16891
1.16891
1.16891
1.16892
1.16891
1.16892
1.16892
1.16892
1.16892
1.16892
1.16893
1.16893
1.16893
1.16893
1.16893
1.16893
1.16894
1.16894
1.16894
1.16894
1.16894
1.16895
1.16895
1.16895
1.16895
1.16895
1.16895
1.16896
1.16896
1.16896
1.16897
1.16897
1.16897
1.16897
1.16895
1.169
1.16905
1.17006
1.17103
1.17302
1.17964
1.20655
1.23395
1.2849
1.40404
2.31561
2.69798
35.5295
941.224
1026.38
1027.09
1027.1
1027.1
1027.1
1027.1
1027.1
1027.1
1027.1
1027.1
1027.1
1027.1
1027.1
1027.1
1027.1
1027.1
1027.1
1027.1
1027.1
1027.1
1027.1
1027.1
1027.1
1027.1
1027.1
1027.1
1027.1
1027.1
1027.1
1027.1
1027.1
1027.1
1027.1
1027.1
1027.1
1.16137
1.16218
1.16309
1.16451
1.16469
1.16616
1.16597
1.16737
1.16833
1.16886
1.1689
1.16891
1.16891
1.16891
1.16891
1.16892
1.16892
1.16892
1.16892
1.16892
1.16892
1.16893
1.16893
1.16893
1.16893
1.16893
1.16894
1.16894
1.16894
1.16894
1.16894
1.16894
1.16894
1.16895
1.16895
1.16895
1.16895
1.16895
1.16895
1.16896
1.16896
1.16896
1.16896
1.16897
1.16896
1.16897
1.16896
1.16899
1.169
1.16987
1.17028
1.1711
1.18785
1.21063
1.22057
1.26782
1.42067
2.36205
3.15566
33.3802
932.425
1026.17
1027.09
1027.1
1027.1
1027.1
1027.1
1027.1
1027.1
1027.1
1027.1
1027.1
1027.1
1027.1
1027.1
1027.1
1027.1
1027.1
1027.1
1027.1
1027.1
1027.1
1027.1
1027.1
1027.1
1027.1
1027.1
1027.1
1027.1
1027.1
1027.1
1027.1
1027.1
1027.1
1027.1
1027.1
1.16094
1.16059
1.16088
1.16119
1.16125
1.16553
1.16739
1.16814
1.16862
1.16889
1.1689
1.16891
1.16891
1.16891
1.16891
1.16892
1.16891
1.16892
1.16892
1.16892
1.16892
1.16892
1.16892
1.16893
1.16893
1.16893
1.16893
1.16893
1.16894
1.16894
1.16894
1.16894
1.16894
1.16894
1.16894
1.16895
1.16895
1.16895
1.16895
1.16895
1.16895
1.16896
1.16896
1.16896
1.16896
1.16897
1.16896
1.16898
1.16897
1.1691
1.16905
1.17209
1.18491
1.208
1.21662
1.25502
1.54034
2.4688
4.00963
43.2802
932.256
1026.03
1027.09
1027.1
1027.1
1027.1
1027.1
1027.1
1027.1
1027.1
1027.1
1027.1
1027.1
1027.1
1027.1
1027.1
1027.1
1027.1
1027.1
1027.1
1027.1
1027.1
1027.1
1027.1
1027.1
1027.1
1027.1
1027.1
1027.1
1027.1
1027.1
1027.1
1027.1
1027.1
1027.1
1027.1
1.1604
1.16042
1.16043
1.16046
1.16056
1.16201
1.16612
1.16855
1.16887
1.16891
1.1689
1.16891
1.1689
1.16891
1.16891
1.16891
1.16891
1.16892
1.16892
1.16892
1.16892
1.16892
1.16892
1.16892
1.16893
1.16893
1.16893
1.16893
1.16894
1.16894
1.16894
1.16894
1.16894
1.16894
1.16894
1.16895
1.16895
1.16895
1.16895
1.16896
1.16895
1.16896
1.16896
1.16897
1.16896
1.16897
1.16896
1.16898
1.16896
1.16898
1.16923
1.17231
1.18402
1.20647
1.2163
1.26781
1.54326
2.19014
3.0731
64.3253
954.207
1026.43
1027.09
1027.1
1027.1
1027.1
1027.1
1027.1
1027.1
1027.1
1027.1
1027.1
1027.1
1027.1
1027.1
1027.1
1027.1
1027.1
1027.1
1027.1
1027.1
1027.1
1027.1
1027.1
1027.1
1027.1
1027.1
1027.1
1027.1
1027.1
1027.1
1027.1
1027.1
1027.1
1027.1
1027.1
)
;

boundaryField
{
    outlet
    {
        type            calculated;
        value           nonuniform List<scalar> 
64
(
1.16407
1.16346
1.16342
1.16362
1.16395
1.16416
1.16421
1.16415
1.15862
1.15862
1.15862
1.15862
1.15862
1.15862
1.15862
1.15862
1.1642
1.16391
1.16404
1.16413
1.16415
1.15862
1.15862
1.15862
1.15862
1.15862
1.15862
1.15862
1.15862
1.15862
1.15862
1.15862
1.16476
1.15862
1.1638
1.15862
1.15862
1.15862
1.15862
1.15862
1.15862
1.15862
1.15862
1.15862
1.15862
1.15862
1.15862
1.15862
1.15862
1.15862
1.15862
1.15862
1.15862
1.15862
1.15862
1.15862
1.15862
1.15862
1.15862
1.15862
1.15862
1.15862
1.15862
1.15862
)
;
    }
    inlet
    {
        type            calculated;
        value           uniform 1.21031;
    }
    walls
    {
        type            calculated;
        value           nonuniform List<scalar> 
3903
(
1.16407
1.16407
1.165
1.165
1.1662
1.1662
1.16658
1.16658
1.16719
1.16719
1.16801
1.16801
1.1687
1.1687
1.16889
1.16889
1.1689
1.1689
1.1689
1.1689
1.1689
1.1689
1.1689
1.1689
1.1689
1.1689
1.16891
1.16891
1.16891
1.16891
1.16891
1.16891
1.16891
1.16891
1.16891
1.16891
1.16891
1.16891
1.16892
1.16892
1.16892
1.16892
1.16892
1.16892
1.16892
1.16892
1.16892
1.16892
1.16892
1.16892
1.16892
1.16892
1.16892
1.16892
1.16893
1.16893
1.16893
1.16893
1.16893
1.16893
1.16893
1.16893
1.16893
1.16893
1.16893
1.16893
1.16894
1.16894
1.16894
1.16894
1.16894
1.16894
1.16894
1.16894
1.16894
1.16894
1.16894
1.16894
1.16894
1.16894
1.16894
1.16894
1.16895
1.16895
1.16894
1.16894
1.16895
1.16895
1.16894
1.16894
1.16896
1.16896
1.16895
1.16895
1.16896
1.16896
1.16895
1.16895
1.16976
1.16976
1.17129
1.17129
1.17523
1.17523
1.18211
1.18211
1.20888
1.20888
1.23613
1.23613
1.32814
1.32814
1.47274
1.47274
2.02619
2.02619
2.46824
2.46824
46.9446
46.9446
964.805
964.805
1026.65
1026.65
1027.09
1027.09
1027.09
1027.09
1027.1
1027.1
1027.1
1027.1
1027.1
1027.1
1027.1
1027.1
1027.1
1027.1
1027.1
1027.1
1027.1
1027.1
1027.1
1027.1
1027.1
1027.1
1027.1
1027.1
1027.1
1027.1
1027.1
1027.1
1027.1
1027.1
1027.1
1027.1
1027.1
1027.1
1027.1
1027.1
1027.1
1027.1
1027.1
1027.1
1027.1
1027.1
1027.1
1027.1
1027.1
1027.1
1027.1
1027.1
1027.1
1027.1
1027.1
1027.1
1027.1
1027.1
1027.1
1027.1
1027.1
1027.1
1027.1
1027.1
1027.1
1027.1
1027.1
1027.1
1027.1
1027.1
1027.1
1027.1
1027.1
1.16346
1.16427
1.16503
1.16575
1.16685
1.16773
1.16868
1.1689
1.1689
1.1689
1.1689
1.1689
1.16891
1.16891
1.16891
1.16891
1.16891
1.16891
1.16892
1.16892
1.16892
1.16892
1.16892
1.16892
1.16892
1.16892
1.16893
1.16893
1.16893
1.16893
1.16893
1.16893
1.16894
1.16894
1.16894
1.16894
1.16894
1.16894
1.16894
1.16894
1.16894
1.16894
1.16894
1.16895
1.16894
1.16896
1.16895
1.16896
1.16895
1.16924
1.17049
1.17302
1.18281
1.21895
1.23213
1.30125
1.49016
2.13097
2.54193
44.6601
972.581
1027.04
1027.09
1027.09
1027.1
1027.1
1027.1
1027.1
1027.1
1027.1
1027.1
1027.1
1027.1
1027.1
1027.1
1027.1
1027.1
1027.1
1027.1
1027.1
1027.1
1027.1
1027.1
1027.1
1027.1
1027.1
1027.1
1027.1
1027.1
1027.1
1027.1
1027.1
1027.1
1027.1
1027.1
1027.1
1027.1
1.16342
1.16407
1.16463
1.16541
1.16629
1.16691
1.16829
1.16888
1.1689
1.1689
1.1689
1.1689
1.16891
1.16891
1.16891
1.16891
1.16891
1.16891
1.16892
1.16892
1.16892
1.16892
1.16892
1.16892
1.16893
1.16892
1.16893
1.16893
1.16893
1.16893
1.16893
1.16893
1.16894
1.16894
1.16894
1.16894
1.16894
1.16895
1.16894
1.16894
1.16894
1.16895
1.16894
1.16895
1.16895
1.16896
1.16895
1.16897
1.16895
1.1694
1.17083
1.17384
1.18212
1.21477
1.22905
1.33929
1.39377
1.96793
2.08356
35.5435
968.923
1027.09
1027.09
1027.09
1027.09
1027.1
1027.1
1027.1
1027.1
1027.1
1027.1
1027.1
1027.1
1027.1
1027.1
1027.1
1027.1
1027.1
1027.1
1027.1
1027.1
1027.1
1027.1
1027.1
1027.1
1027.1
1027.1
1027.1
1027.1
1027.1
1027.1
1027.1
1027.1
1027.1
1027.1
1027.1
1027.1
1.16362
1.16402
1.1643
1.16477
1.16536
1.16647
1.16785
1.16878
1.1689
1.1689
1.1689
1.1689
1.1689
1.16891
1.16891
1.16891
1.16891
1.16891
1.16892
1.16892
1.16892
1.16892
1.16892
1.16892
1.16892
1.16892
1.16893
1.16893
1.16893
1.16893
1.16893
1.16893
1.16893
1.16894
1.16894
1.16894
1.16894
1.16894
1.16894
1.16895
1.16894
1.16895
1.16894
1.16895
1.16895
1.16896
1.16895
1.16897
1.16895
1.16964
1.17139
1.17574
1.17991
1.2036
1.24179
1.37078
1.35646
1.81274
1.67857
45.411
969.365
1027.09
1027.09
1027.09
1027.09
1027.1
1027.1
1027.1
1027.1
1027.1
1027.1
1027.1
1027.1
1027.1
1027.1
1027.1
1027.1
1027.1
1027.1
1027.1
1027.1
1027.1
1027.1
1027.1
1027.1
1027.1
1027.1
1027.1
1027.1
1027.1
1027.1
1027.1
1027.1
1027.1
1027.1
1027.1
1027.1
1.16395
1.1642
1.16427
1.16467
1.16502
1.16612
1.16727
1.16825
1.16887
1.1689
1.1689
1.1689
1.16891
1.16891
1.16891
1.16891
1.16891
1.16891
1.16892
1.16892
1.16892
1.16892
1.16892
1.16893
1.16893
1.16893
1.16893
1.16893
1.16893
1.16893
1.16893
1.16894
1.16894
1.16894
1.16894
1.16894
1.16894
1.16895
1.16894
1.16895
1.16894
1.16895
1.16894
1.16896
1.16895
1.16897
1.16895
1.16898
1.16895
1.16965
1.17143
1.17646
1.18367
1.19336
1.2542
1.40563
1.40076
1.6581
1.39686
118.202
1012.34
1027.08
1027.09
1027.09
1027.09
1027.09
1027.09
1027.09
1027.09
1027.09
1027.09
1027.09
1027.09
1027.09
1027.09
1027.09
1027.1
1027.1
1027.1
1027.1
1027.1
1027.1
1027.1
1027.1
1027.1
1027.1
1027.1
1027.1
1027.1
1027.1
1027.1
1027.1
1027.1
1027.1
1027.1
1027.1
1027.1
1.16416
1.16443
1.16451
1.1647
1.16494
1.16591
1.16667
1.16767
1.16842
1.16883
1.16888
1.1689
1.1689
1.16891
1.16891
1.16891
1.16891
1.16891
1.16891
1.16892
1.16892
1.16892
1.16892
1.16892
1.16892
1.16892
1.16893
1.16893
1.16893
1.16893
1.16893
1.16893
1.16894
1.16894
1.16894
1.16894
1.16894
1.16895
1.16894
1.16895
1.16894
1.16895
1.16894
1.16896
1.16895
1.16897
1.16895
1.16898
1.16895
1.16945
1.17054
1.17393
1.18051
1.19305
1.23747
1.39286
1.38768
1.48217
1.19517
282.307
1022.16
1025.82
1026.13
1026.31
1026.27
1026.22
1026.17
1026.13
1026.09
1026.1
1026.01
1025.98
1026.14
1026.22
1026.28
1026.42
1026.58
1026.72
1026.85
1026.95
1027.03
1027.07
1027.09
1027.1
1027.1
1027.1
1027.1
1027.1
1027.1
1027.1
1027.1
1027.1
1027.1
1027.1
1027.1
1027.1
1027.1
1.16421
1.16458
1.16489
1.165
1.16504
1.16588
1.16627
1.16718
1.16792
1.16835
1.16882
1.1689
1.16891
1.16891
1.16891
1.16891
1.16891
1.16892
1.16892
1.16892
1.16892
1.16892
1.16892
1.16893
1.16893
1.16893
1.16893
1.16893
1.16893
1.16894
1.16894
1.16894
1.16894
1.16894
1.16894
1.16894
1.16895
1.16895
1.16895
1.16895
1.16895
1.16896
1.16895
1.16896
1.16895
1.16897
1.16895
1.16898
1.16895
1.16949
1.17039
1.17308
1.178
1.20297
1.21886
1.34037
1.42626
1.48795
1.16898
528.513
1008.97
1012.9
1012.72
1014.06
1014.68
1014.18
1013.41
1012.67
1012.87
1013.67
1012.41
1012.26
1013.37
1013.72
1014.18
1014.89
1015.79
1016.58
1017.65
1019.17
1020.63
1022.23
1023.63
1024.91
1026
1026.74
1027.09
1027.1
1027.09
1027.1
1027.1
1027.1
1027.1
1027.1
1027.1
1027.1
1027.1
1.16415
1.16454
1.16517
1.16544
1.16569
1.16624
1.16623
1.16703
1.16751
1.16833
1.16884
1.1689
1.1689
1.16891
1.16891
1.16891
1.16891
1.16892
1.16892
1.16892
1.16892
1.16892
1.16892
1.16893
1.16893
1.16893
1.16893
1.16893
1.16893
1.16894
1.16894
1.16894
1.16894
1.16894
1.16894
1.16895
1.16895
1.16895
1.16895
1.16896
1.16895
1.16896
1.16896
1.16897
1.16896
1.16897
1.16896
1.16899
1.16898
1.16972
1.17061
1.17361
1.18489
1.21381
1.22887
1.29314
1.39785
1.50309
1.16898
639.907
993.923
995.507
994.769
994.37
993.934
993.883
993.896
993.734
993.573
993.365
993.227
993.056
993.099
993.221
993.339
993.372
993.19
992.546
992.024
991.675
991.469
991.276
991.123
991.109
991.221
991.449
991.71
991.999
992.103
992.505
993.098
993.963
995.456
997.431
1001.32
1006.29
1006.29
1.16396
1.16466
1.16541
1.16589
1.16617
1.16661
1.16657
1.16726
1.16753
1.16836
1.16885
1.1689
1.1689
1.16891
1.16891
1.16891
1.16891
1.16891
1.16891
1.16892
1.16892
1.16892
1.16892
1.16892
1.16892
1.16893
1.16893
1.16893
1.16893
1.16893
1.16893
1.16894
1.16894
1.16894
1.16894
1.16894
1.16895
1.16895
1.16895
1.16895
1.16895
1.16896
1.16896
1.16896
1.16896
1.16897
1.16896
1.16899
1.16896
1.16972
1.17063
1.17294
1.18728
1.22145
1.24194
1.28091
1.3408
1.45989
1.16898
583.103
1006.43
1010.99
1010.56
1007.99
1006.34
1004.82
1007.87
1012.09
1012.65
1012.62
1012.59
1013.45
1014.08
1014.41
1014.61
1014.63
1013.87
1012.56
1012.18
1011.12
1010.67
1011.39
1010.88
1010.54
1010.52
1010.74
1010.98
1011.51
1012.4
1013.45
1014.77
1016.36
1018.33
1020.68
1023.25
1025.23
1025.23
1.16379
1.16453
1.16538
1.16621
1.16668
1.16706
1.16707
1.16774
1.1679
1.16861
1.16888
1.16891
1.16891
1.16891
1.16891
1.16892
1.16892
1.16892
1.16892
1.16892
1.16892
1.16892
1.16893
1.16893
1.16893
1.16893
1.16893
1.16893
1.16894
1.16894
1.16894
1.16894
1.16894
1.16894
1.16895
1.16895
1.16895
1.16895
1.16895
1.16896
1.16895
1.16896
1.16896
1.16897
1.16896
1.16897
1.16896
1.16899
1.16897
1.16962
1.17066
1.17343
1.18589
1.21839
1.23226
1.30009
1.33058
1.51868
1.186
410.522
1017.73
1022.27
1023.05
1024.08
1024.8
1025.18
1025.66
1026
1026.05
1025.99
1025.85
1025.83
1025.81
1025.85
1025.91
1025.88
1025.73
1025.69
1025.79
1025.65
1025.37
1025.37
1025.33
1025.25
1025.22
1025.31
1025.6
1025.77
1026.03
1026.27
1026.46
1026.68
1026.86
1026.99
1027.06
1027.08
1027.08
1.1633
1.16396
1.16523
1.16628
1.16721
1.16766
1.16784
1.16852
1.16866
1.16889
1.1689
1.16891
1.1689
1.16891
1.16891
1.16891
1.16891
1.16891
1.16891
1.16892
1.16892
1.16892
1.16892
1.16892
1.16893
1.16893
1.16893
1.16893
1.16893
1.16894
1.16894
1.16894
1.16894
1.16894
1.16894
1.16895
1.16895
1.16895
1.16895
1.16896
1.16895
1.16896
1.16896
1.16897
1.16896
1.16897
1.16896
1.16899
1.16896
1.16931
1.17061
1.17426
1.18375
1.20704
1.22039
1.32078
1.34914
1.69268
1.45299
181.442
1011.49
1026.83
1026.95
1027.05
1027.08
1027.09
1027.09
1027.09
1027.09
1027.09
1027.09
1027.09
1027.09
1027.09
1027.09
1027.09
1027.09
1027.09
1027.09
1027.09
1027.09
1027.08
1027.08
1027.08
1027.08
1027.08
1027.08
1027.09
1027.09
1027.1
1027.1
1027.1
1027.1
1027.1
1027.1
1027.1
1027.1
1.1625
1.16329
1.16467
1.1658
1.16715
1.16806
1.16852
1.16886
1.16888
1.1689
1.1689
1.16891
1.16891
1.16891
1.16891
1.16892
1.16891
1.16892
1.16892
1.16892
1.16892
1.16892
1.16892
1.16893
1.16893
1.16893
1.16893
1.16893
1.16894
1.16894
1.16894
1.16894
1.16894
1.16894
1.16895
1.16895
1.16895
1.16895
1.16895
1.16896
1.16896
1.16896
1.16896
1.16897
1.16896
1.16897
1.16896
1.16899
1.16896
1.16917
1.17074
1.175
1.18216
1.195
1.25178
1.33477
1.33438
1.87324
1.57757
77.8774
994.658
1027.09
1027.09
1027.1
1027.1
1027.1
1027.1
1027.1
1027.1
1027.1
1027.1
1027.1
1027.1
1027.1
1027.1
1027.1
1027.1
1027.1
1027.1
1027.1
1027.1
1027.1
1027.1
1027.1
1027.1
1027.1
1027.1
1027.1
1027.1
1027.1
1027.1
1027.1
1027.1
1027.1
1027.1
1027.1
1027.1
1.16234
1.16406
1.16478
1.16564
1.16637
1.16781
1.16866
1.16889
1.16887
1.16889
1.1689
1.16891
1.16891
1.16891
1.16891
1.16892
1.16892
1.16892
1.16892
1.16892
1.16892
1.16893
1.16893
1.16893
1.16893
1.16893
1.16894
1.16894
1.16894
1.16894
1.16894
1.16894
1.16894
1.16895
1.16895
1.16895
1.16895
1.16895
1.16896
1.16896
1.16896
1.16896
1.16896
1.16897
1.16896
1.16897
1.16896
1.16899
1.16896
1.1691
1.1709
1.17572
1.18284
1.19435
1.23212
1.32167
1.35858
2.03859
1.85015
32.8935
954.946
1027.1
1027.1
1027.1
1027.1
1027.1
1027.1
1027.1
1027.1
1027.1
1027.1
1027.1
1027.1
1027.1
1027.1
1027.1
1027.1
1027.1
1027.1
1027.1
1027.1
1027.1
1027.1
1027.1
1027.1
1027.1
1027.1
1027.1
1027.1
1027.1
1027.1
1027.1
1027.1
1027.1
1027.1
1027.1
1027.1
1.16205
1.16332
1.16379
1.16431
1.16359
1.16658
1.1682
1.16886
1.16887
1.1689
1.1689
1.16891
1.16891
1.16891
1.16891
1.16892
1.16892
1.16892
1.16892
1.16892
1.16892
1.16892
1.16893
1.16893
1.16893
1.16893
1.16894
1.16894
1.16894
1.16894
1.16894
1.16894
1.16894
1.16895
1.16895
1.16895
1.16895
1.16895
1.16895
1.16896
1.16896
1.16896
1.16896
1.16897
1.16896
1.16897
1.16896
1.16898
1.16896
1.16904
1.17067
1.17559
1.18441
1.20245
1.21358
1.27683
1.4427
2.20155
2.26852
44.1868
961.376
1027.09
1027.1
1027.1
1027.1
1027.1
1027.1
1027.1
1027.1
1027.1
1027.1
1027.1
1027.1
1027.1
1027.1
1027.1
1027.1
1027.1
1027.1
1027.1
1027.1
1027.1
1027.1
1027.1
1027.1
1027.1
1027.1
1027.1
1027.1
1027.1
1027.1
1027.1
1027.1
1027.1
1027.1
1027.1
1027.1
1.16121
1.16212
1.16197
1.16173
1.16136
1.16275
1.16656
1.16879
1.1689
1.16891
1.1689
1.16891
1.1689
1.16891
1.16891
1.16891
1.16891
1.16892
1.16891
1.16892
1.16892
1.16892
1.16892
1.16893
1.16893
1.16893
1.16893
1.16893
1.16894
1.16894
1.16894
1.16894
1.16894
1.16894
1.16894
1.16895
1.16895
1.16895
1.16895
1.16896
1.16895
1.16896
1.16896
1.16897
1.16896
1.16897
1.16896
1.16898
1.16896
1.169
1.17018
1.17433
1.19015
1.20692
1.21348
1.26101
1.54982
2.31796
2.91271
43.3173
966.455
1026.97
1027.1
1027.1
1027.1
1027.1
1027.1
1027.1
1027.1
1027.1
1027.1
1027.1
1027.1
1027.1
1027.1
1027.1
1027.1
1027.1
1027.1
1027.1
1027.1
1027.1
1027.1
1027.1
1027.1
1027.1
1027.1
1027.1
1027.1
1027.1
1027.1
1027.1
1027.1
1027.1
1027.1
1027.1
1027.1
1.16006
1.16006
1.16044
1.16044
1.16038
1.16038
1.16047
1.16047
1.16077
1.16077
1.16142
1.16142
1.16392
1.16392
1.1679
1.1679
1.16888
1.16888
1.16891
1.16891
1.1689
1.1689
1.16891
1.16891
1.16891
1.16891
1.16891
1.16891
1.16891
1.16891
1.16892
1.16892
1.16892
1.16892
1.16892
1.16892
1.16892
1.16892
1.16892
1.16892
1.16892
1.16892
1.16893
1.16893
1.16893
1.16893
1.16893
1.16893
1.16893
1.16893
1.16893
1.16893
1.16894
1.16894
1.16894
1.16894
1.16894
1.16894
1.16894
1.16894
1.16894
1.16894
1.16894
1.16894
1.16894
1.16894
1.16895
1.16895
1.16895
1.16895
1.16895
1.16895
1.16895
1.16895
1.16896
1.16896
1.16896
1.16896
1.16896
1.16896
1.16896
1.16896
1.16896
1.16896
1.16897
1.16897
1.16897
1.16897
1.16897
1.16897
1.16897
1.16897
1.16896
1.16896
1.16898
1.16898
1.16896
1.16896
1.169
1.169
1.16953
1.16953
1.17461
1.17461
1.18889
1.18889
1.20203
1.20203
1.21022
1.21022
1.33767
1.33767
1.45173
1.45173
2.17217
2.17217
3.05365
3.05365
47.3038
47.3038
958.899
958.899
1026.46
1026.46
1027.09
1027.09
1027.1
1027.1
1027.1
1027.1
1027.1
1027.1
1027.1
1027.1
1027.1
1027.1
1027.1
1027.1
1027.1
1027.1
1027.1
1027.1
1027.1
1027.1
1027.1
1027.1
1027.1
1027.1
1027.1
1027.1
1027.1
1027.1
1027.1
1027.1
1027.1
1027.1
1027.1
1027.1
1027.1
1027.1
1027.1
1027.1
1027.1
1027.1
1027.1
1027.1
1027.1
1027.1
1027.1
1027.1
1027.1
1027.1
1027.1
1027.1
1027.1
1027.1
1027.1
1027.1
1027.1
1027.1
1027.1
1027.1
1027.1
1027.1
1027.1
1027.1
1027.1
1027.1
1027.1
1027.1
1027.1
1027.1
1027.1
1.1642
1.16528
1.1665
1.16689
1.1674
1.1681
1.16864
1.16864
1.16878
1.16889
1.16891
1.16891
1.16891
1.16891
1.16891
1.16892
1.16892
1.16892
1.16892
1.16892
1.16892
1.16893
1.16893
1.16893
1.16893
1.16893
1.16893
1.16893
1.16893
1.16894
1.16894
1.16894
1.16894
1.16894
1.16894
1.16895
1.16895
1.16895
1.16895
1.16895
1.16895
1.16895
1.16895
1.16896
1.16895
1.16896
1.16895
1.16897
1.16895
1.16973
1.17138
1.17558
1.18125
1.20835
1.23533
1.32267
1.43972
2.32366
4.17535
53.4744
950.95
1026.32
1027.09
1027.09
1027.1
1027.1
1027.1
1027.1
1027.1
1027.1
1027.1
1027.1
1027.1
1027.1
1027.1
1027.1
1027.1
1027.1
1027.1
1027.1
1027.1
1027.1
1027.1
1027.1
1027.1
1027.1
1027.1
1027.1
1027.1
1027.1
1027.1
1027.1
1027.1
1027.1
1027.1
1027.1
1027.1
1027.1
1027.1
1027.1
1027.1
1027.1
1026.69
1010.33
1027.09
1027.1
1027.1
1027.1
1027.1
1027.1
1.16016
1.16008
1.16007
1.16019
1.16057
1.16202
1.16539
1.16825
1.16887
1.16891
1.1689
1.16891
1.16891
1.16891
1.16891
1.16891
1.16891
1.16891
1.16891
1.16892
1.16892
1.16892
1.16892
1.16892
1.16893
1.16893
1.16893
1.16893
1.16893
1.16894
1.16894
1.16894
1.16894
1.16894
1.16894
1.16895
1.16895
1.16895
1.16895
1.16896
1.16896
1.16896
1.16896
1.16897
1.16896
1.16897
1.16896
1.16898
1.16896
1.16899
1.16942
1.17534
1.19057
1.20042
1.20106
1.30409
1.449
2.41701
5.23951
57.3174
943.607
1026.01
1027.09
1027.1
1027.1
1027.1
1027.1
1027.1
1027.1
1027.1
1027.1
1027.1
1027.1
1027.1
1027.1
1027.1
1027.1
1027.1
1027.1
1027.1
1027.1
1027.1
1027.1
1027.1
1027.1
1027.1
1027.1
1027.1
1027.1
1027.1
1027.1
1027.1
1027.1
1027.1
1027.1
1027.1
1027.1
1.16476
1.16594
1.16719
1.16748
1.16768
1.16815
1.16844
1.16864
1.16879
1.16889
1.1689
1.1689
1.1689
1.16891
1.16891
1.16891
1.16891
1.16891
1.16891
1.16892
1.16892
1.16892
1.16892
1.16892
1.16892
1.16892
1.16892
1.16893
1.16893
1.16893
1.16893
1.16893
1.16893
1.16894
1.16894
1.16894
1.16894
1.16894
1.16894
1.16894
1.16894
1.16894
1.16894
1.16895
1.16894
1.16895
1.16895
1.16896
1.16895
1.16962
1.17209
1.17691
1.18216
1.20808
1.23396
1.31896
1.45295
2.27967
3.99277
54.5836
928.664
1025.89
1027.09
1027.09
1027.1
1027.1
1027.1
1027.1
1027.1
1027.1
1027.1
1027.1
1027.1
1027.1
1027.1
1027.1
1027.1
1027.1
1027.1
1027.1
1027.1
1027.1
1027.1
1027.1
1027.1
1027.1
1027.1
1027.1
1027.1
1027.1
1027.1
1027.1
1027.1
1027.1
1027.1
1027.1
1027.1
1027.1
1027.1
1027.1
1027.1
1027.1
1027.1
1025.75
1027.05
1027.1
1027.1
1027.1
1027.1
1027.1
1027.1
1.16022
1.16018
1.16008
1.16009
1.16024
1.16133
1.16517
1.16842
1.16889
1.16891
1.1689
1.16891
1.1689
1.16891
1.16891
1.16892
1.16891
1.16892
1.16892
1.16892
1.16892
1.16892
1.16892
1.16893
1.16893
1.16893
1.16893
1.16893
1.16894
1.16894
1.16894
1.16894
1.16894
1.16894
1.16894
1.16895
1.16895
1.16895
1.16895
1.16896
1.16895
1.16896
1.16896
1.16897
1.16896
1.16897
1.16896
1.16898
1.16896
1.16898
1.16936
1.17331
1.18963
1.2063
1.21113
1.28515
1.48477
2.33766
5.0303
56.1187
922.53
1025.5
1027.09
1027.1
1027.1
1027.1
1027.1
1027.1
1027.1
1027.1
1027.1
1027.1
1027.1
1027.1
1027.1
1027.1
1027.1
1027.1
1027.1
1027.1
1027.1
1027.1
1027.1
1027.1
1027.1
1027.1
1027.1
1027.1
1027.1
1027.1
1027.1
1027.1
1027.1
1027.1
1027.1
1027.1
1027.1
1.16592
1.16592
1.16725
1.16725
1.16778
1.16778
1.16784
1.16784
1.16785
1.16785
1.16795
1.16795
1.16815
1.16815
1.16864
1.16864
1.16887
1.16887
1.1689
1.1689
1.1689
1.1689
1.16891
1.16891
1.16891
1.16891
1.16891
1.16891
1.16891
1.16891
1.16891
1.16891
1.16891
1.16891
1.16892
1.16892
1.16892
1.16892
1.16892
1.16892
1.16892
1.16892
1.16892
1.16892
1.16892
1.16892
1.16893
1.16893
1.16893
1.16893
1.16893
1.16893
1.16893
1.16893
1.16893
1.16893
1.16893
1.16893
1.16893
1.16893
1.16893
1.16893
1.16894
1.16894
1.16894
1.16894
1.16894
1.16894
1.16894
1.16894
1.16894
1.16894
1.16894
1.16894
1.16894
1.16894
1.16894
1.16894
1.16894
1.16894
1.16894
1.16894
1.16895
1.16895
1.16895
1.16895
1.16895
1.16895
1.16895
1.16895
1.16896
1.16896
1.16895
1.16895
1.16896
1.16896
1.16895
1.16895
1.16936
1.16936
1.17182
1.17182
1.17699
1.17699
1.18303
1.18303
1.20946
1.20946
1.23229
1.23229
1.32421
1.32421
1.49858
1.49858
2.04165
2.04165
2.42257
2.42257
62.9777
62.9777
946.802
946.802
1026.34
1026.34
1027.09
1027.09
1027.09
1027.09
1027.1
1027.1
1027.1
1027.1
1027.1
1027.1
1027.1
1027.1
1027.1
1027.1
1027.1
1027.1
1027.1
1027.1
1027.1
1027.1
1027.1
1027.1
1027.1
1027.1
1027.1
1027.1
1027.1
1027.1
1027.1
1027.1
1027.1
1027.1
1027.1
1027.1
1027.1
1027.1
1027.1
1027.1
1027.1
1027.1
1027.1
1027.1
1027.1
1027.1
1027.1
1027.1
1027.1
1027.1
1027.1
1027.1
1027.1
1027.1
1027.1
1027.1
1027.1
1027.1
1027.1
1027.1
1027.1
1027.1
1027.1
1027.1
1027.1
1027.1
1027.1
1027.1
1027.1
1027.1
1027.1
1.16534
1.16748
1.16778
1.16779
1.16784
1.1679
1.16809
1.16855
1.16879
1.16889
1.1689
1.16891
1.16891
1.16891
1.16891
1.16891
1.16891
1.16892
1.16892
1.16892
1.16892
1.16892
1.16892
1.16893
1.16893
1.16893
1.16893
1.16893
1.16893
1.16893
1.16893
1.16894
1.16894
1.16894
1.16894
1.16894
1.16894
1.16894
1.16894
1.16894
1.16894
1.16895
1.16894
1.16895
1.16895
1.16896
1.16895
1.16896
1.16895
1.16932
1.17141
1.1763
1.18271
1.21143
1.23568
1.29701
1.52525
2.36584
3.34221
42.1076
931.835
1026.1
1027.09
1027.09
1027.1
1027.1
1027.1
1027.1
1027.1
1027.1
1027.1
1027.1
1027.1
1027.1
1027.1
1027.1
1027.1
1027.1
1027.1
1027.1
1027.1
1027.1
1027.1
1027.1
1027.1
1027.1
1027.1
1027.1
1027.1
1027.1
1027.1
1027.1
1027.1
1027.1
1027.1
1027.1
1027.1
1.16471
1.16757
1.16774
1.16775
1.16783
1.16783
1.168
1.16843
1.16873
1.16889
1.1689
1.16891
1.16891
1.16891
1.16891
1.16891
1.16891
1.16892
1.16892
1.16892
1.16892
1.16892
1.16892
1.16893
1.16893
1.16893
1.16893
1.16893
1.16893
1.16893
1.16893
1.16893
1.16894
1.16894
1.16894
1.16894
1.16894
1.16894
1.16894
1.16894
1.16894
1.16895
1.16894
1.16895
1.16894
1.16896
1.16895
1.16896
1.16895
1.16935
1.17111
1.1752
1.18083
1.21104
1.23946
1.27746
1.4217
2.25813
2.62023
33.9734
941.367
1026.47
1027.09
1027.09
1027.09
1027.1
1027.1
1027.1
1027.1
1027.1
1027.1
1027.1
1027.1
1027.1
1027.1
1027.1
1027.1
1027.1
1027.1
1027.1
1027.1
1027.1
1027.1
1027.1
1027.1
1027.1
1027.1
1027.1
1027.1
1027.1
1027.1
1027.1
1027.1
1027.1
1027.1
1027.1
1027.1
1.16393
1.16741
1.16765
1.16772
1.16778
1.16779
1.16795
1.16833
1.16866
1.16888
1.1689
1.16891
1.16891
1.16891
1.16891
1.16891
1.16891
1.16892
1.16892
1.16892
1.16892
1.16892
1.16892
1.16893
1.16892
1.16893
1.16893
1.16893
1.16893
1.16893
1.16893
1.16893
1.16894
1.16894
1.16894
1.16894
1.16894
1.16894
1.16894
1.16894
1.16894
1.16895
1.16894
1.16895
1.16894
1.16896
1.16895
1.16896
1.16895
1.16944
1.1712
1.17476
1.17826
1.20054
1.24512
1.3273
1.38936
2.18932
2.34743
32.8398
949.134
1026.57
1027.09
1027.09
1027.09
1027.1
1027.1
1027.1
1027.1
1027.1
1027.1
1027.1
1027.1
1027.1
1027.1
1027.1
1027.1
1027.1
1027.1
1027.1
1027.1
1027.1
1027.1
1027.1
1027.1
1027.1
1027.1
1027.1
1027.1
1027.1
1027.1
1027.1
1027.1
1027.1
1027.1
1027.1
1027.1
1.16292
1.16685
1.16762
1.16773
1.16777
1.16774
1.16788
1.16825
1.16862
1.16886
1.1689
1.16891
1.16891
1.16891
1.16891
1.16891
1.16891
1.16892
1.16892
1.16892
1.16892
1.16892
1.16892
1.16893
1.16893
1.16893
1.16893
1.16893
1.16893
1.16893
1.16893
1.16894
1.16894
1.16894
1.16894
1.16894
1.16894
1.16894
1.16894
1.16894
1.16894
1.16895
1.16894
1.16895
1.16894
1.16896
1.16895
1.16897
1.16896
1.16958
1.17155
1.17527
1.17891
1.21204
1.31888
1.33234
1.33102
1.93185
2.22991
45.0476
956.731
1026.65
1027.09
1027.09
1027.09
1027.09
1027.09
1027.09
1027.1
1027.1
1027.1
1027.1
1027.1
1027.1
1027.1
1027.1
1027.1
1027.1
1027.1
1027.1
1027.1
1027.1
1027.1
1027.1
1027.1
1027.1
1027.1
1027.1
1027.1
1027.1
1027.1
1027.1
1027.1
1027.1
1027.1
1027.1
1027.1
1.16225
1.16585
1.16754
1.16776
1.16778
1.16775
1.16781
1.16817
1.16863
1.16885
1.1689
1.16891
1.16891
1.16891
1.16891
1.16891
1.16891
1.16892
1.16892
1.16892
1.16892
1.16892
1.16892
1.16893
1.16893
1.16893
1.16893
1.16893
1.16893
1.16893
1.16893
1.16894
1.16894
1.16894
1.16894
1.16894
1.16894
1.16894
1.16894
1.16894
1.16894
1.16895
1.16894
1.16895
1.16894
1.16896
1.16895
1.16897
1.16897
1.1697
1.17162
1.17523
1.17905
1.20543
1.29567
1.353
1.41305
1.66193
2.40983
67.7944
969.728
1026.76
1027.09
1027.09
1027.09
1027.09
1027.09
1027.1
1027.1
1027.1
1027.1
1027.1
1027.1
1027.1
1027.1
1027.1
1027.1
1027.1
1027.1
1027.1
1027.1
1027.1
1027.1
1027.1
1027.1
1027.1
1027.1
1027.1
1027.1
1027.1
1027.1
1027.1
1027.1
1027.1
1027.1
1027.1
1027.1
1.16178
1.16449
1.16717
1.16779
1.1678
1.16776
1.16778
1.16804
1.16863
1.16883
1.1689
1.1689
1.16891
1.16891
1.16891
1.16891
1.16891
1.16892
1.16892
1.16892
1.16892
1.16892
1.16892
1.16893
1.16892
1.16893
1.16893
1.16893
1.16893
1.16893
1.16893
1.16894
1.16894
1.16894
1.16894
1.16894
1.16894
1.16894
1.16894
1.16894
1.16894
1.16895
1.16894
1.16895
1.16894
1.16896
1.16895
1.16897
1.16898
1.16977
1.17165
1.17526
1.17935
1.19487
1.25147
1.32789
1.47875
1.54052
2.62868
93.1864
983.216
1026.86
1027.09
1027.1
1027.1
1027.09
1027.1
1027.1
1027.1
1027.1
1027.1
1027.1
1027.1
1027.1
1027.1
1027.1
1027.1
1027.1
1027.1
1027.1
1027.1
1027.1
1027.1
1027.1
1027.1
1027.1
1027.1
1027.1
1027.1
1027.1
1027.1
1027.1
1027.1
1027.1
1027.1
1027.1
1027.1
1.16138
1.16308
1.16605
1.16747
1.16778
1.16781
1.1678
1.1679
1.16861
1.16878
1.16886
1.1689
1.16891
1.16891
1.16891
1.16891
1.16891
1.16892
1.16892
1.16892
1.16892
1.16892
1.16892
1.16893
1.16892
1.16893
1.16893
1.16893
1.16893
1.16893
1.16893
1.16893
1.16894
1.16894
1.16894
1.16894
1.16894
1.16894
1.16894
1.16894
1.16894
1.16895
1.16894
1.16895
1.16894
1.16896
1.16895
1.16898
1.169
1.16984
1.17182
1.17557
1.18113
1.19862
1.22679
1.2889
1.45533
1.52146
2.9602
110.802
994.225
1026.96
1027.1
1027.1
1027.1
1027.1
1027.1
1027.1
1027.1
1027.1
1027.1
1027.1
1027.1
1027.1
1027.1
1027.1
1027.1
1027.1
1027.1
1027.1
1027.1
1027.1
1027.1
1027.1
1027.1
1027.1
1027.1
1027.1
1027.1
1027.1
1027.1
1027.1
1027.1
1027.1
1027.1
1027.1
1027.1
1.16133
1.16219
1.16412
1.1643
1.1657
1.1672
1.16775
1.16784
1.16852
1.16877
1.16886
1.1689
1.1689
1.16891
1.16891
1.16891
1.16891
1.16891
1.16892
1.16892
1.16892
1.16892
1.16892
1.16892
1.16892
1.16892
1.16893
1.16893
1.16893
1.16893
1.16893
1.16893
1.16894
1.16894
1.16894
1.16894
1.16894
1.16894
1.16894
1.16894
1.16894
1.16895
1.16894
1.16895
1.16894
1.16896
1.16895
1.16897
1.169
1.16986
1.17186
1.17643
1.18859
1.20901
1.23026
1.28829
1.39246
1.55098
3.01055
97.7722
987.287
1026.88
1027.1
1027.1
1027.1
1027.1
1027.1
1027.1
1027.1
1027.1
1027.1
1027.1
1027.1
1027.1
1027.1
1027.1
1027.1
1027.1
1027.1
1027.1
1027.1
1027.1
1027.1
1027.1
1027.1
1027.1
1027.1
1027.1
1027.1
1027.1
1027.1
1027.1
1027.1
1027.1
1027.1
1027.1
1027.1
1.16106
1.16145
1.16212
1.16209
1.1622
1.16427
1.16711
1.16772
1.16842
1.16877
1.16887
1.1689
1.1689
1.16891
1.16891
1.16891
1.16891
1.16891
1.16892
1.16892
1.16892
1.16892
1.16892
1.16892
1.16892
1.16892
1.16893
1.16893
1.16893
1.16893
1.16893
1.16893
1.16894
1.16894
1.16894
1.16894
1.16894
1.16894
1.16894
1.16894
1.16894
1.16895
1.16894
1.16895
1.16894
1.16896
1.16895
1.16898
1.16901
1.16991
1.1718
1.17614
1.18642
1.22215
1.28592
1.31907
1.33442
1.75823
2.65215
74.8009
977.126
1026.79
1027.09
1027.1
1027.09
1027.09
1027.09
1027.1
1027.1
1027.1
1027.1
1027.1
1027.1
1027.1
1027.1
1027.1
1027.1
1027.1
1027.1
1027.1
1027.1
1027.1
1027.1
1027.1
1027.1
1027.1
1027.1
1027.1
1027.1
1027.1
1027.1
1027.1
1027.1
1027.1
1027.1
1027.1
1027.1
1.16096
1.16106
1.16114
1.1611
1.16139
1.16209
1.1662
1.16753
1.16834
1.16877
1.16887
1.1689
1.1689
1.16891
1.16891
1.16891
1.16891
1.16892
1.16892
1.16892
1.16892
1.16892
1.16892
1.16893
1.16892
1.16893
1.16893
1.16893
1.16893
1.16893
1.16893
1.16894
1.16894
1.16894
1.16894
1.16894
1.16894
1.16895
1.16894
1.16895
1.16894
1.16895
1.16895
1.16896
1.16895
1.16897
1.16895
1.16898
1.16905
1.17
1.17164
1.17574
1.18082
1.20792
1.27989
1.31393
1.30693
2.0371
2.51177
49.0356
956.487
1026.53
1027.09
1027.1
1027.09
1027.1
1027.1
1027.1
1027.1
1027.1
1027.1
1027.1
1027.1
1027.1
1027.1
1027.1
1027.1
1027.1
1027.1
1027.1
1027.1
1027.1
1027.1
1027.1
1027.1
1027.1
1027.1
1027.1
1027.1
1027.1
1027.1
1027.1
1027.1
1027.1
1027.1
1027.1
1027.1
1.16108
1.16112
1.16103
1.1612
1.16219
1.16392
1.16587
1.16716
1.16821
1.16878
1.16888
1.16891
1.1689
1.16891
1.16891
1.16891
1.16891
1.16892
1.16892
1.16892
1.16892
1.16892
1.16892
1.16893
1.16893
1.16893
1.16893
1.16893
1.16893
1.16893
1.16894
1.16894
1.16894
1.16894
1.16894
1.16895
1.16895
1.16895
1.16895
1.16895
1.16895
1.16896
1.16895
1.16897
1.16896
1.16897
1.16895
1.16899
1.16906
1.1701
1.17133
1.17486
1.179
1.19273
1.25115
1.30431
1.35552
2.25891
2.58136
40.5721
947.625
1026.42
1027.09
1027.1
1027.1
1027.1
1027.1
1027.1
1027.1
1027.1
1027.1
1027.1
1027.1
1027.1
1027.1
1027.1
1027.1
1027.1
1027.1
1027.1
1027.1
1027.1
1027.1
1027.1
1027.1
1027.1
1027.1
1027.1
1027.1
1027.1
1027.1
1027.1
1027.1
1027.1
1027.1
1027.1
1027.1
1.16078
1.16118
1.16128
1.16334
1.16481
1.16531
1.16539
1.16708
1.16822
1.1688
1.16889
1.16891
1.16891
1.16891
1.16891
1.16892
1.16891
1.16892
1.16892
1.16892
1.16892
1.16892
1.16893
1.16893
1.16893
1.16893
1.16893
1.16893
1.16894
1.16894
1.16894
1.16894
1.16894
1.16895
1.16895
1.16895
1.16895
1.16895
1.16895
1.16896
1.16896
1.16896
1.16897
1.16897
1.16897
1.16897
1.16895
1.169
1.16905
1.17006
1.17103
1.17302
1.17964
1.20655
1.23395
1.2849
1.40404
2.31561
2.69798
35.5295
941.224
1026.38
1027.09
1027.1
1027.1
1027.1
1027.1
1027.1
1027.1
1027.1
1027.1
1027.1
1027.1
1027.1
1027.1
1027.1
1027.1
1027.1
1027.1
1027.1
1027.1
1027.1
1027.1
1027.1
1027.1
1027.1
1027.1
1027.1
1027.1
1027.1
1027.1
1027.1
1027.1
1027.1
1027.1
1027.1
1027.1
1.16137
1.16218
1.16309
1.16451
1.16469
1.16616
1.16597
1.16737
1.16833
1.16886
1.1689
1.16891
1.16891
1.16891
1.16891
1.16892
1.16892
1.16892
1.16892
1.16892
1.16892
1.16893
1.16893
1.16893
1.16893
1.16893
1.16894
1.16894
1.16894
1.16894
1.16894
1.16894
1.16894
1.16895
1.16895
1.16895
1.16895
1.16895
1.16895
1.16896
1.16896
1.16896
1.16896
1.16897
1.16896
1.16897
1.16896
1.16899
1.169
1.16987
1.17028
1.1711
1.18785
1.21063
1.22057
1.26782
1.42067
2.36205
3.15566
33.3802
932.425
1026.17
1027.09
1027.1
1027.1
1027.1
1027.1
1027.1
1027.1
1027.1
1027.1
1027.1
1027.1
1027.1
1027.1
1027.1
1027.1
1027.1
1027.1
1027.1
1027.1
1027.1
1027.1
1027.1
1027.1
1027.1
1027.1
1027.1
1027.1
1027.1
1027.1
1027.1
1027.1
1027.1
1027.1
1027.1
1027.1
1.16094
1.16059
1.16088
1.16119
1.16125
1.16553
1.16739
1.16814
1.16862
1.16889
1.1689
1.16891
1.16891
1.16891
1.16891
1.16892
1.16891
1.16892
1.16892
1.16892
1.16892
1.16892
1.16892
1.16893
1.16893
1.16893
1.16893
1.16893
1.16894
1.16894
1.16894
1.16894
1.16894
1.16894
1.16894
1.16895
1.16895
1.16895
1.16895
1.16895
1.16895
1.16896
1.16896
1.16896
1.16896
1.16897
1.16896
1.16898
1.16897
1.1691
1.16905
1.17209
1.18491
1.208
1.21662
1.25502
1.54034
2.4688
4.00963
43.2802
932.256
1026.03
1027.09
1027.1
1027.1
1027.1
1027.1
1027.1
1027.1
1027.1
1027.1
1027.1
1027.1
1027.1
1027.1
1027.1
1027.1
1027.1
1027.1
1027.1
1027.1
1027.1
1027.1
1027.1
1027.1
1027.1
1027.1
1027.1
1027.1
1027.1
1027.1
1027.1
1027.1
1027.1
1027.1
1027.1
1027.1
1.1604
1.1604
1.16042
1.16042
1.16043
1.16043
1.16046
1.16046
1.16056
1.16056
1.16201
1.16201
1.16612
1.16612
1.16855
1.16855
1.16887
1.16887
1.16891
1.16891
1.1689
1.1689
1.16891
1.16891
1.1689
1.1689
1.16891
1.16891
1.16891
1.16891
1.16891
1.16891
1.16891
1.16891
1.16892
1.16892
1.16892
1.16892
1.16892
1.16892
1.16892
1.16892
1.16892
1.16892
1.16892
1.16892
1.16892
1.16892
1.16893
1.16893
1.16893
1.16893
1.16893
1.16893
1.16893
1.16893
1.16894
1.16894
1.16894
1.16894
1.16894
1.16894
1.16894
1.16894
1.16894
1.16894
1.16894
1.16894
1.16894
1.16894
1.16895
1.16895
1.16895
1.16895
1.16895
1.16895
1.16895
1.16895
1.16896
1.16896
1.16895
1.16895
1.16896
1.16896
1.16896
1.16896
1.16897
1.16897
1.16896
1.16896
1.16897
1.16897
1.16896
1.16896
1.16898
1.16898
1.16896
1.16896
1.16898
1.16898
1.16923
1.16923
1.17231
1.17231
1.18402
1.18402
1.20647
1.20647
1.2163
1.2163
1.26781
1.26781
1.54326
1.54326
2.19014
2.19014
3.0731
3.0731
64.3253
64.3253
954.207
954.207
1026.43
1026.43
1027.09
1027.09
1027.1
1027.1
1027.1
1027.1
1027.1
1027.1
1027.1
1027.1
1027.1
1027.1
1027.1
1027.1
1027.1
1027.1
1027.1
1027.1
1027.1
1027.1
1027.1
1027.1
1027.1
1027.1
1027.1
1027.1
1027.1
1027.1
1027.1
1027.1
1027.1
1027.1
1027.1
1027.1
1027.1
1027.1
1027.1
1027.1
1027.1
1027.1
1027.1
1027.1
1027.1
1027.1
1027.1
1027.1
1027.1
1027.1
1027.1
1027.1
1027.1
1027.1
1027.1
1027.1
1027.1
1027.1
1027.1
1027.1
1027.1
1027.1
1027.1
1027.1
1027.1
1027.1
1027.1
1027.1
1027.1
1027.1
1027.1
)
;
    }
}


// ************************************************************************* //
