/*--------------------------------*- C++ -*----------------------------------*\
| =========                 |                                                 |
| \\      /  F ield         | OpenFOAM: The Open Source CFD Toolbox           |
|  \\    /   O peration     | Version:  2.3.0                                 |
|   \\  /    A nd           | Web:      www.OpenFOAM.org                      |
|    \\/     M anipulation  |                                                 |
\*---------------------------------------------------------------------------*/
FoamFile
{
    version     2.0;
    format      ascii;
    class       volScalarField;
    location    "8";
    object      w1;
}
// * * * * * * * * * * * * * * * * * * * * * * * * * * * * * * * * * * * * * //

dimensions      [0 0 0 0 0 0 0];

internalField   nonuniform List<scalar> 
6144
(
0.518788
0.518788
0.518788
0.518788
0.518788
0.518788
0.518788
0.518788
0.518788
0.518788
0.518788
0.518788
0.518788
0.518788
0.518788
0.518788
0.518788
0.518788
0.518788
0.518788
0.518788
0.518788
0.518788
0.518788
0.518788
0.518788
0.518788
0.518788
0.518788
0.518788
0.518788
0.518788
0.518788
0.518788
0.518788
0.518788
0.518788
0.518788
0.518788
0.518788
0.518788
0.518788
0.518788
0.518788
0.518788
0.518788
0.518788
0.518788
0.518788
0.518788
0.518788
0.518788
0.518788
0.518788
0.518788
0.518788
0.518784
0.518491
0.486066
0.494899
0.811749
0.998691
0.999994
0.999083
0.994907
0.991843
0.948963
0.991211
0.990646
0.988263
0.9844
0.981365
0.973359
0.976311
0.973291
0.964125
0.796618
0.918091
0.951298
0.982571
0.943211
0.95568
0.979416
0.978685
0.99687
0.99773
0.983282
0.9955
0.997014
0.997937
0.998799
0.999302
0.999461
0.999091
0.977791
0.999861
0.518788
0.518788
0.518788
0.518788
0.518788
0.518788
0.518788
0.518788
0.518788
0.518788
0.518788
0.518788
0.518788
0.518788
0.518788
0.518788
0.518788
0.518788
0.518788
0.518788
0.518788
0.518788
0.518788
0.518788
0.518788
0.518788
0.518788
0.518788
0.518788
0.518788
0.518788
0.518788
0.518788
0.518788
0.518788
0.518788
0.518788
0.518788
0.518788
0.518788
0.518788
0.518788
0.518788
0.518788
0.518788
0.518788
0.518788
0.518788
0.518788
0.518788
0.518788
0.518788
0.518788
0.518788
0.518788
0.518788
0.518778
0.517828
0.48094
0.475409
0.867692
0.999695
0.999993
0.99928
0.999163
0.993424
0.991453
0.988959
0.993041
0.988571
0.141435
0.00853881
0.993745
0.989143
0.937478
0.979342
0.969907
0.970737
0.903286
0.969652
0.980168
0.986208
0.988977
0.978351
0.996986
0.997404
0.987554
0.99429
0.996712
0.997738
0.998797
0.999323
0.999508
0.999282
0.995725
0.999865
0.518788
0.518788
0.518788
0.518788
0.518788
0.518788
0.518788
0.518788
0.518788
0.518788
0.518788
0.518788
0.518788
0.518788
0.518788
0.518788
0.518788
0.518788
0.518788
0.518788
0.518788
0.518788
0.518788
0.518788
0.518788
0.518788
0.518788
0.518788
0.518788
0.518788
0.518788
0.518788
0.518788
0.518788
0.518788
0.518788
0.518788
0.518788
0.518788
0.518788
0.518788
0.518788
0.518788
0.518788
0.518788
0.518788
0.518788
0.518788
0.518788
0.518788
0.518788
0.518788
0.518788
0.518788
0.518788
0.518788
0.518786
0.518829
0.510256
0.520987
0.169504
0.999992
0.999377
0.998762
0.998807
0.997154
0.998887
0.999169
0.977711
0.895664
0.993093
0.994405
0.989761
0.955841
0.967806
0.963873
0.943876
0.127319
0.988169
0.978787
0.983125
0.935683
0.966368
0.992809
0.997664
0.996496
0.96823
0.988228
0.99508
0.996991
0.998611
0.999286
0.999504
0.99927
0.989087
0.999861
0.518788
0.518788
0.518788
0.518788
0.518788
0.518788
0.518788
0.518788
0.518788
0.518788
0.518788
0.518788
0.518788
0.518788
0.518788
0.518788
0.518788
0.518788
0.518788
0.518788
0.518788
0.518788
0.518788
0.518788
0.518788
0.518788
0.518788
0.518788
0.518788
0.518788
0.518788
0.518788
0.518788
0.518788
0.518788
0.518788
0.518788
0.518788
0.518788
0.518788
0.518788
0.518788
0.518788
0.518788
0.518788
0.518788
0.518788
0.518788
0.518788
0.518788
0.518788
0.518788
0.518788
0.518788
0.518788
0.518788
0.518787
0.518713
0.489679
0.465239
0.291406
0.999911
0.999829
0.999738
0.998333
0.999985
0.999988
0.999982
0.999991
0.999007
0.999467
0.999594
0.99958
0.999508
0.999429
0.9988
0.99824
0.998554
0.994003
0.984457
0.985308
0.760946
0.910072
0.987806
0.991538
0.955522
0.9833
0.992474
0.995329
0.996835
0.998574
0.999276
0.999534
0.999437
0.997024
0.999865
0.518788
0.518788
0.518788
0.518788
0.518788
0.518788
0.518788
0.518788
0.518788
0.518788
0.518788
0.518788
0.518788
0.518788
0.518788
0.518788
0.518788
0.518788
0.518788
0.518788
0.518788
0.518788
0.518788
0.518788
0.518788
0.518788
0.518788
0.518788
0.518788
0.518788
0.518788
0.518788
0.518788
0.518788
0.518788
0.518788
0.518788
0.518788
0.518788
0.518788
0.518788
0.518788
0.518788
0.518788
0.518788
0.518788
0.518788
0.518788
0.518788
0.518788
0.518788
0.518788
0.518788
0.518788
0.518788
0.518788
0.518787
0.51879
0.518356
0.486029
0.913742
0.996186
0.998404
0.992975
0.99904
0.996532
0.995459
0.984959
0.992727
0.990226
0.00543578
0.000272245
0.0151018
0.998687
0.999344
0.999722
0.999962
0.999992
0.999991
0.998347
0.990548
0.997022
0.998839
0.999031
0.99903
0.989995
0.984943
0.991744
0.991974
0.995304
0.998245
0.999172
0.999493
0.999383
0.99585
0.999861
0.518788
0.518788
0.518788
0.518788
0.518788
0.518788
0.518788
0.518788
0.518788
0.518788
0.518788
0.518788
0.518788
0.518788
0.518788
0.518788
0.518788
0.518788
0.518788
0.518788
0.518788
0.518788
0.518788
0.518788
0.518788
0.518788
0.518788
0.518788
0.518788
0.518788
0.518788
0.518788
0.518788
0.518788
0.518788
0.518788
0.518788
0.518788
0.518788
0.518788
0.518788
0.518788
0.518788
0.518788
0.518788
0.518788
0.518788
0.518788
0.518788
0.518788
0.518788
0.518788
0.518788
0.518788
0.518788
0.518788
0.518788
0.518788
0.518772
0.460416
0.866789
0.0262124
0.710271
0.852554
0.637237
0.658969
1.33678e-07
0.0011176
0.0015337
0.0297339
0.873592
0.332163
0.957075
0.952535
0.907279
0.962171
0.963121
0.95127
0.172557
0.980827
0.993391
0.998786
0.99915
0.999946
0.999992
5.00247e-07
0.999671
0.999678
0.999716
0.999752
0.999789
0.999818
0.999862
0.999851
0.936131
0.99987
0.518788
0.518788
0.518788
0.518788
0.518788
0.518788
0.518788
0.518788
0.518788
0.518788
0.518788
0.518788
0.518788
0.518788
0.518788
0.518788
0.518788
0.518788
0.518788
0.518788
0.518788
0.518788
0.518788
0.518788
0.518788
0.518788
0.518788
0.518788
0.518788
0.518788
0.518788
0.518788
0.518788
0.518788
0.518788
0.518788
0.518788
0.518788
0.518788
0.518788
0.518788
0.518788
0.518788
0.518788
0.518788
0.518788
0.518788
0.518788
0.518788
0.518788
0.518788
0.518788
0.518788
0.518788
0.518788
0.518788
0.518788
0.518771
0.52016
0.447474
0.886545
0.0517468
0.0107118
0.776721
0.00948976
0.00262152
1.18031e-06
0.342994
1.1499e-05
0.011452
0.0676021
0.0149385
0.0553868
0.00013388
0.81508
0.0544551
0.000189129
0.0138337
0.0362522
0.819455
0.670623
4.14508e-07
2.40476e-05
0.080847
0.763096
0.146446
4.10439e-05
0.849725
0.995101
0.000235178
0.981074
0.999215
0.999867
0.999986
0.999995
0.999701
0.518788
0.518788
0.518788
0.518788
0.518788
0.518788
0.518788
0.518788
0.518788
0.518788
0.518788
0.518788
0.518788
0.518788
0.518788
0.518788
0.518788
0.518788
0.518788
0.518788
0.518788
0.518788
0.518788
0.518788
0.518788
0.518788
0.518788
0.518788
0.518788
0.518788
0.518788
0.518788
0.518788
0.518788
0.518788
0.518788
0.518788
0.518788
0.518788
0.518788
0.518788
0.518788
0.518788
0.518788
0.518788
0.518788
0.518788
0.518788
0.518788
0.518788
0.518788
0.518788
0.518788
0.518788
0.518788
0.518788
0.518787
0.518945
0.516133
0.470035
0.752002
2.19637e-05
0.000215663
0.514952
0.77743
0.156811
0.230518
6.99417e-05
0.282296
0.350668
0.57966
0.546428
0.00841515
0.383844
5.20611e-06
0.040597
0.0385932
4.60631e-06
0.852142
0.800627
0.00153966
0.610177
0.717114
0.353803
0.54809
0.0352113
0.145748
0.0162841
2.01292e-05
0.0115379
0.0269042
0.999259
0.784304
2.25936e-08
2.08402e-05
0.993941
0.518788
0.518788
0.518788
0.518788
0.518788
0.518788
0.518788
0.518788
0.518788
0.518788
0.518788
0.518788
0.518788
0.518788
0.518788
0.518788
0.518788
0.518788
0.518788
0.518788
0.518788
0.518788
0.518788
0.518788
0.518788
0.518788
0.518788
0.518788
0.518788
0.518788
0.518788
0.518788
0.518788
0.518788
0.518788
0.518788
0.518788
0.518788
0.518788
0.518788
0.518788
0.518788
0.518788
0.518788
0.518788
0.518788
0.518788
0.518788
0.518788
0.518788
0.518788
0.518788
0.518788
0.518788
0.518788
0.518788
0.518806
0.519412
0.517264
0.456965
0.021897
0.146344
0.347019
0.00164028
0.399481
0.853731
0.941301
0.930127
0.964593
0.965082
0.985357
0.217213
0.00312834
0.153564
0.288715
0.984233
0.331942
0.000125895
0.4452
0.913188
0.000693838
2.12208e-07
0.827271
0.799765
0.802058
0.448205
0.898538
0.917727
0.552641
0.976436
0.0450649
9.91662e-05
0.924238
0.927844
0.975999
0.999984
0.518788
0.518788
0.518788
0.518788
0.518788
0.518788
0.518788
0.518788
0.518788
0.518788
0.518788
0.518788
0.518788
0.518788
0.518788
0.518788
0.518788
0.518788
0.518788
0.518788
0.518788
0.518788
0.518788
0.518788
0.518788
0.518788
0.518788
0.518788
0.518788
0.518788
0.518788
0.518788
0.518788
0.518788
0.518788
0.518788
0.518788
0.518788
0.518788
0.518788
0.518788
0.518788
0.518788
0.518788
0.518788
0.518788
0.518788
0.518788
0.518788
0.518788
0.518788
0.518788
0.518788
0.518788
0.518788
0.518788
0.518786
0.518853
0.517565
0.431477
0.979182
9.76129e-06
0.00619604
0.975811
0.994958
0.993315
0.997713
0.999793
0.999275
0.999964
0.999992
0.999828
0.999686
0.999542
0.999576
0.999555
8.95628e-07
0.999692
0.999411
0.999437
7.86131e-08
0.0108314
0.995511
0.999133
0.00094564
0.999763
0.999601
0.999648
0.999924
0.999902
0.999914
0.999871
0.999851
0.99985
0.999829
0.999932
0.518788
0.518788
0.518788
0.518788
0.518788
0.518788
0.518788
0.518788
0.518788
0.518788
0.518788
0.518788
0.518788
0.518788
0.518788
0.518788
0.518788
0.518788
0.518788
0.518788
0.518788
0.518788
0.518788
0.518788
0.518788
0.518788
0.518788
0.518788
0.518788
0.518788
0.518788
0.518788
0.518788
0.518788
0.518788
0.518788
0.518788
0.518788
0.518788
0.518788
0.518788
0.518788
0.518788
0.518788
0.518788
0.518788
0.518788
0.518788
0.518788
0.518788
0.518788
0.518788
0.518788
0.518788
0.518788
0.518788
0.518786
0.522035
0.385797
0.44766
0.910345
0.999863
0.999987
0.999995
0.999586
0.999287
0.999384
0.998287
0.996098
0.995421
0.935383
0.972788
0.992581
0.992437
0.98817
0.980335
0.95786
0.990029
0.993701
0.995936
0.99689
0.99695
0.995756
0.974868
0.991217
0.997415
0.997736
0.998249
0.998875
0.999079
0.9991
0.99866
0.995845
0.990573
0.992778
0.999861
0.518788
0.518788
0.518788
0.518788
0.518788
0.518788
0.518788
0.518788
0.518788
0.518788
0.518788
0.518788
0.518788
0.518788
0.518788
0.518788
0.518788
0.518788
0.518788
0.518788
0.518788
0.518788
0.518788
0.518788
0.518788
0.518788
0.518788
0.518788
0.518788
0.518788
0.518788
0.518788
0.518788
0.518788
0.518788
0.518788
0.518788
0.518788
0.518788
0.518788
0.518788
0.518788
0.518788
0.518788
0.518788
0.518788
0.518788
0.518788
0.518788
0.518788
0.518788
0.518788
0.518788
0.518788
0.518788
0.518788
0.518787
0.518762
0.522635
0.539509
0.535735
0.999997
0.99975
0.997496
0.999099
0.99908
0.996444
0.994368
0.995731
0.994694
0.995075
0.994087
0.988125
0.965264
0.991326
0.992321
0.990172
0.982427
0.972975
0.982509
0.973509
0.960463
0.997202
0.997717
0.975598
0.995259
0.998059
0.998238
0.9988
0.999153
0.999264
0.999082
0.997273
0.946902
0.958432
0.999863
0.518788
0.518788
0.518788
0.518788
0.518788
0.518788
0.518788
0.518788
0.518788
0.518788
0.518788
0.518788
0.518788
0.518788
0.518788
0.518788
0.518788
0.518788
0.518788
0.518788
0.518788
0.518788
0.518788
0.518788
0.518788
0.518788
0.518788
0.518788
0.518788
0.518788
0.518788
0.518788
0.518788
0.518788
0.518788
0.518788
0.518788
0.518788
0.518788
0.518788
0.518788
0.518788
0.518788
0.518788
0.518788
0.518788
0.518788
0.518788
0.518788
0.518788
0.518788
0.518788
0.518788
0.518788
0.518788
0.518788
0.518786
0.518786
0.518678
0.452665
0.685702
0.999994
0.998942
0.997738
0.999177
0.999286
0.996844
0.992986
0.985633
0.798858
0.939332
0.98813
0.986944
0.945729
0.984937
0.989069
0.992201
0.993331
0.984477
0.984162
0.99116
0.985151
0.988694
0.996592
0.996481
0.989127
0.997937
0.998611
0.998885
0.999138
0.999192
0.998635
0.919645
0.99216
0.996702
0.999859
0.518788
0.518788
0.518788
0.518788
0.518788
0.518788
0.518788
0.518788
0.518788
0.518788
0.518788
0.518788
0.518788
0.518788
0.518788
0.518788
0.518788
0.518788
0.518788
0.518788
0.518788
0.518788
0.518788
0.518788
0.518788
0.518788
0.518788
0.518788
0.518788
0.518788
0.518788
0.518788
0.518788
0.518788
0.518788
0.518788
0.518788
0.518788
0.518788
0.518788
0.518788
0.518788
0.518788
0.518788
0.518788
0.518788
0.518788
0.518788
0.518788
0.518788
0.518788
0.518788
0.518788
0.518788
0.518788
0.518788
0.518785
0.518784
0.518678
0.427154
0.789264
0.999987
0.999996
0.999641
0.9992
0.997584
0.998351
0.997452
0.9965
0.994905
0.994704
0.995152
0.99498
0.991865
0.978261
0.950802
0.986955
0.988324
0.991434
0.992481
0.989338
0.912361
0.947017
0.994465
0.998011
0.974947
0.997906
0.998732
0.999089
0.999283
0.999325
0.998976
0.99626
0.979333
0.997131
0.999858
0.518788
0.518788
0.518788
0.518788
0.518788
0.518788
0.518788
0.518788
0.518788
0.518788
0.518788
0.518788
0.518788
0.518788
0.518788
0.518788
0.518788
0.518788
0.518788
0.518788
0.518788
0.518788
0.518788
0.518788
0.518788
0.518788
0.518788
0.518788
0.518788
0.518788
0.518788
0.518788
0.518788
0.518788
0.518788
0.518788
0.518788
0.518788
0.518788
0.518788
0.518788
0.518788
0.518788
0.518788
0.518788
0.518788
0.518788
0.518788
0.518788
0.518788
0.518788
0.518788
0.518788
0.518788
0.518788
0.518788
0.518784
0.518784
0.514903
0.398043
0.890504
0.999155
0.999996
0.999631
0.999474
0.994351
0.996719
0.960536
0.99305
0.993054
0.986154
0.936013
0.988691
0.991656
0.982537
0.987176
0.995073
0.996623
0.997078
0.997243
0.996825
0.993778
0.989024
0.991062
0.997282
0.995972
0.997836
0.998872
0.999032
0.999212
0.99917
0.998619
0.995825
0.996605
0.996803
0.999868
0.518788
0.518788
0.518788
0.518788
0.518788
0.518788
0.518788
0.518788
0.518788
0.518788
0.518788
0.518788
0.518788
0.518788
0.518788
0.518788
0.518788
0.518788
0.518788
0.518788
0.518788
0.518788
0.518788
0.518788
0.518788
0.518788
0.518788
0.518788
0.518788
0.518788
0.518788
0.518788
0.518788
0.518788
0.518788
0.518788
0.518788
0.518788
0.518788
0.518788
0.518788
0.518788
0.518788
0.518788
0.518788
0.518788
0.518788
0.518788
0.518788
0.518788
0.518788
0.518788
0.518788
0.518788
0.518788
0.518788
0.518784
0.518741
0.49796
0.462218
0.800971
0.0397066
0.999991
0.999987
0.998212
0.994757
0.991027
0.997574
0.997873
0.997251
0.996511
0.996825
0.997205
0.997471
0.996727
0.996733
0.997954
0.9985
0.998432
0.997855
0.996335
0.982633
0.979945
0.469309
0.997577
0.996867
0.996737
0.998927
0.999152
0.999091
0.998961
0.997944
0.987397
0.996767
0.997818
0.999855
0.518788
0.518788
0.518788
0.518788
0.518788
0.518788
0.518788
0.518788
0.518788
0.518788
0.518788
0.518788
0.518788
0.518788
0.518788
0.518788
0.518788
0.518788
0.518788
0.518788
0.518788
0.518788
0.518788
0.518788
0.518788
0.518788
0.518788
0.518788
0.518788
0.518788
0.518788
0.518788
0.518788
0.518788
0.518788
0.518788
0.518788
0.518788
0.518788
0.518788
0.518788
0.518788
0.518788
0.518788
0.518788
0.518788
0.518788
0.518788
0.518788
0.518788
0.518788
0.518788
0.518788
0.518788
0.518788
0.518788
0.518786
0.516957
0.471532
0.478655
0.782445
0.990268
0.999992
0.999992
0.997763
0.993114
0.994049
0.990376
0.980841
0.948527
0.921212
0.887731
0.82923
0.667089
0.937187
0.901924
0.954772
0.914123
0.660625
0.958054
0.96916
0.961526
0.969057
0.987032
0.994218
0.988591
0.996179
0.996914
0.994394
0.998357
0.999057
0.999403
0.999498
0.999125
0.992557
0.999864
0.518788
0.518788
0.518788
0.518788
0.518788
0.518788
0.518788
0.518788
0.518788
0.518788
0.518788
0.518788
0.518788
0.518788
0.518788
0.518788
0.518788
0.518788
0.518788
0.518788
0.518788
0.518788
0.518788
0.518788
0.518788
0.518788
0.518788
0.518788
0.518788
0.518788
0.518788
0.518788
0.518788
0.518788
0.518788
0.518788
0.518788
0.518788
0.518788
0.518788
0.518788
0.518788
0.518788
0.518788
0.518788
0.518788
0.518788
0.518788
0.518788
0.518788
0.518788
0.518788
0.518788
0.518788
0.518788
0.518788
0.518786
0.518744
0.519093
0.473654
0.817023
0.999392
0.999993
0.999392
0.998895
0.997294
0.991088
0.994592
0.994676
0.94907
0.0346195
0.979039
0.990493
0.975376
0.952723
0.976547
0.967641
0.966439
0.974708
0.144022
0.970149
0.961016
0.971775
0.915954
0.99543
0.994197
0.994944
0.988612
0.996359
0.997156
0.998641
0.999376
0.99958
0.999434
0.996692
0.999865
0.518788
0.518788
0.518788
0.518788
0.518788
0.518788
0.518788
0.518788
0.518788
0.518788
0.518788
0.518788
0.518788
0.518788
0.518788
0.518788
0.518788
0.518788
0.518788
0.518788
0.518788
0.518788
0.518788
0.518788
0.518788
0.518788
0.518788
0.518788
0.518788
0.518788
0.518788
0.518788
0.518788
0.518788
0.518788
0.518788
0.518788
0.518788
0.518788
0.518788
0.518788
0.518788
0.518788
0.518788
0.518788
0.518788
0.518788
0.518788
0.518788
0.518788
0.518788
0.518788
0.518788
0.518788
0.518788
0.518788
0.518787
0.518783
0.537589
0.439508
0.59891
0.999996
0.985013
0.998038
0.998755
0.995822
0.990927
0.973516
0.981785
0.957352
0.992793
0.992892
0.984955
0.956642
0.983929
0.989306
0.990919
0.988299
0.977983
0.975682
0.96165
0.988351
0.993992
0.992199
0.989918
0.990552
0.993825
0.992472
0.990753
0.996245
0.997344
0.999072
0.99954
0.999556
0.998012
0.999863
0.518788
0.518788
0.518788
0.518788
0.518788
0.518788
0.518788
0.518788
0.518788
0.518788
0.518788
0.518788
0.518788
0.518788
0.518788
0.518788
0.518788
0.518788
0.518788
0.518788
0.518788
0.518788
0.518788
0.518788
0.518788
0.518788
0.518788
0.518788
0.518788
0.518788
0.518788
0.518788
0.518788
0.518788
0.518788
0.518788
0.518788
0.518788
0.518788
0.518788
0.518788
0.518788
0.518788
0.518788
0.518788
0.518788
0.518788
0.518788
0.518788
0.518788
0.518788
0.518788
0.518788
0.518788
0.518788
0.518788
0.518787
0.518794
0.518122
0.487469
0.288303
1.3906e-06
0.935298
0.999991
0.999361
0.999515
0.998793
0.999001
0.997562
0.995
0.999103
0.999293
0.999391
0.999229
0.99917
0.998576
0.994853
0.965204
0.981463
0.996189
0.966741
0.991025
0.994504
0.994712
0.994378
0.98983
0.989058
0.99555
0.994753
0.993508
0.995659
0.99885
0.999503
0.999613
0.998963
0.999865
0.518788
0.518788
0.518788
0.518788
0.518788
0.518788
0.518788
0.518788
0.518788
0.518788
0.518788
0.518788
0.518788
0.518788
0.518788
0.518788
0.518788
0.518788
0.518788
0.518788
0.518788
0.518788
0.518788
0.518788
0.518788
0.518788
0.518788
0.518788
0.518788
0.518788
0.518788
0.518788
0.518788
0.518788
0.518788
0.518788
0.518788
0.518788
0.518788
0.518788
0.518788
0.518788
0.518788
0.518788
0.518788
0.518788
0.518788
0.518788
0.518788
0.518788
0.518788
0.518788
0.518788
0.518788
0.518788
0.518788
0.518788
0.518774
0.518608
0.446085
0.887033
0.000388184
0.00650956
0.00455179
0.963903
0.980559
0.868243
0.909236
0.977329
0.99298
0.878582
0.994949
0.991404
0.995777
0.99592
0.987069
0.997487
0.999779
0.99989
0.999992
0.999991
0.996136
0.998663
0.997277
0.990241
0.995732
0.997332
0.997966
0.995892
0.985786
0.992475
0.998609
0.999422
0.999577
0.999065
0.999861
0.518788
0.518788
0.518788
0.518788
0.518788
0.518788
0.518788
0.518788
0.518788
0.518788
0.518788
0.518788
0.518788
0.518788
0.518788
0.518788
0.518788
0.518788
0.518788
0.518788
0.518788
0.518788
0.518788
0.518788
0.518788
0.518788
0.518788
0.518788
0.518788
0.518788
0.518788
0.518788
0.518788
0.518788
0.518788
0.518788
0.518788
0.518788
0.518788
0.518788
0.518788
0.518788
0.518788
0.518788
0.518788
0.518788
0.518788
0.518788
0.518788
0.518788
0.518788
0.518788
0.518788
0.518788
0.518788
0.518788
0.518789
0.518789
0.518787
0.408336
5.31134e-09
0.000627476
0.000616934
5.1745e-05
0.121652
0.734308
0.503749
0.00308341
0.0883915
0.14293
0.146244
0.0694438
0.211714
0.530846
0.0581743
0.802404
0.601151
0.000963789
0.0784033
0.972508
3.89472e-06
0.968091
6.79147e-07
0.999401
0.999928
0.999445
0.999989
0.999499
0.999989
0.999992
0.999385
0.998516
0.999498
0.999865
0.99993
0.999964
0.518788
0.518788
0.518788
0.518788
0.518788
0.518788
0.518788
0.518788
0.518788
0.518788
0.518788
0.518788
0.518788
0.518788
0.518788
0.518788
0.518788
0.518788
0.518788
0.518788
0.518788
0.518788
0.518788
0.518788
0.518788
0.518788
0.518788
0.518788
0.518788
0.518788
0.518788
0.518788
0.518788
0.518788
0.518788
0.518788
0.518788
0.518788
0.518788
0.518788
0.518788
0.518788
0.518788
0.518788
0.518788
0.518788
0.518788
0.518788
0.518788
0.518788
0.518788
0.518788
0.518788
0.518788
0.518788
0.518787
0.518787
0.51877
0.513992
0.38218
0.863784
0.448129
0.000520724
0.507255
0.559144
0.615394
0.73676
0.0400079
0.561887
0.359138
0.304128
0.593168
0.690203
0.0795159
0.000715737
0.236536
0.768678
0.311152
0.69112
0.0001496
0.0334034
0.133907
0.14207
0.00170494
8.92414e-05
0.475839
0.00730009
1.57603e-05
7.90224e-05
0.145667
0.553311
0.555513
0.857855
0.963711
0.985343
0.998622
0.518788
0.518788
0.518788
0.518788
0.518788
0.518788
0.518788
0.518788
0.518788
0.518788
0.518788
0.518788
0.518788
0.518788
0.518788
0.518788
0.518788
0.518788
0.518788
0.518788
0.518788
0.518788
0.518788
0.518788
0.518788
0.518788
0.518788
0.518788
0.518788
0.518788
0.518788
0.518788
0.518788
0.518788
0.518788
0.518788
0.518788
0.518788
0.518788
0.518788
0.518788
0.518788
0.518788
0.518788
0.518788
0.518788
0.518788
0.518788
0.518788
0.518788
0.518788
0.518788
0.518788
0.518788
0.518788
0.518787
0.518787
0.518491
0.516232
0.366898
0.795663
4.48363e-05
0.143446
0.470722
0.159591
0.739112
0.749711
0.119243
0.468443
0.744201
0.481237
0.407416
0.634516
0.359973
0.748022
0.436818
0.61346
0.448774
0.609936
0.369199
0.647737
0.303481
0.595636
1.48231e-06
0.436355
0.101047
0.0166262
0.707459
0.503226
0.625917
0.619127
0.640853
0.716499
8.13439e-06
0.708282
4.81358e-07
0.518788
0.518788
0.518788
0.518788
0.518788
0.518788
0.518788
0.518788
0.518788
0.518788
0.518788
0.518788
0.518788
0.518788
0.518788
0.518788
0.518788
0.518788
0.518788
0.518788
0.518788
0.518788
0.518788
0.518788
0.518788
0.518788
0.518788
0.518788
0.518788
0.518788
0.518788
0.518788
0.518788
0.518788
0.518788
0.518788
0.518788
0.518788
0.518788
0.518788
0.518788
0.518788
0.518788
0.518788
0.518788
0.518788
0.518788
0.518788
0.518788
0.518788
0.518788
0.518788
0.518788
0.518788
0.518788
0.518788
0.518787
0.518774
0.517332
0.44006
0.662448
0.000181353
0.119521
0.622118
0.0118017
0.0406367
0.145998
0.146019
0.457095
0.669881
0.580877
0.738775
0.000609972
0.0298089
0.451113
0.501406
0.377118
2.83811e-08
0.0478994
2.12626e-05
0.864513
0.425632
0.127771
0.000857963
0.275776
0.206095
6.35967e-05
0.591211
0.62276
0.338637
0.339762
0.611974
0.505726
0.450954
0.651856
0.000181369
0.518788
0.518788
0.518788
0.518788
0.518788
0.518788
0.518788
0.518788
0.518788
0.518788
0.518788
0.518788
0.518788
0.518788
0.518788
0.518788
0.518788
0.518788
0.518788
0.518788
0.518788
0.518788
0.518788
0.518788
0.518788
0.518788
0.518788
0.518788
0.518788
0.518788
0.518788
0.518788
0.518788
0.518788
0.518788
0.518788
0.518788
0.518788
0.518788
0.518788
0.518788
0.518788
0.518788
0.518788
0.518788
0.518788
0.518788
0.518788
0.518788
0.518788
0.518788
0.518788
0.518788
0.518788
0.518788
0.518788
0.518787
0.518783
0.518713
0.441531
0.964326
0.943172
0.943277
0.983698
0.99678
0.719574
0.989266
0.985189
0.993583
0.991785
0.99632
0.992641
0.989452
0.994012
0.992824
0.995604
0.979912
0.981057
0.996435
0.997682
0.987946
0.99248
0.99168
0.977427
0.980982
0.913612
0.20803
0.995993
0.996939
0.994274
0.996142
0.994027
0.998375
0.999851
0.999987
0.999997
0.518788
0.518788
0.518788
0.518788
0.518788
0.518788
0.518788
0.518788
0.518788
0.518788
0.518788
0.518788
0.518788
0.518788
0.518788
0.518788
0.518788
0.518788
0.518788
0.518788
0.518788
0.518788
0.518788
0.518788
0.518788
0.518788
0.518788
0.518788
0.518788
0.518788
0.518788
0.518788
0.518788
0.518788
0.518788
0.518788
0.518788
0.518788
0.518788
0.518788
0.518788
0.518788
0.518788
0.518788
0.518788
0.518788
0.518788
0.518788
0.518788
0.518788
0.518788
0.518788
0.518788
0.518788
0.518788
0.518788
0.518786
0.518756
0.536334
0.407268
0.61899
0.999975
0.991626
0.999996
0.99982
0.999596
0.999244
0.999295
0.99941
0.999584
0.999591
0.999534
0.999504
0.999467
0.999467
0.999462
0.99947
0.99942
0.998444
0.971961
0.999282
0.999481
0.99933
0.999108
0.998433
0.999138
0.999465
0.998631
0.997973
0.999002
0.998144
0.99915
0.99978
0.999856
0.999877
0.999867
0.518788
0.518788
0.518788
0.518788
0.518788
0.518788
0.518788
0.518788
0.518788
0.518788
0.518788
0.518788
0.518788
0.518788
0.518788
0.518788
0.518788
0.518788
0.518788
0.518788
0.518788
0.518788
0.518788
0.518788
0.518788
0.518788
0.518788
0.518788
0.518788
0.518788
0.518788
0.518788
0.518788
0.518788
0.518788
0.518788
0.518788
0.518788
0.518788
0.518788
0.518788
0.518788
0.518788
0.518788
0.518788
0.518788
0.518788
0.518788
0.518788
0.518788
0.518788
0.518788
0.518788
0.518788
0.518788
0.518788
0.518787
0.518789
0.517436
0.469855
0.265373
7.89981e-08
0.999507
0.997265
0.999393
0.998433
0.995936
0.99475
0.975959
0.90822
0.988348
0.990052
0.977918
0.971039
0.993801
0.995882
0.99548
0.995417
0.99459
0.991398
0.95902
0.940498
0.995363
0.998457
0.997387
0.991881
0.997572
0.998113
0.998904
0.999313
0.999435
0.999318
0.99846
0.996397
0.99715
0.999871
0.518788
0.518788
0.518788
0.518788
0.518788
0.518788
0.518788
0.518788
0.518788
0.518788
0.518788
0.518788
0.518788
0.518788
0.518788
0.518788
0.518788
0.518788
0.518788
0.518788
0.518788
0.518788
0.518788
0.518788
0.518788
0.518788
0.518788
0.518788
0.518788
0.518788
0.518788
0.518788
0.518788
0.518788
0.518788
0.518788
0.518788
0.518788
0.518788
0.518788
0.518788
0.518788
0.518788
0.518788
0.518788
0.518788
0.518788
0.518788
0.518788
0.518788
0.518788
0.518788
0.518788
0.518788
0.518788
0.518788
0.518786
0.518792
0.518716
0.430352
0.676104
0.999016
0.999156
0.997065
0.998576
0.998684
0.991795
0.988988
0.991123
0.994095
0.992753
0.987315
0.323625
0.0799042
0.988044
0.991349
0.994192
0.995699
0.995018
0.986506
0.994425
0.994884
0.991311
0.99556
0.997402
0.990774
0.997735
0.998598
0.999062
0.999232
0.999363
0.999182
0.997566
0.996401
0.998609
0.999873
0.518788
0.518788
0.518788
0.518788
0.518788
0.518788
0.518788
0.518788
0.518788
0.518788
0.518788
0.518788
0.518788
0.518788
0.518788
0.518788
0.518788
0.518788
0.518788
0.518788
0.518788
0.518788
0.518788
0.518788
0.518788
0.518788
0.518788
0.518788
0.518788
0.518788
0.518788
0.518788
0.518788
0.518788
0.518788
0.518788
0.518788
0.518788
0.518788
0.518788
0.518788
0.518788
0.518788
0.518788
0.518788
0.518788
0.518788
0.518788
0.518788
0.518788
0.518788
0.518788
0.518788
0.518788
0.518788
0.518788
0.518784
0.518854
0.516494
0.466385
0.466382
0.999955
0.999366
0.999702
0.999099
0.995878
0.996645
0.995619
0.990718
0.968175
0.974356
0.989605
0.987459
0.796125
0.898303
0.972506
0.991416
0.9931
0.992374
0.967109
0.992211
0.994613
0.985841
0.988226
0.997685
0.994828
0.996596
0.999004
0.999227
0.999295
0.999336
0.999168
0.99777
0.995113
0.993473
0.99987
0.518788
0.518788
0.518788
0.518788
0.518788
0.518788
0.518788
0.518788
0.518788
0.518788
0.518788
0.518788
0.518788
0.518788
0.518788
0.518788
0.518788
0.518788
0.518788
0.518788
0.518788
0.518788
0.518788
0.518788
0.518788
0.518788
0.518788
0.518788
0.518788
0.518788
0.518788
0.518788
0.518788
0.518788
0.518788
0.518788
0.518788
0.518788
0.518788
0.518788
0.518788
0.518788
0.518788
0.518788
0.518788
0.518788
0.518788
0.518788
0.518788
0.518788
0.518788
0.518788
0.518788
0.518788
0.518788
0.518788
0.518784
0.517972
0.476123
0.625917
0.402945
0.997872
0.999995
0.999623
0.999525
0.999345
0.998339
0.997494
0.997924
0.997636
0.995986
0.988567
0.979557
0.991032
0.985429
0.989738
0.99523
0.997225
0.998
0.998389
0.998427
0.998269
0.997447
0.994903
0.998087
0.997245
0.996234
0.998945
0.999368
0.999405
0.999426
0.999282
0.99868
0.998231
0.997134
0.999872
0.518788
0.518788
0.518788
0.518788
0.518788
0.518788
0.518788
0.518788
0.518788
0.518788
0.518788
0.518788
0.518788
0.518788
0.518788
0.518788
0.518788
0.518788
0.518788
0.518788
0.518788
0.518788
0.518788
0.518788
0.518788
0.518788
0.518788
0.518788
0.518788
0.518788
0.518788
0.518788
0.518788
0.518788
0.518788
0.518788
0.518788
0.518788
0.518788
0.518788
0.518788
0.518788
0.518788
0.518788
0.518788
0.518788
0.518788
0.518788
0.518788
0.518788
0.518788
0.518788
0.518788
0.518788
0.518788
0.518788
0.518785
0.518557
0.508992
0.40564
0.811424
0.931259
0.999989
0.999996
0.99835
0.994765
0.997856
0.994536
0.974644
0.978863
0.978535
0.991997
0.995918
0.997137
0.99682
0.996103
0.996115
0.997127
0.997908
0.997862
0.997934
0.996955
0.991533
0.982211
0.997374
0.997534
0.9962
0.998989
0.99924
0.999216
0.999187
0.998895
0.997596
0.996576
0.997594
0.999871
0.518788
0.518788
0.518788
0.518788
0.518788
0.518788
0.518788
0.518788
0.518788
0.518788
0.518788
0.518788
0.518788
0.518788
0.518788
0.518788
0.518788
0.518788
0.518788
0.518788
0.518788
0.518788
0.518788
0.518788
0.518788
0.518788
0.518788
0.518788
0.518788
0.518788
0.518788
0.518788
0.518788
0.518788
0.518788
0.518788
0.518788
0.518788
0.518788
0.518788
0.518788
0.518788
0.518788
0.518788
0.518788
0.518788
0.518788
0.518788
0.518788
0.518788
0.518788
0.518788
0.518788
0.518788
0.518788
0.518788
0.518785
0.518776
0.518655
0.372158
0.818722
0.994223
0.99999
0.999992
0.998164
0.986209
0.836848
0.974676
0.985334
0.989205
0.988282
0.984328
0.98099
0.972632
0.969389
0.957781
0.946885
0.958631
0.937924
0.941891
0.889005
0.456268
0.881811
0.970315
0.962034
0.97705
0.93462
0.989695
0.993235
0.992374
0.997511
0.999374
0.999597
0.99938
0.996071
0.999865
0.518788
0.518788
0.518788
0.518788
0.518788
0.518788
0.518788
0.518788
0.518788
0.518788
0.518788
0.518788
0.518788
0.518788
0.518788
0.518788
0.518788
0.518788
0.518788
0.518788
0.518788
0.518788
0.518788
0.518788
0.518788
0.518788
0.518788
0.518788
0.518788
0.518788
0.518788
0.518788
0.518788
0.518788
0.518788
0.518788
0.518788
0.518788
0.518788
0.518788
0.518788
0.518788
0.518788
0.518788
0.518788
0.518788
0.518788
0.518788
0.518788
0.518788
0.518788
0.518788
0.518788
0.518788
0.518788
0.518788
0.518786
0.518786
0.515329
0.457092
0.745056
0.907197
0.999992
0.99878
0.998713
0.996881
0.985485
0.979346
0.977615
0.950146
0.945223
0.970192
0.972903
0.975052
0.98609
0.987845
0.986743
0.983128
0.980943
0.966295
0.934805
0.752172
0.971776
0.983729
0.988874
0.990093
0.995163
0.981624
0.0320562
0.994794
0.99571
0.999211
0.999598
0.999557
0.997737
0.999866
0.518788
0.518788
0.518788
0.518788
0.518788
0.518788
0.518788
0.518788
0.518788
0.518788
0.518788
0.518788
0.518788
0.518788
0.518788
0.518788
0.518788
0.518788
0.518788
0.518788
0.518788
0.518788
0.518788
0.518788
0.518788
0.518788
0.518788
0.518788
0.518788
0.518788
0.518788
0.518788
0.518788
0.518788
0.518788
0.518788
0.518788
0.518788
0.518788
0.518788
0.518788
0.518788
0.518788
0.518788
0.518788
0.518788
0.518788
0.518788
0.518788
0.518788
0.518788
0.518788
0.518788
0.518788
0.518788
0.518788
0.518787
0.518777
0.521589
0.441318
0.843495
0.999794
0.999993
0.999058
0.998518
0.997802
0.996479
0.98898
0.926468
0.987935
0.995141
0.995805
0.995448
0.993251
0.989067
0.980006
0.946613
0.914152
0.937875
0.861019
0.967688
0.984039
0.989201
0.992278
0.988443
0.92492
0.936139
0.913919
0.984323
0.991833
0.984983
0.99887
0.999536
0.999605
0.998497
0.999863
0.518788
0.518788
0.518788
0.518788
0.518788
0.518788
0.518788
0.518788
0.518788
0.518788
0.518788
0.518788
0.518788
0.518788
0.518788
0.518788
0.518788
0.518788
0.518788
0.518788
0.518788
0.518788
0.518788
0.518788
0.518788
0.518788
0.518788
0.518788
0.518788
0.518788
0.518788
0.518788
0.518788
0.518788
0.518788
0.518788
0.518788
0.518788
0.518788
0.518788
0.518788
0.518788
0.518788
0.518788
0.518788
0.518788
0.518788
0.518788
0.518788
0.518788
0.518788
0.518788
0.518788
0.518788
0.518788
0.518788
0.518787
0.51877
0.520607
0.471729
0.698534
0.99997
0.999993
0.999496
0.999832
0.999693
0.999685
0.999672
0.999624
0.999532
0.999225
0.995763
0.998206
0.72754
0.998306
0.998844
0.998818
0.995707
0.991619
0.988124
0.987424
0.977773
0.830398
0.97173
0.982154
0.982013
0.974403
0.975849
0.968204
0.988197
0.987189
0.998775
0.999486
0.999625
0.999086
0.999864
0.518788
0.518788
0.518788
0.518788
0.518788
0.518788
0.518788
0.518788
0.518788
0.518788
0.518788
0.518788
0.518788
0.518788
0.518788
0.518788
0.518788
0.518788
0.518788
0.518788
0.518788
0.518788
0.518788
0.518788
0.518788
0.518788
0.518788
0.518788
0.518788
0.518788
0.518788
0.518788
0.518788
0.518788
0.518788
0.518788
0.518788
0.518788
0.518788
0.518788
0.518788
0.518788
0.518788
0.518788
0.518788
0.518788
0.518788
0.518788
0.518788
0.518788
0.518788
0.518788
0.518788
0.518788
0.518788
0.518788
0.518786
0.518789
0.519792
0.469721
0.0161882
0.997728
0.932926
0.99685
0.983664
0.997753
0.996072
0.994915
0.998219
0.999165
0.999752
0.999962
0.999994
0.999984
0.999987
0.999979
0.999984
0.99999
0.999224
0.998382
0.998145
0.99775
0.996877
0.989364
0.998891
0.986476
0.984236
0.978422
0.956864
0.988078
0.991707
0.998812
0.999483
0.999617
0.998994
0.999863
0.518788
0.518788
0.518788
0.518788
0.518788
0.518788
0.518788
0.518788
0.518788
0.518788
0.518788
0.518788
0.518788
0.518788
0.518788
0.518788
0.518788
0.518788
0.518788
0.518788
0.518788
0.518788
0.518788
0.518788
0.518788
0.518788
0.518788
0.518788
0.518788
0.518788
0.518788
0.518788
0.518788
0.518788
0.518788
0.518788
0.518788
0.518788
0.518788
0.518788
0.518788
0.518788
0.518788
0.518788
0.518788
0.518788
0.518788
0.518788
0.518788
0.518788
0.518788
0.518788
0.518788
0.518788
0.518787
0.518787
0.518788
0.518829
0.588265
0.431183
0.0272888
0.374202
0.335472
0.666451
0.000210352
0.859684
0.690364
0.00189449
0.252869
0.014474
0.324853
0.0515123
0.146431
0.124116
0.771443
0.985773
0.878014
0.984927
0.703699
0.99518
0.999065
0.999926
0.99999
0.999967
0.999576
0.999986
0.999499
0.998981
0.998448
0.999319
0.999261
0.99877
0.995151
0.998768
0.999093
0.99986
0.518788
0.518788
0.518788
0.518788
0.518788
0.518788
0.518788
0.518788
0.518788
0.518788
0.518788
0.518788
0.518788
0.518788
0.518788
0.518788
0.518788
0.518788
0.518788
0.518788
0.518788
0.518788
0.518788
0.518788
0.518788
0.518788
0.518788
0.518788
0.518788
0.518788
0.518788
0.518788
0.518788
0.518788
0.518788
0.518788
0.518788
0.518788
0.518788
0.518788
0.518788
0.518788
0.518788
0.518788
0.518788
0.518788
0.518788
0.518788
0.518788
0.518788
0.518788
0.518788
0.518788
0.518788
0.518788
0.518787
0.518789
0.518823
0.51926
0.433451
0.933145
0.0152488
0.148153
0.0118488
0.128318
0.885583
0.892756
0.912533
0.939175
0.692373
0.0013604
0.12518
0.917879
0.811129
0.000953494
0.00602765
0.000104982
0.0314765
0.854206
0.902337
0.244625
1.57111e-07
0.914233
5.96344e-07
0.162568
0.966353
0.981334
0.996799
0.994213
0.988163
0.997732
0.999201
0.999853
0.999986
0.999993
0.999945
0.518788
0.518788
0.518788
0.518788
0.518788
0.518788
0.518788
0.518788
0.518788
0.518788
0.518788
0.518788
0.518788
0.518788
0.518788
0.518788
0.518788
0.518788
0.518788
0.518788
0.518788
0.518788
0.518788
0.518788
0.518788
0.518788
0.518788
0.518788
0.518788
0.518788
0.518788
0.518788
0.518788
0.518788
0.518788
0.518788
0.518788
0.518788
0.518788
0.518788
0.518788
0.518788
0.518788
0.518788
0.518788
0.518788
0.518788
0.518788
0.518788
0.518788
0.518788
0.518788
0.518788
0.518788
0.518788
0.518787
0.518791
0.51884
0.542288
0.404338
0.000556333
0.799415
0.110365
0.320284
0.0853802
0.00529314
0.57087
0.750993
0.477291
0.754882
0.717842
0.856351
0.0999156
0.299183
0.661602
0.616993
0.400784
0.00130489
0.677998
0.0137382
0.000201564
0.196314
1.5653e-05
0.0229917
0.959634
4.14869e-05
0.482167
0.718427
0.546553
0.143187
0.674896
0.665379
9.04055e-05
0.0398595
0.025745
0.993198
0.518788
0.518788
0.518788
0.518788
0.518788
0.518788
0.518788
0.518788
0.518788
0.518788
0.518788
0.518788
0.518788
0.518788
0.518788
0.518788
0.518788
0.518788
0.518788
0.518788
0.518788
0.518788
0.518788
0.518788
0.518788
0.518788
0.518788
0.518788
0.518788
0.518788
0.518788
0.518788
0.518788
0.518788
0.518788
0.518788
0.518788
0.518788
0.518788
0.518788
0.518788
0.518788
0.518788
0.518788
0.518788
0.518788
0.518788
0.518788
0.518788
0.518788
0.518788
0.518788
0.518788
0.518788
0.518788
0.518787
0.518787
0.518807
0.569072
0.4574
0.824495
0.863
0.00202601
0.951061
0.00433065
0.990942
0.983299
1.16633e-05
0.998291
0.999829
0.998218
0.953774
0.989794
0.99404
0.999003
0.997246
0.00349644
0.997077
0.99795
0.0458152
0.995798
0.993265
9.84026e-05
0.867542
0.29427
0.913676
0.941661
0.818189
0.842765
0.743963
0.588744
0.226416
0.000868248
0.855401
0.897832
0.999967
0.518788
0.518788
0.518788
0.518788
0.518788
0.518788
0.518788
0.518788
0.518788
0.518788
0.518788
0.518788
0.518788
0.518788
0.518788
0.518788
0.518788
0.518788
0.518788
0.518788
0.518788
0.518788
0.518788
0.518788
0.518788
0.518788
0.518788
0.518788
0.518788
0.518788
0.518788
0.518788
0.518788
0.518788
0.518788
0.518788
0.518788
0.518788
0.518788
0.518788
0.518788
0.518788
0.518788
0.518788
0.518788
0.518788
0.518788
0.518788
0.518788
0.518788
0.518788
0.518788
0.518788
0.518788
0.518788
0.518788
0.518785
0.518782
0.517809
0.484626
0.878612
0.997526
0.00124782
0.999892
0.999987
0.999678
0.999985
0.999851
0.999983
0.999993
0.999213
0.999153
0.999266
0.999987
0.99999
0.999964
0.999983
0.999992
0.99999
0.999988
0.999895
0.999989
0.999992
0.999356
0.996734
0.999988
0.999739
0.999973
0.999993
0.999979
0.999815
0.999918
0.999983
0.999852
0.999982
0.999993
0.518788
0.518788
0.518788
0.518788
0.518788
0.518788
0.518788
0.518788
0.518788
0.518788
0.518788
0.518788
0.518788
0.518788
0.518788
0.518788
0.518788
0.518788
0.518788
0.518788
0.518788
0.518788
0.518788
0.518788
0.518788
0.518788
0.518788
0.518788
0.518788
0.518788
0.518788
0.518788
0.518788
0.518788
0.518788
0.518788
0.518788
0.518788
0.518788
0.518788
0.518788
0.518788
0.518788
0.518788
0.518788
0.518788
0.518788
0.518788
0.518788
0.518788
0.518788
0.518788
0.518788
0.518788
0.518788
0.518788
0.518787
0.518769
0.520092
0.382361
0.669168
0.999987
0.999912
0.999996
0.999819
0.998736
0.999061
0.999281
0.999387
0.980545
0.98401
0.94278
0.97432
0.989946
0.998999
0.999412
0.999098
0.960229
0.977172
0.999031
0.99936
0.999193
0.989335
0.994436
0.991021
0.967621
0.999431
0.998186
0.998938
0.999566
0.999706
0.999794
0.999823
0.999612
0.999548
0.999875
0.518788
0.518788
0.518788
0.518788
0.518788
0.518788
0.518788
0.518788
0.518788
0.518788
0.518788
0.518788
0.518788
0.518788
0.518788
0.518788
0.518788
0.518788
0.518788
0.518788
0.518788
0.518788
0.518788
0.518788
0.518788
0.518788
0.518788
0.518788
0.518788
0.518788
0.518788
0.518788
0.518788
0.518788
0.518788
0.518788
0.518788
0.518788
0.518788
0.518788
0.518788
0.518788
0.518788
0.518788
0.518788
0.518788
0.518788
0.518788
0.518788
0.518788
0.518788
0.518788
0.518788
0.518788
0.518788
0.518788
0.518787
0.518709
0.509911
0.425701
0.612674
0.999991
0.997613
0.999655
0.999132
0.999185
0.635681
0.993007
0.979175
0.924131
0.978344
0.985044
0.980012
0.97989
0.982016
0.984957
0.982688
0.890638
0.99098
0.993986
0.653677
0.994279
0.994499
0.0251817
0.99637
0.994279
0.977976
0.997953
0.998849
0.999237
0.999265
0.998701
0.994133
0.995002
0.998142
0.999863
0.518788
0.518788
0.518788
0.518788
0.518788
0.518788
0.518788
0.518788
0.518788
0.518788
0.518788
0.518788
0.518788
0.518788
0.518788
0.518788
0.518788
0.518788
0.518788
0.518788
0.518788
0.518788
0.518788
0.518788
0.518788
0.518788
0.518788
0.518788
0.518788
0.518788
0.518788
0.518788
0.518788
0.518788
0.518788
0.518788
0.518788
0.518788
0.518788
0.518788
0.518788
0.518788
0.518788
0.518788
0.518788
0.518788
0.518788
0.518788
0.518788
0.518788
0.518788
0.518788
0.518788
0.518788
0.518788
0.518787
0.518787
0.518776
0.519087
0.459082
0.74731
0.999972
0.999993
0.996366
0.999135
0.999372
0.997447
0.911044
0.993222
0.990836
0.989421
0.990769
0.993449
0.994604
0.995538
0.996212
0.99548
0.993048
0.928074
0.997377
0.997766
0.983594
0.987871
0.995733
0.989691
0.99586
0.985721
0.997946
0.998909
0.999229
0.9994
0.999256
0.997633
0.992108
0.996642
0.999858
0.518788
0.518788
0.518788
0.518788
0.518788
0.518788
0.518788
0.518788
0.518788
0.518788
0.518788
0.518788
0.518788
0.518788
0.518788
0.518788
0.518788
0.518788
0.518788
0.518788
0.518788
0.518788
0.518788
0.518788
0.518788
0.518788
0.518788
0.518788
0.518788
0.518788
0.518788
0.518788
0.518788
0.518788
0.518788
0.518788
0.518788
0.518788
0.518788
0.518788
0.518788
0.518788
0.518788
0.518788
0.518788
0.518788
0.518788
0.518788
0.518788
0.518788
0.518788
0.518788
0.518788
0.518788
0.518788
0.518789
0.518784
0.518768
0.517972
0.501076
0.523642
0.999858
0.999996
0.99967
0.999255
0.998916
0.998873
0.999033
0.997789
0.987831
0.978114
0.99211
0.995045
0.995866
0.995759
0.996303
0.995779
0.989819
0.993376
0.990693
0.99798
0.99562
0.993937
0.996215
0.987741
0.994829
0.992119
0.998627
0.99912
0.99923
0.999308
0.999127
0.997044
0.991542
0.997366
0.999851
0.518788
0.518788
0.518788
0.518788
0.518788
0.518788
0.518788
0.518788
0.518788
0.518788
0.518788
0.518788
0.518788
0.518788
0.518788
0.518788
0.518788
0.518788
0.518788
0.518788
0.518788
0.518788
0.518788
0.518788
0.518788
0.518788
0.518788
0.518788
0.518788
0.518788
0.518788
0.518788
0.518788
0.518788
0.518788
0.518788
0.518788
0.518788
0.518788
0.518788
0.518788
0.518788
0.518788
0.518788
0.518788
0.518788
0.518788
0.518788
0.518788
0.518788
0.518788
0.518788
0.518788
0.518788
0.518788
0.518788
0.518781
0.518604
0.42146
0.439184
0.829938
0.995893
0.999991
0.999591
0.999445
0.998777
0.996923
0.998733
0.997942
0.995925
0.990697
0.957278
0.974702
0.990258
0.995901
0.995398
0.9898
0.995152
0.99704
0.998417
0.998867
0.997951
0.961436
0.991149
0.978157
0.995599
0.990377
0.998634
0.999136
0.999171
0.999194
0.998994
0.997467
0.99106
0.835848
0.999858
0.518788
0.518788
0.518788
0.518788
0.518788
0.518788
0.518788
0.518788
0.518788
0.518788
0.518788
0.518788
0.518788
0.518788
0.518788
0.518788
0.518788
0.518788
0.518788
0.518788
0.518788
0.518788
0.518788
0.518788
0.518788
0.518788
0.518788
0.518788
0.518788
0.518788
0.518788
0.518788
0.518788
0.518788
0.518788
0.518788
0.518788
0.518788
0.518788
0.518788
0.518788
0.518788
0.518788
0.518788
0.518788
0.518788
0.518788
0.518788
0.518788
0.518788
0.518788
0.518788
0.518788
0.518788
0.518788
0.518788
0.518783
0.517383
0.515925
0.446679
0.736472
0.00817278
0.999987
0.999996
0.998972
0.995828
0.996297
0.98835
0.997238
0.996416
0.994776
0.994433
0.996583
0.997375
0.99681
0.996517
0.995862
0.997749
0.997445
0.998056
0.998576
0.996926
0.995347
0.996406
0.97395
0.995242
0.99661
0.998996
0.999237
0.999232
0.999244
0.999062
0.99765
0.937233
0.993641
0.999859
0.518788
0.518788
0.518788
0.518788
0.518788
0.518788
0.518788
0.518788
0.518788
0.518788
0.518788
0.518788
0.518788
0.518788
0.518788
0.518788
0.518788
0.518788
0.518788
0.518788
0.518788
0.518788
0.518788
0.518788
0.518788
0.518788
0.518788
0.518788
0.518788
0.518788
0.518788
0.518788
0.518788
0.518788
0.518788
0.518788
0.518788
0.518788
0.518788
0.518788
0.518788
0.518788
0.518788
0.518788
0.518788
0.518788
0.518788
0.518788
0.518788
0.518788
0.518788
0.518788
0.518788
0.518788
0.518788
0.518788
0.518785
0.518751
0.508124
0.386195
0.889843
0.996142
0.999994
0.99999
0.998665
0.994362
0.989059
0.98548
0.885567
0.980806
0.969462
0.933096
0.96078
0.975377
0.959777
0.91812
0.368912
0.715841
0.733718
0.955836
0.925583
0.960406
0.976405
0.966215
0.958458
0.853234
0.933035
0.985426
0.981169
0.985823
0.99696
0.999305
0.999597
0.999428
0.98558
0.999861
0.518788
0.518788
0.518788
0.518788
0.518788
0.518788
0.518788
0.518788
0.518788
0.518788
0.518788
0.518788
0.518788
0.518788
0.518788
0.518788
0.518788
0.518788
0.518788
0.518788
0.518788
0.518788
0.518788
0.518788
0.518788
0.518788
0.518788
0.518788
0.518788
0.518788
0.518788
0.518788
0.518788
0.518788
0.518788
0.518788
0.518788
0.518788
0.518788
0.518788
0.518788
0.518788
0.518788
0.518788
0.518788
0.518788
0.518788
0.518788
0.518788
0.518788
0.518788
0.518788
0.518788
0.518788
0.518788
0.518788
0.518771
0.517888
0.488189
0.477808
0.770217
0.994226
0.999991
0.99998
0.98541
0.997469
0.996726
0.994561
0.94474
0.989005
0.988295
0.990039
0.984428
0.829736
0.969079
0.95252
0.954649
0.975567
0.984253
0.985894
0.989791
0.985055
0.844888
0.982226
0.992033
0.992653
0.994196
0.993264
0.991162
0.992245
0.996289
0.999244
0.999606
0.999512
0.996914
0.999864
0.518788
0.518788
0.518788
0.518788
0.518788
0.518788
0.518788
0.518788
0.518788
0.518788
0.518788
0.518788
0.518788
0.518788
0.518788
0.518788
0.518788
0.518788
0.518788
0.518788
0.518788
0.518788
0.518788
0.518788
0.518788
0.518788
0.518788
0.518788
0.518788
0.518788
0.518788
0.518788
0.518788
0.518788
0.518788
0.518788
0.518788
0.518788
0.518788
0.518788
0.518788
0.518788
0.518788
0.518788
0.518788
0.518788
0.518788
0.518788
0.518788
0.518788
0.518788
0.518788
0.518788
0.518788
0.518788
0.518788
0.518784
0.518769
0.519621
0.453734
0.79382
0.998727
0.999994
0.999345
0.99526
0.997539
0.998351
0.996228
0.968698
0.985009
0.978034
0.95928
0.960978
0.955847
0.974914
0.985605
0.987878
0.988589
0.988534
0.988564
0.976926
0.932941
0.984694
0.989384
0.98511
0.970924
0.954599
0.878347
0.957723
0.984707
0.994553
0.999136
0.999607
0.999548
0.996186
0.999862
0.518788
0.518788
0.518788
0.518788
0.518788
0.518788
0.518788
0.518788
0.518788
0.518788
0.518788
0.518788
0.518788
0.518788
0.518788
0.518788
0.518788
0.518788
0.518788
0.518788
0.518788
0.518788
0.518788
0.518788
0.518788
0.518788
0.518788
0.518788
0.518788
0.518788
0.518788
0.518788
0.518788
0.518788
0.518788
0.518788
0.518788
0.518788
0.518788
0.518788
0.518788
0.518788
0.518788
0.518788
0.518788
0.518788
0.518788
0.518788
0.518788
0.518788
0.518788
0.518788
0.518788
0.518788
0.518788
0.518788
0.518787
0.518786
0.479979
0.530292
0.531659
0.997721
0.999994
0.99876
0.997263
0.973511
0.995701
0.908239
0.981068
0.991573
0.995811
0.996892
0.996953
0.994989
0.980852
0.990809
0.991756
0.986163
0.982872
0.979769
0.973293
0.876316
0.980647
0.990499
0.994321
0.994871
0.992714
0.985286
0.979512
0.988478
0.993088
0.999038
0.999577
0.999581
0.998003
0.999866
0.518788
0.518788
0.518788
0.518788
0.518788
0.518788
0.518788
0.518788
0.518788
0.518788
0.518788
0.518788
0.518788
0.518788
0.518788
0.518788
0.518788
0.518788
0.518788
0.518788
0.518788
0.518788
0.518788
0.518788
0.518788
0.518788
0.518788
0.518788
0.518788
0.518788
0.518788
0.518788
0.518788
0.518788
0.518788
0.518788
0.518788
0.518788
0.518788
0.518788
0.518788
0.518788
0.518788
0.518788
0.518788
0.518788
0.518788
0.518788
0.518788
0.518788
0.518788
0.518788
0.518788
0.518788
0.518788
0.518788
0.518786
0.518804
0.518017
0.4464
0.787376
0.99896
0.999994
0.999898
0.99977
0.999659
0.999555
0.999354
0.999293
0.999053
0.999317
0.9991
0.999388
0.987243
0.999
0.999187
0.999074
0.977337
0.945418
0.970781
0.962383
0.957243
0.975223
0.918803
0.966438
0.893731
0.987854
0.986765
0.97132
0.990739
0.993679
0.999068
0.999577
0.999584
0.997036
0.999861
0.518788
0.518788
0.518788
0.518788
0.518788
0.518788
0.518788
0.518788
0.518788
0.518788
0.518788
0.518788
0.518788
0.518788
0.518788
0.518788
0.518788
0.518788
0.518788
0.518788
0.518788
0.518788
0.518788
0.518788
0.518788
0.518788
0.518788
0.518788
0.518788
0.518788
0.518788
0.518788
0.518788
0.518788
0.518788
0.518788
0.518788
0.518788
0.518788
0.518788
0.518788
0.518788
0.518788
0.518788
0.518788
0.518788
0.518788
0.518788
0.518788
0.518788
0.518788
0.518788
0.518788
0.518788
0.518788
0.518788
0.518786
0.518937
0.512857
0.503207
0.0651732
0.948703
0.998714
0.999831
0.998302
0.99961
0.999823
0.999966
0.999991
0.999985
0.999653
0.999969
0.999689
0.99957
0.999496
0.99927
0.999105
0.999061
0.998819
0.99807
0.995099
0.984191
0.990536
0.994707
0.998315
0.993327
0.984904
0.988437
0.992141
0.980001
0.99707
0.999146
0.999578
0.999614
0.998794
0.999872
0.518788
0.518788
0.518788
0.518788
0.518788
0.518788
0.518788
0.518788
0.518788
0.518788
0.518788
0.518788
0.518788
0.518788
0.518788
0.518788
0.518788
0.518788
0.518788
0.518788
0.518788
0.518788
0.518788
0.518788
0.518788
0.518788
0.518788
0.518788
0.518788
0.518788
0.518788
0.518788
0.518788
0.518788
0.518788
0.518788
0.518788
0.518788
0.518788
0.518788
0.518788
0.518788
0.518788
0.518788
0.518788
0.518788
0.518788
0.518788
0.518788
0.518788
0.518788
0.518788
0.518788
0.518788
0.518788
0.518788
0.518776
0.518105
0.533183
0.464771
0.420025
0.999584
0.999992
0.000210085
0.999981
0.999991
0.999981
0.998517
0.999982
0.999862
0.999853
0.999656
0.999383
0.998286
0.990508
0.994861
0.998428
0.999364
0.999498
0.999681
0.999735
0.999761
0.999743
0.999367
0.997735
0.999235
0.998713
0.996631
0.997397
0.997909
0.993921
0.997784
0.999221
0.999233
0.818846
0.999846
0.518788
0.518788
0.518788
0.518788
0.518788
0.518788
0.518788
0.518788
0.518788
0.518788
0.518788
0.518788
0.518788
0.518788
0.518788
0.518788
0.518788
0.518788
0.518788
0.518788
0.518788
0.518788
0.518788
0.518788
0.518788
0.518788
0.518788
0.518788
0.518788
0.518788
0.518788
0.518788
0.518788
0.518788
0.518788
0.518788
0.518788
0.518788
0.518788
0.518788
0.518788
0.518788
0.518788
0.518788
0.518788
0.518788
0.518788
0.518788
0.518788
0.518788
0.518788
0.518788
0.518788
0.518788
0.518788
0.518788
0.518785
0.518644
0.487096
0.4804
0.550134
0.999708
5.54664e-08
0.999888
0.999423
0.999694
0.996647
6.38526e-07
6.21269e-06
1.32561e-05
0.999186
0.997308
0.553006
0.999235
0.999435
1.91448e-06
0.999865
0.0272406
0.997643
0.999021
0.999589
0.999733
0.999715
0.999626
0.99984
0.999439
0.998969
0.99726
0.996348
0.997682
0.000853051
0.999874
8.89095e-08
0.999956
2.77084e-07
0.999984
0.518788
0.518788
0.518788
0.518788
0.518788
0.518788
0.518788
0.518788
0.518788
0.518788
0.518788
0.518788
0.518788
0.518788
0.518788
0.518788
0.518788
0.518788
0.518788
0.518788
0.518788
0.518788
0.518788
0.518788
0.518788
0.518788
0.518788
0.518788
0.518788
0.518788
0.518788
0.518788
0.518788
0.518788
0.518788
0.518788
0.518788
0.518788
0.518788
0.518788
0.518788
0.518788
0.518788
0.518788
0.518788
0.518788
0.518788
0.518788
0.518788
0.518788
0.518788
0.518788
0.518788
0.518788
0.518788
0.518788
0.518786
0.518795
0.502281
0.475991
0.3722
0.996963
0.999998
0.999678
0.997154
0.95515
0.850712
0.992575
0.998437
0.996539
0.997901
0.998202
0.997614
0.990076
0.994867
0.9893
0.990824
0.985006
0.989492
0.997861
0.998789
0.99926
0.999449
0.999452
0.999548
0.999566
0.99942
0.996661
0.998731
0.970897
0.999059
0.999553
0.999701
0.99987
0.999944
0.999954
0.518788
0.518788
0.518788
0.518788
0.518788
0.518788
0.518788
0.518788
0.518788
0.518788
0.518788
0.518788
0.518788
0.518788
0.518788
0.518788
0.518788
0.518788
0.518788
0.518788
0.518788
0.518788
0.518788
0.518788
0.518788
0.518788
0.518788
0.518788
0.518788
0.518788
0.518788
0.518788
0.518788
0.518788
0.518788
0.518788
0.518788
0.518788
0.518788
0.518788
0.518788
0.518788
0.518788
0.518788
0.518788
0.518788
0.518788
0.518788
0.518788
0.518788
0.518788
0.518788
0.518788
0.518788
0.518788
0.518788
0.518783
0.519021
0.521378
0.415209
0.857331
0.00457811
0.999997
0.999787
0.999727
0.999256
0.999414
0.999324
0.998853
0.997479
0.995262
0.99223
0.986096
0.974854
0.994564
0.996841
0.996495
0.989684
0.992212
0.995177
0.998098
0.998399
0.929636
0.995154
0.99818
0.998876
0.999732
0.997148
0.997487
0.999327
0.999394
0.999601
0.99959
0.99974
0.999856
0.999851
0.518788
0.518788
0.518788
0.518788
0.518788
0.518788
0.518788
0.518788
0.518788
0.518788
0.518788
0.518788
0.518788
0.518788
0.518788
0.518788
0.518788
0.518788
0.518788
0.518788
0.518788
0.518788
0.518788
0.518788
0.518788
0.518788
0.518788
0.518788
0.518788
0.518788
0.518788
0.518788
0.518788
0.518788
0.518788
0.518788
0.518788
0.518788
0.518788
0.518788
0.518788
0.518788
0.518788
0.518788
0.518788
0.518788
0.518788
0.518788
0.518788
0.518788
0.518788
0.518788
0.518788
0.518788
0.518788
0.518788
0.518787
0.518512
0.532771
0.567416
0.164208
0.996259
0.999995
0.999401
0.999474
0.999159
0.99767
0.991021
0.974542
0.968716
0.982874
0.963172
0.956868
0.98051
0.977042
0.968558
0.954394
0.972377
0.938197
0.971891
0.986311
0.965532
0.990882
0.99414
0.974469
0.995711
0.998632
0.999192
0.998901
0.985653
0.994654
0.995758
0.99861
0.999168
0.999026
0.999867
0.518788
0.518788
0.518788
0.518788
0.518788
0.518788
0.518788
0.518788
0.518788
0.518788
0.518788
0.518788
0.518788
0.518788
0.518788
0.518788
0.518788
0.518788
0.518788
0.518788
0.518788
0.518788
0.518788
0.518788
0.518788
0.518788
0.518788
0.518788
0.518788
0.518788
0.518788
0.518788
0.518788
0.518788
0.518788
0.518788
0.518788
0.518788
0.518788
0.518788
0.518788
0.518788
0.518788
0.518788
0.518788
0.518788
0.518788
0.518788
0.518788
0.518788
0.518788
0.518788
0.518788
0.518788
0.518788
0.518788
0.518786
0.518778
0.518319
0.474039
0.558596
0.993486
0.999992
0.998238
0.999542
0.999328
0.995779
0.99618
0.982683
0.978472
0.988254
0.988897
0.988106
0.948269
0.0142546
0.96537
0.979453
0.991211
0.994138
0.994245
0.985873
0.992606
0.989354
0.990068
0.993845
0.975348
0.99144
0.997836
0.999039
0.999307
0.999071
0.997345
0.99469
0.998202
0.998537
0.999859
0.518788
0.518788
0.518788
0.518788
0.518788
0.518788
0.518788
0.518788
0.518788
0.518788
0.518788
0.518788
0.518788
0.518788
0.518788
0.518788
0.518788
0.518788
0.518788
0.518788
0.518788
0.518788
0.518788
0.518788
0.518788
0.518788
0.518788
0.518788
0.518788
0.518788
0.518788
0.518788
0.518788
0.518788
0.518788
0.518788
0.518788
0.518788
0.518788
0.518788
0.518788
0.518788
0.518788
0.518788
0.518788
0.518788
0.518788
0.518788
0.518788
0.518788
0.518788
0.518788
0.518788
0.518788
0.518788
0.518788
0.518786
0.518147
0.517618
0.452017
0.738983
0.997048
0.999993
0.999364
0.999147
0.99926
0.997102
0.979334
0.968059
0.949059
0.976683
0.975687
0.976671
0.978125
0.99044
0.993036
0.987679
0.856246
0.994819
0.997362
0.99681
0.989035
0.987385
0.973788
0.993843
0.982627
0.994121
0.997802
0.998717
0.999259
0.999398
0.999181
0.996335
0.914084
0.996467
0.999865
0.518788
0.518788
0.518788
0.518788
0.518788
0.518788
0.518788
0.518788
0.518788
0.518788
0.518788
0.518788
0.518788
0.518788
0.518788
0.518788
0.518788
0.518788
0.518788
0.518788
0.518788
0.518788
0.518788
0.518788
0.518788
0.518788
0.518788
0.518788
0.518788
0.518788
0.518788
0.518788
0.518788
0.518788
0.518788
0.518788
0.518788
0.518788
0.518788
0.518788
0.518788
0.518788
0.518788
0.518788
0.518788
0.518788
0.518788
0.518788
0.518788
0.518788
0.518788
0.518788
0.518788
0.518788
0.518788
0.518788
0.518784
0.518742
0.502635
0.460055
0.709639
0.988448
0.99999
0.999528
0.999291
0.999396
0.99948
0.999195
0.996374
0.984119
0.554458
0.963142
0.979799
0.944949
0.975299
0.986316
0.991194
0.984289
0.99201
0.996451
0.997753
0.995155
0.98913
0.971741
0.987623
0.979158
0.995804
0.998548
0.99913
0.999314
0.999397
0.999282
0.997702
0.959612
0.99436
0.999862
0.518788
0.518788
0.518788
0.518788
0.518788
0.518788
0.518788
0.518788
0.518788
0.518788
0.518788
0.518788
0.518788
0.518788
0.518788
0.518788
0.518788
0.518788
0.518788
0.518788
0.518788
0.518788
0.518788
0.518788
0.518788
0.518788
0.518788
0.518788
0.518788
0.518788
0.518788
0.518788
0.518788
0.518788
0.518788
0.518788
0.518788
0.518788
0.518788
0.518788
0.518788
0.518788
0.518788
0.518788
0.518788
0.518788
0.518788
0.518788
0.518788
0.518788
0.518788
0.518788
0.518788
0.518788
0.518788
0.518788
0.518781
0.51867
0.491075
0.466656
0.725808
0.989172
0.999993
0.999996
0.99673
0.997443
0.994667
0.997672
0.997252
0.997535
0.996826
0.995642
0.996098
0.982476
0.995441
0.996957
0.997435
0.993122
0.978866
0.998396
0.998714
0.997606
0.990234
0.973796
0.993058
0.980307
0.996298
0.998536
0.999068
0.999257
0.999303
0.999208
0.99835
0.99521
0.990396
0.999866
0.518788
0.518788
0.518788
0.518788
0.518788
0.518788
0.518788
0.518788
0.518788
0.518788
0.518788
0.518788
0.518788
0.518788
0.518788
0.518788
0.518788
0.518788
0.518788
0.518788
0.518788
0.518788
0.518788
0.518788
0.518788
0.518788
0.518788
0.518788
0.518788
0.518788
0.518788
0.518788
0.518788
0.518788
0.518788
0.518788
0.518788
0.518788
0.518788
0.518788
0.518788
0.518788
0.518788
0.518788
0.518788
0.518788
0.518788
0.518788
0.518788
0.518788
0.518788
0.518788
0.518788
0.518788
0.518788
0.518788
0.518783
0.518504
0.516798
0.271134
5.43265e-07
2.64427e-09
0.999995
0.999752
0.999567
0.998993
0.99219
0.99745
0.998225
0.997936
0.997632
0.996977
0.997731
0.997034
0.996433
0.996665
0.997711
0.998209
0.998274
0.99883
0.998665
0.997119
0.960371
0.990661
0.990638
0.744727
0.997046
0.998569
0.999048
0.99918
0.99914
0.998787
0.993814
0.99318
0.988733
0.999862
)
;

boundaryField
{
    outlet
    {
        type            zeroGradient;
    }
    inlet
    {
        type            fixedValue;
        value           uniform 0.02;
    }
    walls
    {
        type            zeroGradient;
    }
}


// ************************************************************************* //
