/*--------------------------------*- C++ -*----------------------------------*\
| =========                 |                                                 |
| \\      /  F ield         | OpenFOAM: The Open Source CFD Toolbox           |
|  \\    /   O peration     | Version:  2.3.0                                 |
|   \\  /    A nd           | Web:      www.OpenFOAM.org                      |
|    \\/     M anipulation  |                                                 |
\*---------------------------------------------------------------------------*/
FoamFile
{
    version     2.0;
    format      ascii;
    class       volScalarField;
    location    "13";
    object      L3;
}
// * * * * * * * * * * * * * * * * * * * * * * * * * * * * * * * * * * * * * //

dimensions      [0 0 0 0 0 0 0];

internalField   nonuniform List<scalar> 
6144
(
0.00631579
0.00631579
0.00631579
0.00631579
0.00631579
0.00631579
0.00631579
0.00631579
0.00631579
0.00631579
0.00631579
0.00631579
0.00631579
0.00631579
0.00631579
0.00631579
0.00631579
0.00631579
0.00631579
0.00631579
0.00631579
0.00631579
0.00631579
0.00631579
0.00631579
0.00631579
0.00631579
0.00631579
0.00631579
0.00631579
0.00631579
0.00631579
0.00631579
0.00631579
0.00631579
0.00631579
0.00631579
0.00631579
0.00631579
0.00631579
0.00631579
0.00631579
0.00631579
0.00631579
0.00631579
0.00631579
0.00631579
0.00631579
0.00631579
0.00631579
0.00631579
0.00631579
0.00631579
0.00631579
0.00631579
0.00631579
0.00631579
0.00631579
0.00631579
0.00631579
0.00631579
0.00735757
0.0001
0.0001
0.0001
0.0001
0.0001
0.0001
0.0001
0.0001
0.0001
0.0001
0.0001
0.0001
0.0001
0.0001
0.0001
0.0001
0.0001
0.0001
0.0001
0.0001
0.0001
0.0001
0.0001
0.0001
0.0001
0.0001
0.0001
0.0001
0.0001
0.0001
0.0001
0.0001
0.0001
0.0001
0.00631579
0.00631579
0.00631579
0.00631579
0.00631579
0.00631579
0.00631579
0.00631579
0.00631579
0.00631579
0.00631579
0.00631579
0.00631579
0.00631579
0.00631579
0.00631579
0.00631579
0.00631579
0.00631579
0.00631579
0.00631579
0.00631579
0.00631579
0.00631579
0.00631579
0.00631579
0.00631579
0.00631579
0.00631579
0.00631579
0.00631579
0.00631579
0.00631579
0.00631579
0.00631579
0.00631579
0.00631579
0.00631579
0.00631579
0.00631579
0.00631579
0.00631579
0.00631579
0.00631579
0.00631579
0.00631579
0.00631579
0.00631579
0.00631579
0.00631579
0.00631579
0.00631579
0.00631579
0.00631579
0.00631579
0.00631579
0.00631579
0.00631579
0.00631579
0.00631579
0.00631579
0.0073911
0.0001
0.0001
0.0001
0.0001
0.0001
0.0001
0.0001
0.0001
0.0001
0.0001
0.0001
0.0001
0.0001
0.0001
0.0001
0.0001
0.0001
0.0001
0.0001
0.0001
0.0001
0.0001
0.0001
0.0001
0.0001
0.0001
0.0001
0.0001
0.0001
0.0001
0.0001
0.0001
0.0001
0.0001
0.00631579
0.00631579
0.00631579
0.00631579
0.00631579
0.00631579
0.00631579
0.00631579
0.00631579
0.00631579
0.00631579
0.00631579
0.00631579
0.00631579
0.00631579
0.00631579
0.00631579
0.00631579
0.00631579
0.00631579
0.00631579
0.00631579
0.00631579
0.00631579
0.00631579
0.00631579
0.00631579
0.00631579
0.00631579
0.00631579
0.00631579
0.00631579
0.00631579
0.00631579
0.00631579
0.00631579
0.00631579
0.00631579
0.00631579
0.00631579
0.00631579
0.00631579
0.00631579
0.00631579
0.00631579
0.00631579
0.00631579
0.00631579
0.00631579
0.00631579
0.00631579
0.00631579
0.00631579
0.00631579
0.00631579
0.00631579
0.00631579
0.00631579
0.00631579
0.00631579
0.00631579
0.00748044
0.0001
0.0001
0.0001
0.0001
0.0001
0.0001
0.0001
0.0001
0.0001
0.0001
0.0001
0.0001
0.0001
0.0001
0.0001
0.0001
0.0001
0.0001
0.0001
0.0001
0.0001
0.0001
0.0001
0.0001
0.0001
0.0001
0.0001
0.0001
0.0001
0.0001
0.0001
0.0001
0.0001
0.0001
0.00631579
0.00631579
0.00631579
0.00631579
0.00631579
0.00631579
0.00631579
0.00631579
0.00631579
0.00631579
0.00631579
0.00631579
0.00631579
0.00631579
0.00631579
0.00631579
0.00631579
0.00631579
0.00631579
0.00631579
0.00631579
0.00631579
0.00631579
0.00631579
0.00631579
0.00631579
0.00631579
0.00631579
0.00631579
0.00631579
0.00631579
0.00631579
0.00631579
0.00631579
0.00631579
0.00631579
0.00631579
0.00631579
0.00631579
0.00631579
0.00631579
0.00631579
0.00631579
0.00631579
0.00631579
0.00631579
0.00631579
0.00631579
0.00631579
0.00631579
0.00631579
0.00631579
0.00631579
0.00631579
0.00631579
0.00631579
0.00631579
0.00631579
0.00631579
0.00631579
0.00631579
0.0001
0.0074711
0.0001
0.0001
0.0001
0.0001
0.0001
0.0001
0.0001
0.0001
0.0001
0.0001
0.0001
0.0001
0.0001
0.0001
0.0001
0.0001
0.0001
0.0001
0.0001
0.0001
0.0001
0.0001
0.0001
0.0001
0.0001
0.0001
0.0001
0.0001
0.0001
0.0001
0.0001
0.0001
0.0001
0.00631579
0.00631579
0.00631579
0.00631579
0.00631579
0.00631579
0.00631579
0.00631579
0.00631579
0.00631579
0.00631579
0.00631579
0.00631579
0.00631579
0.00631579
0.00631579
0.00631579
0.00631579
0.00631579
0.00631579
0.00631579
0.00631579
0.00631579
0.00631579
0.00631579
0.00631579
0.00631579
0.00631579
0.00631579
0.00631579
0.00631579
0.00631579
0.00631579
0.00631579
0.00631579
0.00631579
0.00631579
0.00631579
0.00631579
0.00631579
0.00631579
0.00631579
0.00631579
0.00631579
0.00631579
0.00631579
0.00631579
0.00631579
0.00631579
0.00631579
0.00631579
0.00631579
0.00631579
0.00631579
0.00631579
0.00631579
0.00631579
0.00631579
0.00631579
0.00631579
0.00631579
0.00735027
0.00744855
0.00748044
0.00748044
0.0001
0.0001
0.0001
0.0001
0.0001
0.0001
0.0001
0.0001
0.0001
0.0001
0.0001
0.0001
0.0001
0.0001
0.0001
0.0001
0.0001
0.0001
0.0001
0.0001
0.0001
0.0001
0.0001
0.0001
0.0001
0.0001
0.0001
0.0001
0.0001
0.0001
0.0001
0.00631579
0.00631579
0.00631579
0.00631579
0.00631579
0.00631579
0.00631579
0.00631579
0.00631579
0.00631579
0.00631579
0.00631579
0.00631579
0.00631579
0.00631579
0.00631579
0.00631579
0.00631579
0.00631579
0.00631579
0.00631579
0.00631579
0.00631579
0.00631579
0.00631579
0.00631579
0.00631579
0.00631579
0.00631579
0.00631579
0.00631579
0.00631579
0.00631579
0.00631579
0.00631579
0.00631579
0.00631579
0.00631579
0.00631579
0.00631579
0.00631579
0.00631579
0.00631579
0.00631579
0.00631579
0.00631579
0.00631579
0.00631579
0.00631579
0.00631579
0.00631579
0.00631579
0.00631579
0.00631579
0.00631579
0.00631579
0.00631579
0.00631579
0.00631579
0.00631579
0.00631579
0.00631579
0.00631579
0.00631579
0.00631579
0.00631579
0.00631579
0.00631579
0.00631579
0.00631579
0.00631579
0.00631579
0.00631579
0.00631579
0.00631579
0.00631579
0.00631579
0.00631579
0.00631579
0.00631579
0.00631579
0.0064164
0.00631579
0.00680964
0.00631579
0.00734074
0.00748044
0.00748044
0.00748044
0.0001
0.0001
0.0001
0.0001
0.0001
0.0001
0.0001
0.00631579
0.00631579
0.00631579
0.00631579
0.00631579
0.00631579
0.00631579
0.00631579
0.00631579
0.00631579
0.00631579
0.00631579
0.00631579
0.00631579
0.00631579
0.00631579
0.00631579
0.00631579
0.00631579
0.00631579
0.00631579
0.00631579
0.00631579
0.00631579
0.00631579
0.00631579
0.00631579
0.00631579
0.00631579
0.00631579
0.00631579
0.00631579
0.00631579
0.00631579
0.00631579
0.00631579
0.00631579
0.00631579
0.00631579
0.00631579
0.00631579
0.00631579
0.00631579
0.00631579
0.00631579
0.00631579
0.00631579
0.00631579
0.00631579
0.00631579
0.00631579
0.00631579
0.00631579
0.00631579
0.00631579
0.00631579
0.00631579
0.00631579
0.00631579
0.00631579
0.00631579
0.00631579
0.00631579
0.00631579
0.00631579
0.00631579
0.00631579
0.00631579
0.00631579
0.00631579
0.00631579
0.00631579
0.00631579
0.00631579
0.00631579
0.00631579
0.00631579
0.00631579
0.00631579
0.00631579
0.00631579
0.00631579
0.00631579
0.00631579
0.00631579
0.00631579
0.00631579
0.00631579
0.00631579
0.00631579
0.00631579
0.00735194
0.00748044
0.0001
0.0001
0.00748044
0.00631579
0.00631579
0.00631579
0.00631579
0.00631579
0.00631579
0.00631579
0.00631579
0.00631579
0.00631579
0.00631579
0.00631579
0.00631579
0.00631579
0.00631579
0.00631579
0.00631579
0.00631579
0.00631579
0.00631579
0.00631579
0.00631579
0.00631579
0.00631579
0.00631579
0.00631579
0.00631579
0.00631579
0.00631579
0.00631579
0.00631579
0.00631579
0.00631579
0.00631579
0.00631579
0.00631579
0.00631579
0.00631579
0.00631579
0.00631579
0.00631579
0.00631579
0.00631579
0.00631579
0.00631579
0.00631579
0.00631579
0.00631579
0.00631579
0.00631579
0.00631579
0.00631579
0.00631579
0.00631579
0.00631579
0.00631579
0.00631579
0.00631579
0.00631579
0.00631579
0.00631579
0.00631579
0.00631579
0.00631579
0.00631579
0.00631579
0.00631579
0.00631579
0.00631579
0.00631579
0.00631579
0.00631579
0.00631579
0.00631579
0.00631579
0.00631579
0.00631579
0.00631579
0.00631579
0.00631579
0.00631579
0.00631579
0.00631579
0.00631579
0.00631579
0.00631579
0.00631579
0.00631579
0.00631579
0.00631579
0.00631579
0.00631579
0.00631579
0.00631579
0.00631579
0.00631579
0.00631579
0.00631579
0.00631579
0.00631579
0.00631579
0.00631579
0.00631579
0.00631579
0.00631579
0.00631579
0.00631579
0.00631579
0.00631579
0.00631579
0.00631579
0.00631579
0.00631579
0.00631579
0.00631579
0.00631579
0.00631579
0.00631579
0.00631579
0.00631579
0.00631579
0.00631579
0.00631579
0.00631579
0.00631579
0.00631579
0.00631579
0.00631579
0.00631579
0.00631579
0.00631579
0.00631579
0.00631579
0.00631579
0.00631579
0.00631579
0.00631579
0.00631579
0.00631579
0.00631579
0.00631579
0.00631579
0.00631579
0.00631579
0.00631579
0.00631579
0.00631579
0.00631579
0.00631579
0.00631579
0.00631579
0.00631579
0.00631579
0.00631579
0.00631579
0.00631579
0.00631579
0.00631579
0.00631579
0.00631579
0.00631579
0.00631579
0.00631579
0.00631579
0.00631579
0.00631579
0.00631579
0.00631579
0.00631579
0.00631579
0.00631579
0.00631579
0.00631579
0.00631579
0.00631579
0.00631579
0.00631579
0.00631579
0.00631579
0.00631579
0.00631579
0.00631579
0.00631579
0.00631579
0.00631579
0.00631579
0.00631579
0.00631579
0.00631579
0.00631579
0.00631579
0.00715767
0.00631579
0.00631579
0.00631579
0.00631579
0.00631579
0.00631579
0.00631579
0.00631579
0.00631579
0.00631579
0.00631579
0.00631579
0.00631579
0.00631579
0.00631579
0.00631579
0.00631579
0.00631579
0.00631579
0.00631579
0.00631579
0.00631579
0.00631579
0.00631579
0.00631579
0.00631579
0.00631579
0.00631579
0.00631579
0.00631579
0.00631579
0.00631579
0.00631579
0.00631579
0.00631579
0.00631579
0.00631579
0.00631579
0.00631579
0.00631579
0.00631579
0.00631579
0.00631579
0.00631579
0.00631579
0.00631579
0.00631579
0.00631579
0.00631579
0.00631579
0.00631579
0.00631579
0.00631579
0.00631579
0.00631579
0.00631579
0.00631579
0.00631579
0.00631579
0.00631579
0.00631579
0.00631579
0.00631579
0.00631579
0.00631579
0.00631579
0.00631579
0.00631579
0.00631579
0.00631579
0.00633779
0.00639386
0.00684283
0.00696984
0.00631579
0.00631579
0.00631579
0.0065125
0.00747017
0.00748044
0.00748044
0.0001
0.0001
0.0001
0.0001
0.0001
0.0001
0.0001
0.00747905
0.00748044
0.00742745
0.00718704
0.00746794
0.00748044
0.0001
0.0001
0.00631579
0.00631579
0.00631579
0.00631579
0.00631579
0.00631579
0.00631579
0.00631579
0.00631579
0.00631579
0.00631579
0.00631579
0.00631579
0.00631579
0.00631579
0.00631579
0.00631579
0.00631579
0.00631579
0.00631579
0.00631579
0.00631579
0.00631579
0.00631579
0.00631579
0.00631579
0.00631579
0.00631579
0.00631579
0.00631579
0.00631579
0.00631579
0.00631579
0.00631579
0.00631579
0.00631579
0.00631579
0.00631579
0.00631579
0.00631579
0.00631579
0.00631579
0.00631579
0.00631579
0.00631579
0.00631579
0.00631579
0.00631579
0.00631579
0.00631579
0.00631579
0.00631579
0.00631579
0.00631579
0.00631579
0.00631579
0.00631579
0.00631579
0.00631579
0.00631579
0.00631579
0.00742849
0.00652191
0.00744768
0.00748044
0.00748044
0.0001
0.0001
0.00748044
0.00748044
0.0001
0.0001
0.0001
0.0001
0.0001
0.0001
0.0001
0.0001
0.0001
0.0001
0.0001
0.0001
0.0001
0.0001
0.0001
0.0001
0.0001
0.0001
0.0001
0.0001
0.0001
0.0001
0.0001
0.0001
0.0001
0.0001
0.00631579
0.00631579
0.00631579
0.00631579
0.00631579
0.00631579
0.00631579
0.00631579
0.00631579
0.00631579
0.00631579
0.00631579
0.00631579
0.00631579
0.00631579
0.00631579
0.00631579
0.00631579
0.00631579
0.00631579
0.00631579
0.00631579
0.00631579
0.00631579
0.00631579
0.00631579
0.00631579
0.00631579
0.00631579
0.00631579
0.00631579
0.00631579
0.00631579
0.00631579
0.00631579
0.00631579
0.00631579
0.00631579
0.00631579
0.00631579
0.00631579
0.00631579
0.00631579
0.00631579
0.00631579
0.00631579
0.00631579
0.00631579
0.00631579
0.00631579
0.00631579
0.00631579
0.00631579
0.00631579
0.00631579
0.00631579
0.00631579
0.00631579
0.00631579
0.00631579
0.00631579
0.0001
0.0001
0.0001
0.0001
0.0001
0.0001
0.0001
0.0001
0.0001
0.0001
0.0001
0.0001
0.0001
0.0001
0.0001
0.0001
0.0001
0.0001
0.0001
0.0001
0.0001
0.0001
0.0001
0.0001
0.0001
0.0001
0.0001
0.0001
0.0001
0.0001
0.0001
0.0001
0.0001
0.0001
0.0001
0.00631579
0.00631579
0.00631579
0.00631579
0.00631579
0.00631579
0.00631579
0.00631579
0.00631579
0.00631579
0.00631579
0.00631579
0.00631579
0.00631579
0.00631579
0.00631579
0.00631579
0.00631579
0.00631579
0.00631579
0.00631579
0.00631579
0.00631579
0.00631579
0.00631579
0.00631579
0.00631579
0.00631579
0.00631579
0.00631579
0.00631579
0.00631579
0.00631579
0.00631579
0.00631579
0.00631579
0.00631579
0.00631579
0.00631579
0.00631579
0.00631579
0.00631579
0.00631579
0.00631579
0.00631579
0.00631579
0.00631579
0.00631579
0.00631579
0.00631579
0.00631579
0.00631579
0.00631579
0.00631579
0.00631579
0.00631579
0.00631579
0.00631579
0.00631579
0.00631579
0.00631579
0.00748044
0.0001
0.0001
0.0001
0.0001
0.0001
0.0001
0.0001
0.0001
0.0001
0.0001
0.0001
0.0001
0.0001
0.0001
0.0001
0.0001
0.0001
0.0001
0.0001
0.0001
0.0001
0.0001
0.0001
0.0001
0.0001
0.0001
0.0001
0.0001
0.0001
0.0001
0.0001
0.0001
0.0001
0.0001
0.00631579
0.00631579
0.00631579
0.00631579
0.00631579
0.00631579
0.00631579
0.00631579
0.00631579
0.00631579
0.00631579
0.00631579
0.00631579
0.00631579
0.00631579
0.00631579
0.00631579
0.00631579
0.00631579
0.00631579
0.00631579
0.00631579
0.00631579
0.00631579
0.00631579
0.00631579
0.00631579
0.00631579
0.00631579
0.00631579
0.00631579
0.00631579
0.00631579
0.00631579
0.00631579
0.00631579
0.00631579
0.00631579
0.00631579
0.00631579
0.00631579
0.00631579
0.00631579
0.00631579
0.00631579
0.00631579
0.00631579
0.00631579
0.00631579
0.00631579
0.00631579
0.00631579
0.00631579
0.00631579
0.00631579
0.00631579
0.00631579
0.00631579
0.00631579
0.00631579
0.00631579
0.00748044
0.0001
0.0001
0.0001
0.0001
0.0001
0.0001
0.0001
0.0001
0.0001
0.0001
0.0001
0.0001
0.0001
0.0001
0.0001
0.0001
0.0001
0.0001
0.0001
0.0001
0.0001
0.0001
0.0001
0.0001
0.0001
0.0001
0.0001
0.0001
0.0001
0.0001
0.0001
0.0001
0.0001
0.0001
0.00631579
0.00631579
0.00631579
0.00631579
0.00631579
0.00631579
0.00631579
0.00631579
0.00631579
0.00631579
0.00631579
0.00631579
0.00631579
0.00631579
0.00631579
0.00631579
0.00631579
0.00631579
0.00631579
0.00631579
0.00631579
0.00631579
0.00631579
0.00631579
0.00631579
0.00631579
0.00631579
0.00631579
0.00631579
0.00631579
0.00631579
0.00631579
0.00631579
0.00631579
0.00631579
0.00631579
0.00631579
0.00631579
0.00631579
0.00631579
0.00631579
0.00631579
0.00631579
0.00631579
0.00631579
0.00631579
0.00631579
0.00631579
0.00631579
0.00631579
0.00631579
0.00631579
0.00631579
0.00631579
0.00631579
0.00631579
0.00631579
0.00631579
0.00631579
0.00631579
0.00631579
0.00733769
0.0001
0.0001
0.0001
0.0001
0.0001
0.0001
0.0001
0.0001
0.0001
0.0001
0.0001
0.0001
0.0001
0.0001
0.0001
0.0001
0.0001
0.0001
0.0001
0.0001
0.0001
0.0001
0.0001
0.0001
0.0001
0.0001
0.0001
0.0001
0.0001
0.0001
0.0001
0.0001
0.0001
0.0001
0.00631579
0.00631579
0.00631579
0.00631579
0.00631579
0.00631579
0.00631579
0.00631579
0.00631579
0.00631579
0.00631579
0.00631579
0.00631579
0.00631579
0.00631579
0.00631579
0.00631579
0.00631579
0.00631579
0.00631579
0.00631579
0.00631579
0.00631579
0.00631579
0.00631579
0.00631579
0.00631579
0.00631579
0.00631579
0.00631579
0.00631579
0.00631579
0.00631579
0.00631579
0.00631579
0.00631579
0.00631579
0.00631579
0.00631579
0.00631579
0.00631579
0.00631579
0.00631579
0.00631579
0.00631579
0.00631579
0.00631579
0.00631579
0.00631579
0.00631579
0.00631579
0.00631579
0.00631579
0.00631579
0.00631579
0.00631579
0.00631579
0.00631579
0.00631579
0.00631579
0.00631579
0.00631579
0.00748044
0.0001
0.0001
0.0001
0.0001
0.0001
0.0001
0.0001
0.0001
0.0001
0.0001
0.0001
0.0001
0.0001
0.0001
0.0001
0.0001
0.0001
0.0001
0.0001
0.0001
0.0001
0.0001
0.0001
0.0001
0.0001
0.0001
0.0001
0.0001
0.0001
0.0001
0.0001
0.0001
0.0001
0.00631579
0.00631579
0.00631579
0.00631579
0.00631579
0.00631579
0.00631579
0.00631579
0.00631579
0.00631579
0.00631579
0.00631579
0.00631579
0.00631579
0.00631579
0.00631579
0.00631579
0.00631579
0.00631579
0.00631579
0.00631579
0.00631579
0.00631579
0.00631579
0.00631579
0.00631579
0.00631579
0.00631579
0.00631579
0.00631579
0.00631579
0.00631579
0.00631579
0.00631579
0.00631579
0.00631579
0.00631579
0.00631579
0.00631579
0.00631579
0.00631579
0.00631579
0.00631579
0.00631579
0.00631579
0.00631579
0.00631579
0.00631579
0.00631579
0.00631579
0.00631579
0.00631579
0.00631579
0.00631579
0.00631579
0.00631579
0.00631579
0.00631579
0.00631579
0.00631579
0.00631579
0.00674245
0.00748044
0.0001
0.0001
0.0001
0.0001
0.0001
0.0001
0.0001
0.0001
0.0001
0.0001
0.0001
0.0001
0.0001
0.0001
0.0001
0.0001
0.0001
0.0001
0.0001
0.0001
0.0001
0.0001
0.0001
0.0001
0.0001
0.0001
0.0001
0.0001
0.0001
0.0001
0.0001
0.0001
0.0001
0.00631579
0.00631579
0.00631579
0.00631579
0.00631579
0.00631579
0.00631579
0.00631579
0.00631579
0.00631579
0.00631579
0.00631579
0.00631579
0.00631579
0.00631579
0.00631579
0.00631579
0.00631579
0.00631579
0.00631579
0.00631579
0.00631579
0.00631579
0.00631579
0.00631579
0.00631579
0.00631579
0.00631579
0.00631579
0.00631579
0.00631579
0.00631579
0.00631579
0.00631579
0.00631579
0.00631579
0.00631579
0.00631579
0.00631579
0.00631579
0.00631579
0.00631579
0.00631579
0.00631579
0.00631579
0.00631579
0.00631579
0.00631579
0.00631579
0.00631579
0.00631579
0.00631579
0.00631579
0.00631579
0.00631579
0.00631579
0.00631579
0.00631579
0.00631579
0.00631579
0.00631579
0.00733973
0.0001
0.0001
0.0001
0.0001
0.0001
0.0001
0.0001
0.0001
0.0001
0.0001
0.0001
0.0001
0.0001
0.0001
0.0001
0.0001
0.0001
0.0001
0.0001
0.0001
0.0001
0.0001
0.0001
0.0001
0.0001
0.0001
0.0001
0.0001
0.0001
0.0001
0.0001
0.0001
0.0001
0.0001
0.00631579
0.00631579
0.00631579
0.00631579
0.00631579
0.00631579
0.00631579
0.00631579
0.00631579
0.00631579
0.00631579
0.00631579
0.00631579
0.00631579
0.00631579
0.00631579
0.00631579
0.00631579
0.00631579
0.00631579
0.00631579
0.00631579
0.00631579
0.00631579
0.00631579
0.00631579
0.00631579
0.00631579
0.00631579
0.00631579
0.00631579
0.00631579
0.00631579
0.00631579
0.00631579
0.00631579
0.00631579
0.00631579
0.00631579
0.00631579
0.00631579
0.00631579
0.00631579
0.00631579
0.00631579
0.00631579
0.00631579
0.00631579
0.00631579
0.00631579
0.00631579
0.00631579
0.00631579
0.00631579
0.00631579
0.00631579
0.00631579
0.00631579
0.00631579
0.00631579
0.00631579
0.0001
0.0001
0.0001
0.0001
0.0001
0.0001
0.0001
0.0001
0.0001
0.0001
0.0001
0.0001
0.0001
0.0001
0.0001
0.0001
0.0001
0.0001
0.0001
0.0001
0.0001
0.0001
0.0001
0.0001
0.0001
0.0001
0.0001
0.0001
0.0001
0.0001
0.0001
0.0001
0.0001
0.0001
0.0001
0.00631579
0.00631579
0.00631579
0.00631579
0.00631579
0.00631579
0.00631579
0.00631579
0.00631579
0.00631579
0.00631579
0.00631579
0.00631579
0.00631579
0.00631579
0.00631579
0.00631579
0.00631579
0.00631579
0.00631579
0.00631579
0.00631579
0.00631579
0.00631579
0.00631579
0.00631579
0.00631579
0.00631579
0.00631579
0.00631579
0.00631579
0.00631579
0.00631579
0.00631579
0.00631579
0.00631579
0.00631579
0.00631579
0.00631579
0.00631579
0.00631579
0.00631579
0.00631579
0.00631579
0.00631579
0.00631579
0.00631579
0.00631579
0.00631579
0.00631579
0.00631579
0.00631579
0.00631579
0.00631579
0.00631579
0.00631579
0.00631579
0.00631579
0.00631579
0.00631579
0.00631579
0.0001
0.00741171
0.0001
0.0001
0.0001
0.0001
0.0001
0.0001
0.0001
0.0001
0.0001
0.0001
0.0001
0.0001
0.0001
0.0001
0.0001
0.0001
0.0001
0.0001
0.0001
0.0001
0.0001
0.0001
0.0001
0.0001
0.0001
0.0001
0.0001
0.0001
0.0001
0.0001
0.0001
0.0001
0.0001
0.00631579
0.00631579
0.00631579
0.00631579
0.00631579
0.00631579
0.00631579
0.00631579
0.00631579
0.00631579
0.00631579
0.00631579
0.00631579
0.00631579
0.00631579
0.00631579
0.00631579
0.00631579
0.00631579
0.00631579
0.00631579
0.00631579
0.00631579
0.00631579
0.00631579
0.00631579
0.00631579
0.00631579
0.00631579
0.00631579
0.00631579
0.00631579
0.00631579
0.00631579
0.00631579
0.00631579
0.00631579
0.00631579
0.00631579
0.00631579
0.00631579
0.00631579
0.00631579
0.00631579
0.00631579
0.00631579
0.00631579
0.00631579
0.00631579
0.00631579
0.00631579
0.00631579
0.00631579
0.00631579
0.00631579
0.00631579
0.00631579
0.00631579
0.00631579
0.00631579
0.00631579
0.00631579
0.00631579
0.00631579
0.00701701
0.00722844
0.00679698
0.00740867
0.00684212
0.00673074
0.00684594
0.00703922
0.00732089
0.00727435
0.00728712
0.00734509
0.00730072
0.00734168
0.00712318
0.00631579
0.00649057
0.00724249
0.0073865
0.00748044
0.00748044
0.0001
0.0001
0.0001
0.0001
0.0001
0.0001
0.0001
0.0001
0.0001
0.0001
0.0001
0.00631579
0.00631579
0.00631579
0.00631579
0.00631579
0.00631579
0.00631579
0.00631579
0.00631579
0.00631579
0.00631579
0.00631579
0.00631579
0.00631579
0.00631579
0.00631579
0.00631579
0.00631579
0.00631579
0.00631579
0.00631579
0.00631579
0.00631579
0.00631579
0.00631579
0.00631579
0.00631579
0.00631579
0.00631579
0.00631579
0.00631579
0.00631579
0.00631579
0.00631579
0.00631579
0.00631579
0.00631579
0.00631579
0.00631579
0.00631579
0.00631579
0.00631579
0.00631579
0.00631579
0.00631579
0.00631579
0.00631579
0.00631579
0.00631579
0.00631579
0.00631579
0.00631579
0.00631579
0.00631579
0.00631579
0.00631579
0.00631579
0.00631579
0.00631579
0.00631579
0.00631579
0.00631579
0.00631579
0.00631579
0.00631579
0.00631579
0.00631579
0.00631579
0.00631579
0.00631579
0.00631579
0.00631579
0.00631579
0.00631579
0.00631579
0.00631579
0.00631579
0.00631579
0.00631579
0.00631579
0.00631579
0.00631579
0.00631579
0.00631579
0.00631579
0.00631579
0.00631579
0.00631579
0.00728471
0.00631579
0.00741173
0.0001
0.0001
0.0001
0.0001
0.0001
0.00631579
0.00631579
0.00631579
0.00631579
0.00631579
0.00631579
0.00631579
0.00631579
0.00631579
0.00631579
0.00631579
0.00631579
0.00631579
0.00631579
0.00631579
0.00631579
0.00631579
0.00631579
0.00631579
0.00631579
0.00631579
0.00631579
0.00631579
0.00631579
0.00631579
0.00631579
0.00631579
0.00631579
0.00631579
0.00631579
0.00631579
0.00631579
0.00631579
0.00631579
0.00631579
0.00631579
0.00631579
0.00631579
0.00631579
0.00631579
0.00631579
0.00631579
0.00631579
0.00631579
0.00631579
0.00631579
0.00631579
0.00631579
0.00631579
0.00631579
0.00631579
0.00631579
0.00631579
0.00631579
0.00631579
0.00631579
0.00631579
0.00631579
0.00631579
0.00631579
0.00631579
0.00631579
0.00631579
0.00631579
0.00631579
0.00631579
0.00631579
0.00631579
0.00631579
0.00631579
0.00631579
0.00631579
0.00631579
0.00631579
0.00631579
0.00631579
0.00631579
0.00631579
0.00631579
0.00631579
0.00631579
0.00631579
0.00631579
0.00631579
0.00631579
0.00631579
0.00631579
0.00631579
0.00631579
0.00631579
0.00631579
0.00631579
0.00631579
0.00701785
0.0072382
0.00747584
0.00631579
0.00631579
0.00631579
0.00631579
0.00631579
0.00631579
0.00631579
0.00631579
0.00631579
0.00631579
0.00631579
0.00631579
0.00631579
0.00631579
0.00631579
0.00631579
0.00631579
0.00631579
0.00631579
0.00631579
0.00631579
0.00631579
0.00631579
0.00631579
0.00631579
0.00631579
0.00631579
0.00631579
0.00631579
0.00631579
0.00631579
0.00631579
0.00631579
0.00631579
0.00631579
0.00631579
0.00631579
0.00631579
0.00631579
0.00631579
0.00631579
0.00631579
0.00631579
0.00631579
0.00631579
0.00631579
0.00631579
0.00631579
0.00631579
0.00631579
0.00631579
0.00631579
0.00631579
0.00631579
0.00631579
0.00631579
0.00631579
0.00631579
0.00631579
0.00631579
0.00631579
0.00631579
0.00631579
0.00631579
0.00631579
0.00631579
0.00631579
0.00631579
0.00631579
0.00631579
0.00631579
0.00631579
0.00631579
0.00631579
0.00631579
0.00631579
0.00631579
0.00631579
0.00631579
0.00631579
0.00631579
0.00631579
0.00631579
0.00631579
0.00631579
0.00631579
0.00631579
0.00631579
0.00631579
0.00631579
0.00631579
0.00631579
0.00631579
0.00631579
0.00631579
0.00631579
0.00631579
0.00631579
0.00631579
0.00631579
0.00631579
0.00631579
0.00631579
0.00631579
0.00631579
0.00631579
0.00631579
0.00631579
0.00631579
0.00631579
0.00631579
0.00631579
0.00631579
0.00631579
0.00631579
0.00631579
0.00631579
0.00631579
0.00631579
0.00631579
0.00631579
0.00631579
0.00631579
0.00631579
0.00631579
0.00631579
0.00631579
0.00631579
0.00631579
0.00631579
0.00631579
0.00631579
0.00631579
0.00631579
0.00631579
0.00631579
0.00631579
0.00631579
0.00631579
0.00631579
0.00631579
0.00631579
0.00631579
0.00631579
0.00631579
0.00631579
0.00631579
0.00631579
0.00631579
0.00631579
0.00631579
0.00631579
0.00631579
0.00631579
0.00631579
0.00631579
0.00631579
0.00631579
0.00631579
0.00631579
0.00631579
0.00631579
0.00631579
0.00631579
0.00631579
0.00631579
0.00631579
0.00631579
0.00631579
0.00631579
0.00631579
0.00631579
0.00631579
0.00631579
0.00631579
0.00631579
0.00631579
0.00631579
0.00631579
0.00631579
0.00631579
0.00631579
0.00631579
0.00631579
0.00631579
0.00631579
0.00631579
0.00631579
0.00631579
0.00631579
0.00631579
0.00631579
0.00631579
0.00631579
0.00631579
0.00631579
0.00631579
0.00631579
0.00631579
0.00631579
0.00631579
0.00631579
0.00631579
0.00631579
0.00631579
0.00631579
0.00631579
0.00631579
0.00631579
0.00631579
0.00631579
0.00631579
0.00631579
0.00631579
0.00631579
0.00631579
0.00631579
0.00631579
0.00631579
0.00631579
0.00631579
0.00631579
0.00631579
0.00631579
0.00631579
0.00631579
0.00631579
0.00631579
0.00631579
0.00631579
0.00631579
0.00631579
0.00631579
0.00631579
0.00631579
0.00631579
0.00631579
0.00631579
0.00631579
0.00631579
0.00631579
0.00631579
0.00631579
0.00631579
0.00631579
0.00631579
0.00631579
0.00631579
0.00631579
0.00631579
0.00631579
0.00631579
0.00631579
0.00631579
0.00631579
0.00714471
0.00674245
0.00716832
0.00682826
0.00666497
0.00691702
0.00638044
0.0073981
0.00652056
0.00717146
0.00719605
0.00710547
0.00677329
0.00631579
0.00631579
0.00734449
0.00669857
0.0065673
0.00738735
0.0069332
0.00726278
0.00688283
0.00641493
0.00633978
0.00686599
0.00682278
0.00631579
0.00631579
0.00654718
0.0072955
0.00747703
0.00748044
0.0001
0.00631579
0.00631579
0.00631579
0.00631579
0.00631579
0.00631579
0.00631579
0.00631579
0.00631579
0.00631579
0.00631579
0.00631579
0.00631579
0.00631579
0.00631579
0.00631579
0.00631579
0.00631579
0.00631579
0.00631579
0.00631579
0.00631579
0.00631579
0.00631579
0.00631579
0.00631579
0.00631579
0.00631579
0.00631579
0.00631579
0.00631579
0.00631579
0.00631579
0.00631579
0.00631579
0.00631579
0.00631579
0.00631579
0.00631579
0.00631579
0.00631579
0.00631579
0.00631579
0.00631579
0.00631579
0.00631579
0.00631579
0.00631579
0.00631579
0.00631579
0.00631579
0.00631579
0.00631579
0.00631579
0.00631579
0.00631579
0.00631579
0.00631579
0.00631579
0.00631579
0.00631579
0.0001
0.00748044
0.0001
0.00738878
0.0001
0.0001
0.0001
0.0001
0.0001
0.0001
0.0001
0.0001
0.0001
0.0001
0.0001
0.0001
0.0001
0.0001
0.0001
0.0001
0.0001
0.0001
0.0001
0.0001
0.0001
0.0001
0.0001
0.0001
0.0001
0.0001
0.0001
0.0001
0.0001
0.0001
0.0001
0.00631579
0.00631579
0.00631579
0.00631579
0.00631579
0.00631579
0.00631579
0.00631579
0.00631579
0.00631579
0.00631579
0.00631579
0.00631579
0.00631579
0.00631579
0.00631579
0.00631579
0.00631579
0.00631579
0.00631579
0.00631579
0.00631579
0.00631579
0.00631579
0.00631579
0.00631579
0.00631579
0.00631579
0.00631579
0.00631579
0.00631579
0.00631579
0.00631579
0.00631579
0.00631579
0.00631579
0.00631579
0.00631579
0.00631579
0.00631579
0.00631579
0.00631579
0.00631579
0.00631579
0.00631579
0.00631579
0.00631579
0.00631579
0.00631579
0.00631579
0.00631579
0.00631579
0.00631579
0.00631579
0.00631579
0.00631579
0.00631579
0.00631579
0.00631579
0.00631579
0.00631579
0.0001
0.0001
0.0001
0.0001
0.0001
0.0001
0.0001
0.0001
0.0001
0.0001
0.0001
0.0001
0.0001
0.0001
0.0001
0.0001
0.0001
0.0001
0.0001
0.0001
0.0001
0.0001
0.0001
0.0001
0.0001
0.0001
0.0001
0.0001
0.0001
0.0001
0.0001
0.0001
0.0001
0.0001
0.0001
0.00631579
0.00631579
0.00631579
0.00631579
0.00631579
0.00631579
0.00631579
0.00631579
0.00631579
0.00631579
0.00631579
0.00631579
0.00631579
0.00631579
0.00631579
0.00631579
0.00631579
0.00631579
0.00631579
0.00631579
0.00631579
0.00631579
0.00631579
0.00631579
0.00631579
0.00631579
0.00631579
0.00631579
0.00631579
0.00631579
0.00631579
0.00631579
0.00631579
0.00631579
0.00631579
0.00631579
0.00631579
0.00631579
0.00631579
0.00631579
0.00631579
0.00631579
0.00631579
0.00631579
0.00631579
0.00631579
0.00631579
0.00631579
0.00631579
0.00631579
0.00631579
0.00631579
0.00631579
0.00631579
0.00631579
0.00631579
0.00631579
0.00631579
0.00631579
0.00631579
0.00631579
0.0001
0.0001
0.0001
0.0001
0.0001
0.0001
0.0001
0.0001
0.0001
0.0001
0.0001
0.0001
0.0001
0.0001
0.0001
0.0001
0.0001
0.0001
0.0001
0.0001
0.0001
0.0001
0.0001
0.0001
0.0001
0.0001
0.0001
0.0001
0.0001
0.0001
0.0001
0.0001
0.0001
0.0001
0.0001
0.00631579
0.00631579
0.00631579
0.00631579
0.00631579
0.00631579
0.00631579
0.00631579
0.00631579
0.00631579
0.00631579
0.00631579
0.00631579
0.00631579
0.00631579
0.00631579
0.00631579
0.00631579
0.00631579
0.00631579
0.00631579
0.00631579
0.00631579
0.00631579
0.00631579
0.00631579
0.00631579
0.00631579
0.00631579
0.00631579
0.00631579
0.00631579
0.00631579
0.00631579
0.00631579
0.00631579
0.00631579
0.00631579
0.00631579
0.00631579
0.00631579
0.00631579
0.00631579
0.00631579
0.00631579
0.00631579
0.00631579
0.00631579
0.00631579
0.00631579
0.00631579
0.00631579
0.00631579
0.00631579
0.00631579
0.00631579
0.00631579
0.00631579
0.00631579
0.00631579
0.00631579
0.0001
0.0001
0.0001
0.0001
0.0001
0.0001
0.0001
0.0001
0.0001
0.0001
0.0001
0.0001
0.0001
0.0001
0.0001
0.0001
0.0001
0.0001
0.0001
0.0001
0.0001
0.0001
0.0001
0.0001
0.0001
0.0001
0.0001
0.0001
0.0001
0.0001
0.0001
0.0001
0.0001
0.0001
0.0001
0.00631579
0.00631579
0.00631579
0.00631579
0.00631579
0.00631579
0.00631579
0.00631579
0.00631579
0.00631579
0.00631579
0.00631579
0.00631579
0.00631579
0.00631579
0.00631579
0.00631579
0.00631579
0.00631579
0.00631579
0.00631579
0.00631579
0.00631579
0.00631579
0.00631579
0.00631579
0.00631579
0.00631579
0.00631579
0.00631579
0.00631579
0.00631579
0.00631579
0.00631579
0.00631579
0.00631579
0.00631579
0.00631579
0.00631579
0.00631579
0.00631579
0.00631579
0.00631579
0.00631579
0.00631579
0.00631579
0.00631579
0.00631579
0.00631579
0.00631579
0.00631579
0.00631579
0.00631579
0.00631579
0.00631579
0.00631579
0.00631579
0.00631579
0.00631579
0.00631579
0.00631579
0.00725304
0.0001
0.0001
0.0001
0.0001
0.0001
0.0001
0.0001
0.0001
0.0001
0.0001
0.0001
0.0001
0.0001
0.0001
0.0001
0.0001
0.0001
0.0001
0.0001
0.0001
0.0001
0.0001
0.0001
0.0001
0.0001
0.0001
0.0001
0.0001
0.0001
0.0001
0.0001
0.0001
0.0001
0.0001
0.00631579
0.00631579
0.00631579
0.00631579
0.00631579
0.00631579
0.00631579
0.00631579
0.00631579
0.00631579
0.00631579
0.00631579
0.00631579
0.00631579
0.00631579
0.00631579
0.00631579
0.00631579
0.00631579
0.00631579
0.00631579
0.00631579
0.00631579
0.00631579
0.00631579
0.00631579
0.00631579
0.00631579
0.00631579
0.00631579
0.00631579
0.00631579
0.00631579
0.00631579
0.00631579
0.00631579
0.00631579
0.00631579
0.00631579
0.00631579
0.00631579
0.00631579
0.00631579
0.00631579
0.00631579
0.00631579
0.00631579
0.00631579
0.00631579
0.00631579
0.00631579
0.00631579
0.00631579
0.00631579
0.00631579
0.00631579
0.00631579
0.00631579
0.00631579
0.00631579
0.00631579
0.00631579
0.00748044
0.0001
0.0001
0.0001
0.0001
0.0001
0.0001
0.0001
0.0001
0.0001
0.0001
0.0001
0.0001
0.0001
0.0001
0.0001
0.0001
0.0001
0.0001
0.0001
0.0001
0.0001
0.0001
0.0001
0.0001
0.0001
0.0001
0.0001
0.0001
0.0001
0.0001
0.0001
0.0001
0.0001
0.00631579
0.00631579
0.00631579
0.00631579
0.00631579
0.00631579
0.00631579
0.00631579
0.00631579
0.00631579
0.00631579
0.00631579
0.00631579
0.00631579
0.00631579
0.00631579
0.00631579
0.00631579
0.00631579
0.00631579
0.00631579
0.00631579
0.00631579
0.00631579
0.00631579
0.00631579
0.00631579
0.00631579
0.00631579
0.00631579
0.00631579
0.00631579
0.00631579
0.00631579
0.00631579
0.00631579
0.00631579
0.00631579
0.00631579
0.00631579
0.00631579
0.00631579
0.00631579
0.00631579
0.00631579
0.00631579
0.00631579
0.00631579
0.00631579
0.00631579
0.00631579
0.00631579
0.00631579
0.00631579
0.00631579
0.00631579
0.00631579
0.00631579
0.00631579
0.00631579
0.00631579
0.00631579
0.00748044
0.0001
0.0001
0.0001
0.0001
0.0001
0.0001
0.0001
0.0001
0.0001
0.0001
0.0001
0.0001
0.0001
0.0001
0.0001
0.0001
0.0001
0.0001
0.0001
0.0001
0.0001
0.0001
0.0001
0.0001
0.0001
0.0001
0.0001
0.0001
0.0001
0.0001
0.0001
0.0001
0.0001
0.00631579
0.00631579
0.00631579
0.00631579
0.00631579
0.00631579
0.00631579
0.00631579
0.00631579
0.00631579
0.00631579
0.00631579
0.00631579
0.00631579
0.00631579
0.00631579
0.00631579
0.00631579
0.00631579
0.00631579
0.00631579
0.00631579
0.00631579
0.00631579
0.00631579
0.00631579
0.00631579
0.00631579
0.00631579
0.00631579
0.00631579
0.00631579
0.00631579
0.00631579
0.00631579
0.00631579
0.00631579
0.00631579
0.00631579
0.00631579
0.00631579
0.00631579
0.00631579
0.00631579
0.00631579
0.00631579
0.00631579
0.00631579
0.00631579
0.00631579
0.00631579
0.00631579
0.00631579
0.00631579
0.00631579
0.00631579
0.00631579
0.00631579
0.00631579
0.00631579
0.00631579
0.00631579
0.0001
0.0001
0.0001
0.0001
0.0001
0.0001
0.0001
0.0001
0.0001
0.0001
0.0001
0.0001
0.0001
0.0001
0.0001
0.0001
0.0001
0.0001
0.0001
0.0001
0.0001
0.0001
0.0001
0.0001
0.0001
0.0001
0.0001
0.0001
0.0001
0.0001
0.0001
0.0001
0.0001
0.0001
0.00631579
0.00631579
0.00631579
0.00631579
0.00631579
0.00631579
0.00631579
0.00631579
0.00631579
0.00631579
0.00631579
0.00631579
0.00631579
0.00631579
0.00631579
0.00631579
0.00631579
0.00631579
0.00631579
0.00631579
0.00631579
0.00631579
0.00631579
0.00631579
0.00631579
0.00631579
0.00631579
0.00631579
0.00631579
0.00631579
0.00631579
0.00631579
0.00631579
0.00631579
0.00631579
0.00631579
0.00631579
0.00631579
0.00631579
0.00631579
0.00631579
0.00631579
0.00631579
0.00631579
0.00631579
0.00631579
0.00631579
0.00631579
0.00631579
0.00631579
0.00631579
0.00631579
0.00631579
0.00631579
0.00631579
0.00631579
0.00631579
0.00631579
0.00631579
0.00631579
0.00631579
0.00745725
0.0001
0.0001
0.0001
0.0001
0.0001
0.0001
0.0001
0.0001
0.0001
0.0001
0.0001
0.0001
0.0001
0.0001
0.0001
0.0001
0.0001
0.0001
0.0001
0.0001
0.0001
0.0001
0.0001
0.0001
0.0001
0.0001
0.0001
0.0001
0.0001
0.0001
0.0001
0.0001
0.0001
0.0001
0.00631579
0.00631579
0.00631579
0.00631579
0.00631579
0.00631579
0.00631579
0.00631579
0.00631579
0.00631579
0.00631579
0.00631579
0.00631579
0.00631579
0.00631579
0.00631579
0.00631579
0.00631579
0.00631579
0.00631579
0.00631579
0.00631579
0.00631579
0.00631579
0.00631579
0.00631579
0.00631579
0.00631579
0.00631579
0.00631579
0.00631579
0.00631579
0.00631579
0.00631579
0.00631579
0.00631579
0.00631579
0.00631579
0.00631579
0.00631579
0.00631579
0.00631579
0.00631579
0.00631579
0.00631579
0.00631579
0.00631579
0.00631579
0.00631579
0.00631579
0.00631579
0.00631579
0.00631579
0.00631579
0.00631579
0.00631579
0.00631579
0.00631579
0.00631579
0.00631579
0.00631579
0.00748044
0.00748044
0.0001
0.0001
0.0001
0.0001
0.0001
0.0001
0.0001
0.0001
0.0001
0.0001
0.0001
0.0001
0.0001
0.0001
0.0001
0.0001
0.0001
0.0001
0.0001
0.0001
0.0001
0.0001
0.0001
0.0001
0.0001
0.0001
0.0001
0.0001
0.0001
0.0001
0.0001
0.0001
0.0001
0.00631579
0.00631579
0.00631579
0.00631579
0.00631579
0.00631579
0.00631579
0.00631579
0.00631579
0.00631579
0.00631579
0.00631579
0.00631579
0.00631579
0.00631579
0.00631579
0.00631579
0.00631579
0.00631579
0.00631579
0.00631579
0.00631579
0.00631579
0.00631579
0.00631579
0.00631579
0.00631579
0.00631579
0.00631579
0.00631579
0.00631579
0.00631579
0.00631579
0.00631579
0.00631579
0.00631579
0.00631579
0.00631579
0.00631579
0.00631579
0.00631579
0.00631579
0.00631579
0.00631579
0.00631579
0.00631579
0.00631579
0.00631579
0.00631579
0.00631579
0.00631579
0.00631579
0.00631579
0.00631579
0.00631579
0.00631579
0.00631579
0.00631579
0.00631579
0.00631579
0.00631579
0.00631579
0.00631579
0.00631579
0.00637411
0.00730443
0.00742666
0.00745278
0.00748044
0.00748044
0.0001
0.0001
0.00748044
0.00748044
0.0001
0.0001
0.0001
0.0001
0.0001
0.0001
0.0001
0.0001
0.0001
0.0001
0.0001
0.0001
0.0001
0.0001
0.0001
0.0001
0.0001
0.0001
0.0001
0.0001
0.0001
0.0001
0.00631579
0.00631579
0.00631579
0.00631579
0.00631579
0.00631579
0.00631579
0.00631579
0.00631579
0.00631579
0.00631579
0.00631579
0.00631579
0.00631579
0.00631579
0.00631579
0.00631579
0.00631579
0.00631579
0.00631579
0.00631579
0.00631579
0.00631579
0.00631579
0.00631579
0.00631579
0.00631579
0.00631579
0.00631579
0.00631579
0.00631579
0.00631579
0.00631579
0.00631579
0.00631579
0.00631579
0.00631579
0.00631579
0.00631579
0.00631579
0.00631579
0.00631579
0.00631579
0.00631579
0.00631579
0.00631579
0.00631579
0.00631579
0.00631579
0.00631579
0.00631579
0.00631579
0.00631579
0.00631579
0.00631579
0.00631579
0.00631579
0.00631579
0.00631579
0.00631579
0.00631579
0.00631579
0.00631579
0.00631579
0.00631579
0.00631579
0.00631579
0.00631579
0.00631579
0.00631579
0.00631579
0.00631579
0.00631579
0.00631579
0.00631579
0.00662167
0.00673208
0.00747712
0.0001
0.00748044
0.00717497
0.00746261
0.00748044
0.00748044
0.0001
0.0001
0.0001
0.0001
0.0001
0.0001
0.0001
0.0001
0.0001
0.0001
0.0001
0.0001
0.00631579
0.00631579
0.00631579
0.00631579
0.00631579
0.00631579
0.00631579
0.00631579
0.00631579
0.00631579
0.00631579
0.00631579
0.00631579
0.00631579
0.00631579
0.00631579
0.00631579
0.00631579
0.00631579
0.00631579
0.00631579
0.00631579
0.00631579
0.00631579
0.00631579
0.00631579
0.00631579
0.00631579
0.00631579
0.00631579
0.00631579
0.00631579
0.00631579
0.00631579
0.00631579
0.00631579
0.00631579
0.00631579
0.00631579
0.00631579
0.00631579
0.00631579
0.00631579
0.00631579
0.00631579
0.00631579
0.00631579
0.00631579
0.00631579
0.00631579
0.00631579
0.00631579
0.00631579
0.00631579
0.00631579
0.00631579
0.00631579
0.00631579
0.00631579
0.00631579
0.00631579
0.00677199
0.00631579
0.00631579
0.00631579
0.00631579
0.00631579
0.00631579
0.00631579
0.00631579
0.00631579
0.00631579
0.00631579
0.00631579
0.00631579
0.00631579
0.00631579
0.00631579
0.00631579
0.00631579
0.00631579
0.00714153
0.00731234
0.00748044
0.0001
0.0001
0.0001
0.0001
0.006531
0.00746828
0.0001
0.0001
0.0001
0.0001
0.0001
0.0001
0.00631579
0.00631579
0.00631579
0.00631579
0.00631579
0.00631579
0.00631579
0.00631579
0.00631579
0.00631579
0.00631579
0.00631579
0.00631579
0.00631579
0.00631579
0.00631579
0.00631579
0.00631579
0.00631579
0.00631579
0.00631579
0.00631579
0.00631579
0.00631579
0.00631579
0.00631579
0.00631579
0.00631579
0.00631579
0.00631579
0.00631579
0.00631579
0.00631579
0.00631579
0.00631579
0.00631579
0.00631579
0.00631579
0.00631579
0.00631579
0.00631579
0.00631579
0.00631579
0.00631579
0.00631579
0.00631579
0.00631579
0.00631579
0.00631579
0.00631579
0.00631579
0.00631579
0.00631579
0.00631579
0.00631579
0.00631579
0.00631579
0.00631579
0.00631579
0.00631579
0.00631579
0.00631579
0.00631579
0.00631579
0.00631579
0.00631579
0.00631579
0.00631579
0.00631579
0.00631579
0.00631579
0.00631579
0.00631579
0.00679822
0.00631579
0.00631579
0.00631579
0.00631579
0.00631579
0.00631579
0.00631579
0.00631579
0.00631579
0.00631579
0.00631579
0.00688127
0.00748044
0.00747905
0.0001
0.0001
0.0001
0.0001
0.0001
0.0001
0.0001
0.00741369
0.00631579
0.00631579
0.00631579
0.00631579
0.00631579
0.00631579
0.00631579
0.00631579
0.00631579
0.00631579
0.00631579
0.00631579
0.00631579
0.00631579
0.00631579
0.00631579
0.00631579
0.00631579
0.00631579
0.00631579
0.00631579
0.00631579
0.00631579
0.00631579
0.00631579
0.00631579
0.00631579
0.00631579
0.00631579
0.00631579
0.00631579
0.00631579
0.00631579
0.00631579
0.00631579
0.00631579
0.00631579
0.00631579
0.00631579
0.00631579
0.00631579
0.00631579
0.00631579
0.00631579
0.00631579
0.00631579
0.00631579
0.00631579
0.00631579
0.00631579
0.00631579
0.00631579
0.00631579
0.00631579
0.00631579
0.00631579
0.00631579
0.00631579
0.00631579
0.00631579
0.00631579
0.00631579
0.00631579
0.00631579
0.00688226
0.00631579
0.00631579
0.00631579
0.00734299
0.00631579
0.00631579
0.00631579
0.00631579
0.00631579
0.00631579
0.00631579
0.00631579
0.00631579
0.00631579
0.00631579
0.00631579
0.00631579
0.00631579
0.00658263
0.00631579
0.00631579
0.00631579
0.00631579
0.00631579
0.00631579
0.00631579
0.00735829
0.00742994
0.00748044
0.0001
0.0001
0.00631579
0.00631579
0.00631579
0.00631579
0.00631579
0.00631579
0.00631579
0.00631579
0.00631579
0.00631579
0.00631579
0.00631579
0.00631579
0.00631579
0.00631579
0.00631579
0.00631579
0.00631579
0.00631579
0.00631579
0.00631579
0.00631579
0.00631579
0.00631579
0.00631579
0.00631579
0.00631579
0.00631579
0.00631579
0.00631579
0.00631579
0.00631579
0.00631579
0.00631579
0.00631579
0.00631579
0.00631579
0.00631579
0.00631579
0.00631579
0.00631579
0.00631579
0.00631579
0.00631579
0.00631579
0.00631579
0.00631579
0.00631579
0.00631579
0.00631579
0.00631579
0.00631579
0.00631579
0.00631579
0.00631579
0.00631579
0.00631579
0.00631579
0.00631579
0.00631579
0.00631579
0.00729744
0.00689617
0.0073739
0.00710345
0.00651948
0.00631579
0.00729655
0.00631579
0.00631579
0.00700997
0.00712201
0.00631579
0.00631579
0.00658627
0.00736671
0.00686068
0.00679504
0.00689501
0.00713598
0.0069355
0.00665766
0.00710119
0.00734275
0.00724081
0.00634616
0.00720037
0.00740456
0.00682048
0.00748044
0.00748044
0.0001
0.0001
0.0001
0.0001
0.0001
0.00631579
0.00631579
0.00631579
0.00631579
0.00631579
0.00631579
0.00631579
0.00631579
0.00631579
0.00631579
0.00631579
0.00631579
0.00631579
0.00631579
0.00631579
0.00631579
0.00631579
0.00631579
0.00631579
0.00631579
0.00631579
0.00631579
0.00631579
0.00631579
0.00631579
0.00631579
0.00631579
0.00631579
0.00631579
0.00631579
0.00631579
0.00631579
0.00631579
0.00631579
0.00631579
0.00631579
0.00631579
0.00631579
0.00631579
0.00631579
0.00631579
0.00631579
0.00631579
0.00631579
0.00631579
0.00631579
0.00631579
0.00631579
0.00631579
0.00631579
0.00631579
0.00631579
0.00631579
0.00631579
0.00631579
0.00631579
0.00631579
0.00631579
0.00631579
0.00631579
0.00631579
0.0001
0.00748044
0.0001
0.0001
0.0001
0.0001
0.0001
0.0001
0.0001
0.0001
0.0001
0.0001
0.0001
0.0001
0.0001
0.0001
0.0001
0.0001
0.0001
0.0001
0.0001
0.0001
0.0001
0.0001
0.0001
0.0001
0.0001
0.0001
0.0001
0.0001
0.0001
0.0001
0.0001
0.0001
0.0001
0.00631579
0.00631579
0.00631579
0.00631579
0.00631579
0.00631579
0.00631579
0.00631579
0.00631579
0.00631579
0.00631579
0.00631579
0.00631579
0.00631579
0.00631579
0.00631579
0.00631579
0.00631579
0.00631579
0.00631579
0.00631579
0.00631579
0.00631579
0.00631579
0.00631579
0.00631579
0.00631579
0.00631579
0.00631579
0.00631579
0.00631579
0.00631579
0.00631579
0.00631579
0.00631579
0.00631579
0.00631579
0.00631579
0.00631579
0.00631579
0.00631579
0.00631579
0.00631579
0.00631579
0.00631579
0.00631579
0.00631579
0.00631579
0.00631579
0.00631579
0.00631579
0.00631579
0.00631579
0.00631579
0.00631579
0.00631579
0.00631579
0.00631579
0.00631579
0.00631579
0.00631579
0.0001
0.0001
0.0001
0.0001
0.0001
0.0001
0.0001
0.0001
0.0001
0.0001
0.0001
0.0001
0.0001
0.0001
0.0001
0.0001
0.0001
0.0001
0.0001
0.0001
0.0001
0.0001
0.0001
0.0001
0.0001
0.0001
0.0001
0.0001
0.0001
0.0001
0.0001
0.0001
0.0001
0.0001
0.0001
0.00631579
0.00631579
0.00631579
0.00631579
0.00631579
0.00631579
0.00631579
0.00631579
0.00631579
0.00631579
0.00631579
0.00631579
0.00631579
0.00631579
0.00631579
0.00631579
0.00631579
0.00631579
0.00631579
0.00631579
0.00631579
0.00631579
0.00631579
0.00631579
0.00631579
0.00631579
0.00631579
0.00631579
0.00631579
0.00631579
0.00631579
0.00631579
0.00631579
0.00631579
0.00631579
0.00631579
0.00631579
0.00631579
0.00631579
0.00631579
0.00631579
0.00631579
0.00631579
0.00631579
0.00631579
0.00631579
0.00631579
0.00631579
0.00631579
0.00631579
0.00631579
0.00631579
0.00631579
0.00631579
0.00631579
0.00631579
0.00631579
0.00631579
0.00631579
0.00631579
0.00631579
0.00748044
0.0001
0.0001
0.0001
0.0001
0.0001
0.0001
0.0001
0.0001
0.0001
0.0001
0.0001
0.0001
0.0001
0.0001
0.0001
0.0001
0.0001
0.0001
0.0001
0.0001
0.0001
0.0001
0.0001
0.0001
0.0001
0.0001
0.0001
0.0001
0.0001
0.0001
0.0001
0.0001
0.0001
0.0001
0.00631579
0.00631579
0.00631579
0.00631579
0.00631579
0.00631579
0.00631579
0.00631579
0.00631579
0.00631579
0.00631579
0.00631579
0.00631579
0.00631579
0.00631579
0.00631579
0.00631579
0.00631579
0.00631579
0.00631579
0.00631579
0.00631579
0.00631579
0.00631579
0.00631579
0.00631579
0.00631579
0.00631579
0.00631579
0.00631579
0.00631579
0.00631579
0.00631579
0.00631579
0.00631579
0.00631579
0.00631579
0.00631579
0.00631579
0.00631579
0.00631579
0.00631579
0.00631579
0.00631579
0.00631579
0.00631579
0.00631579
0.00631579
0.00631579
0.00631579
0.00631579
0.00631579
0.00631579
0.00631579
0.00631579
0.00631579
0.00631579
0.00631579
0.00631579
0.00631579
0.00631579
0.00742012
0.0001
0.0001
0.0001
0.0001
0.0001
0.0001
0.0001
0.0001
0.0001
0.0001
0.0001
0.0001
0.0001
0.0001
0.0001
0.0001
0.0001
0.0001
0.0001
0.0001
0.0001
0.0001
0.0001
0.0001
0.0001
0.0001
0.0001
0.0001
0.0001
0.0001
0.0001
0.0001
0.0001
0.0001
0.00631579
0.00631579
0.00631579
0.00631579
0.00631579
0.00631579
0.00631579
0.00631579
0.00631579
0.00631579
0.00631579
0.00631579
0.00631579
0.00631579
0.00631579
0.00631579
0.00631579
0.00631579
0.00631579
0.00631579
0.00631579
0.00631579
0.00631579
0.00631579
0.00631579
0.00631579
0.00631579
0.00631579
0.00631579
0.00631579
0.00631579
0.00631579
0.00631579
0.00631579
0.00631579
0.00631579
0.00631579
0.00631579
0.00631579
0.00631579
0.00631579
0.00631579
0.00631579
0.00631579
0.00631579
0.00631579
0.00631579
0.00631579
0.00631579
0.00631579
0.00631579
0.00631579
0.00631579
0.00631579
0.00631579
0.00631579
0.00631579
0.00631579
0.00631579
0.00631579
0.00631579
0.00665663
0.0001
0.0001
0.0001
0.0001
0.0001
0.0001
0.0001
0.0001
0.0001
0.0001
0.0001
0.0001
0.0001
0.0001
0.0001
0.0001
0.0001
0.0001
0.0001
0.0001
0.0001
0.0001
0.0001
0.0001
0.0001
0.0001
0.0001
0.0001
0.0001
0.0001
0.0001
0.0001
0.0001
0.0001
0.00631579
0.00631579
0.00631579
0.00631579
0.00631579
0.00631579
0.00631579
0.00631579
0.00631579
0.00631579
0.00631579
0.00631579
0.00631579
0.00631579
0.00631579
0.00631579
0.00631579
0.00631579
0.00631579
0.00631579
0.00631579
0.00631579
0.00631579
0.00631579
0.00631579
0.00631579
0.00631579
0.00631579
0.00631579
0.00631579
0.00631579
0.00631579
0.00631579
0.00631579
0.00631579
0.00631579
0.00631579
0.00631579
0.00631579
0.00631579
0.00631579
0.00631579
0.00631579
0.00631579
0.00631579
0.00631579
0.00631579
0.00631579
0.00631579
0.00631579
0.00631579
0.00631579
0.00631579
0.00631579
0.00631579
0.00631579
0.00631579
0.00631579
0.00631579
0.00631579
0.00631579
0.00631579
0.00748044
0.0001
0.0001
0.0001
0.0001
0.0001
0.0001
0.0001
0.0001
0.0001
0.0001
0.0001
0.0001
0.0001
0.0001
0.0001
0.0001
0.0001
0.0001
0.0001
0.0001
0.0001
0.0001
0.0001
0.0001
0.0001
0.0001
0.0001
0.0001
0.0001
0.0001
0.0001
0.0001
0.0001
0.00631579
0.00631579
0.00631579
0.00631579
0.00631579
0.00631579
0.00631579
0.00631579
0.00631579
0.00631579
0.00631579
0.00631579
0.00631579
0.00631579
0.00631579
0.00631579
0.00631579
0.00631579
0.00631579
0.00631579
0.00631579
0.00631579
0.00631579
0.00631579
0.00631579
0.00631579
0.00631579
0.00631579
0.00631579
0.00631579
0.00631579
0.00631579
0.00631579
0.00631579
0.00631579
0.00631579
0.00631579
0.00631579
0.00631579
0.00631579
0.00631579
0.00631579
0.00631579
0.00631579
0.00631579
0.00631579
0.00631579
0.00631579
0.00631579
0.00631579
0.00631579
0.00631579
0.00631579
0.00631579
0.00631579
0.00631579
0.00631579
0.00631579
0.00631579
0.00631579
0.00631579
0.00736523
0.00748044
0.0001
0.0001
0.0001
0.0001
0.0001
0.0001
0.0001
0.0001
0.0001
0.0001
0.0001
0.0001
0.0001
0.0001
0.0001
0.0001
0.0001
0.0001
0.0001
0.0001
0.0001
0.0001
0.0001
0.0001
0.0001
0.0001
0.0001
0.0001
0.0001
0.0001
0.0001
0.0001
0.0001
0.00631579
0.00631579
0.00631579
0.00631579
0.00631579
0.00631579
0.00631579
0.00631579
0.00631579
0.00631579
0.00631579
0.00631579
0.00631579
0.00631579
0.00631579
0.00631579
0.00631579
0.00631579
0.00631579
0.00631579
0.00631579
0.00631579
0.00631579
0.00631579
0.00631579
0.00631579
0.00631579
0.00631579
0.00631579
0.00631579
0.00631579
0.00631579
0.00631579
0.00631579
0.00631579
0.00631579
0.00631579
0.00631579
0.00631579
0.00631579
0.00631579
0.00631579
0.00631579
0.00631579
0.00631579
0.00631579
0.00631579
0.00631579
0.00631579
0.00631579
0.00631579
0.00631579
0.00631579
0.00631579
0.00631579
0.00631579
0.00631579
0.00631579
0.00631579
0.00631579
0.00631579
0.00717327
0.00748044
0.0001
0.0001
0.0001
0.0001
0.0001
0.0001
0.0001
0.0001
0.0001
0.0001
0.0001
0.0001
0.0001
0.0001
0.0001
0.0001
0.0001
0.0001
0.0001
0.0001
0.0001
0.0001
0.0001
0.0001
0.0001
0.0001
0.0001
0.0001
0.0001
0.0001
0.0001
0.0001
0.0001
0.00631579
0.00631579
0.00631579
0.00631579
0.00631579
0.00631579
0.00631579
0.00631579
0.00631579
0.00631579
0.00631579
0.00631579
0.00631579
0.00631579
0.00631579
0.00631579
0.00631579
0.00631579
0.00631579
0.00631579
0.00631579
0.00631579
0.00631579
0.00631579
0.00631579
0.00631579
0.00631579
0.00631579
0.00631579
0.00631579
0.00631579
0.00631579
0.00631579
0.00631579
0.00631579
0.00631579
0.00631579
0.00631579
0.00631579
0.00631579
0.00631579
0.00631579
0.00631579
0.00631579
0.00631579
0.00631579
0.00631579
0.00631579
0.00631579
0.00631579
0.00631579
0.00631579
0.00631579
0.00631579
0.00631579
0.00631579
0.00631579
0.00631579
0.00631579
0.00631579
0.00631579
0.00664629
0.0001
0.0001
0.0001
0.0001
0.0001
0.0001
0.0001
0.0001
0.0001
0.0001
0.0001
0.0001
0.0001
0.0001
0.0001
0.0001
0.0001
0.0001
0.0001
0.0001
0.0001
0.0001
0.0001
0.0001
0.0001
0.0001
0.0001
0.0001
0.0001
0.0001
0.0001
0.0001
0.0001
0.0001
0.00631579
0.00631579
0.00631579
0.00631579
0.00631579
0.00631579
0.00631579
0.00631579
0.00631579
0.00631579
0.00631579
0.00631579
0.00631579
0.00631579
0.00631579
0.00631579
0.00631579
0.00631579
0.00631579
0.00631579
0.00631579
0.00631579
0.00631579
0.00631579
0.00631579
0.00631579
0.00631579
0.00631579
0.00631579
0.00631579
0.00631579
0.00631579
0.00631579
0.00631579
0.00631579
0.00631579
0.00631579
0.00631579
0.00631579
0.00631579
0.00631579
0.00631579
0.00631579
0.00631579
0.00631579
0.00631579
0.00631579
0.00631579
0.00631579
0.00631579
0.00631579
0.00631579
0.00631579
0.00631579
0.00631579
0.00631579
0.00631579
0.00631579
0.00631579
0.00631579
0.00631579
0.00685063
0.00748044
0.0001
0.0001
0.0001
0.0001
0.0001
0.0001
0.0001
0.0001
0.0001
0.0001
0.0001
0.0001
0.0001
0.0001
0.0001
0.0001
0.0001
0.0001
0.0001
0.0001
0.0001
0.0001
0.0001
0.0001
0.0001
0.0001
0.0001
0.0001
0.0001
0.0001
0.0001
0.0001
0.0001
0.00631579
0.00631579
0.00631579
0.00631579
0.00631579
0.00631579
0.00631579
0.00631579
0.00631579
0.00631579
0.00631579
0.00631579
0.00631579
0.00631579
0.00631579
0.00631579
0.00631579
0.00631579
0.00631579
0.00631579
0.00631579
0.00631579
0.00631579
0.00631579
0.00631579
0.00631579
0.00631579
0.00631579
0.00631579
0.00631579
0.00631579
0.00631579
0.00631579
0.00631579
0.00631579
0.00631579
0.00631579
0.00631579
0.00631579
0.00631579
0.00631579
0.00631579
0.00631579
0.00631579
0.00631579
0.00631579
0.00631579
0.00631579
0.00631579
0.00631579
0.00631579
0.00631579
0.00631579
0.00631579
0.00631579
0.00631579
0.00631579
0.00631579
0.00631579
0.00631579
0.00631579
0.00667046
0.00747833
0.00748044
0.00748044
0.00748044
0.00745903
0.0001
0.0001
0.0001
0.0001
0.0001
0.0001
0.0001
0.0001
0.0001
0.0001
0.0001
0.0001
0.0001
0.0001
0.0001
0.0001
0.0001
0.0001
0.0001
0.0001
0.0001
0.0001
0.0001
0.0001
0.0001
0.0001
0.0001
0.0001
0.0001
0.00631579
0.00631579
0.00631579
0.00631579
0.00631579
0.00631579
0.00631579
0.00631579
0.00631579
0.00631579
0.00631579
0.00631579
0.00631579
0.00631579
0.00631579
0.00631579
0.00631579
0.00631579
0.00631579
0.00631579
0.00631579
0.00631579
0.00631579
0.00631579
0.00631579
0.00631579
0.00631579
0.00631579
0.00631579
0.00631579
0.00631579
0.00631579
0.00631579
0.00631579
0.00631579
0.00631579
0.00631579
0.00631579
0.00631579
0.00631579
0.00631579
0.00631579
0.00631579
0.00631579
0.00631579
0.00631579
0.00631579
0.00631579
0.00631579
0.00631579
0.00631579
0.00631579
0.00631579
0.00631579
0.00631579
0.00631579
0.00631579
0.00631579
0.00631579
0.00631579
0.00631579
0.00631579
0.00735199
0.00631579
0.00643967
0.00690151
0.00710046
0.00676022
0.00706538
0.00733616
0.00746102
0.00748044
0.00748044
0.00748044
0.0001
0.0001
0.0001
0.0001
0.0001
0.0001
0.0001
0.0001
0.0001
0.0001
0.0001
0.0001
0.0001
0.0001
0.0001
0.0001
0.0001
0.0001
0.0001
0.0001
0.0001
0.0001
0.00631579
0.00631579
0.00631579
0.00631579
0.00631579
0.00631579
0.00631579
0.00631579
0.00631579
0.00631579
0.00631579
0.00631579
0.00631579
0.00631579
0.00631579
0.00631579
0.00631579
0.00631579
0.00631579
0.00631579
0.00631579
0.00631579
0.00631579
0.00631579
0.00631579
0.00631579
0.00631579
0.00631579
0.00631579
0.00631579
0.00631579
0.00631579
0.00631579
0.00631579
0.00631579
0.00631579
0.00631579
0.00631579
0.00631579
0.00631579
0.00631579
0.00631579
0.00631579
0.00631579
0.00631579
0.00631579
0.00631579
0.00631579
0.00631579
0.00631579
0.00631579
0.00631579
0.00631579
0.00631579
0.00631579
0.00631579
0.00631579
0.00631579
0.00631579
0.00631579
0.00631579
0.00708671
0.0069925
0.00631579
0.00631579
0.00667929
0.00664884
0.00631579
0.00640595
0.00700742
0.00742569
0.00743686
0.00748044
0.0001
0.0001
0.0001
0.0001
0.0001
0.0001
0.0001
0.0001
0.0001
0.0001
0.0001
0.0001
0.0001
0.0001
0.0001
0.0001
0.0001
0.0001
0.0001
0.0001
0.0001
0.0001
0.0001
0.00631579
0.00631579
0.00631579
0.00631579
0.00631579
0.00631579
0.00631579
0.00631579
0.00631579
0.00631579
0.00631579
0.00631579
0.00631579
0.00631579
0.00631579
0.00631579
0.00631579
0.00631579
0.00631579
0.00631579
0.00631579
0.00631579
0.00631579
0.00631579
0.00631579
0.00631579
0.00631579
0.00631579
0.00631579
0.00631579
0.00631579
0.00631579
0.00631579
0.00631579
0.00631579
0.00631579
0.00631579
0.00631579
0.00631579
0.00631579
0.00631579
0.00631579
0.00631579
0.00631579
0.00631579
0.00631579
0.00631579
0.00631579
0.00631579
0.00631579
0.00631579
0.00631579
0.00631579
0.00631579
0.00631579
0.00631579
0.00631579
0.00631579
0.00631579
0.00631579
0.00631579
0.00743727
0.0001
0.0001
0.00748044
0.00746752
0.00748044
0.00748044
0.00748044
0.0001
0.0001
0.0001
0.0001
0.0001
0.0001
0.0001
0.0001
0.0001
0.0001
0.0001
0.0001
0.0001
0.0001
0.0001
0.0001
0.00740098
0.0001
0.0001
0.0001
0.0001
0.0001
0.0001
0.0001
0.0001
0.0001
0.0001
0.00631579
0.00631579
0.00631579
0.00631579
0.00631579
0.00631579
0.00631579
0.00631579
0.00631579
0.00631579
0.00631579
0.00631579
0.00631579
0.00631579
0.00631579
0.00631579
0.00631579
0.00631579
0.00631579
0.00631579
0.00631579
0.00631579
0.00631579
0.00631579
0.00631579
0.00631579
0.00631579
0.00631579
0.00631579
0.00631579
0.00631579
0.00631579
0.00631579
0.00631579
0.00631579
0.00631579
0.00631579
0.00631579
0.00631579
0.00631579
0.00631579
0.00631579
0.00631579
0.00631579
0.00631579
0.00631579
0.00631579
0.00631579
0.00631579
0.00631579
0.00631579
0.00631579
0.00631579
0.00631579
0.00631579
0.00631579
0.00631579
0.00631579
0.00631579
0.00631579
0.00631579
0.00631579
0.00691564
0.00747419
0.00733441
0.00740194
0.00737342
0.00744261
0.00745496
0.00743441
0.00741653
0.00743741
0.00743319
0.00724809
0.00714516
0.00631579
0.00748044
0.0073815
0.00631579
0.00690253
0.00728929
0.00731638
0.00719878
0.00724213
0.00738339
0.00747541
0.00748044
0.00748044
0.0001
0.0001
0.0001
0.0001
0.0001
0.0001
0.0001
0.0001
0.00631579
0.00631579
0.00631579
0.00631579
0.00631579
0.00631579
0.00631579
0.00631579
0.00631579
0.00631579
0.00631579
0.00631579
0.00631579
0.00631579
0.00631579
0.00631579
0.00631579
0.00631579
0.00631579
0.00631579
0.00631579
0.00631579
0.00631579
0.00631579
0.00631579
0.00631579
0.00631579
0.00631579
0.00631579
0.00631579
0.00631579
0.00631579
0.00631579
0.00631579
0.00631579
0.00631579
0.00631579
0.00631579
0.00631579
0.00631579
0.00631579
0.00631579
0.00631579
0.00631579
0.00631579
0.00631579
0.00631579
0.00631579
0.00631579
0.00631579
0.00631579
0.00631579
0.00631579
0.00631579
0.00631579
0.00631579
0.00631579
0.00631579
0.00631579
0.00631579
0.00631579
0.00631579
0.0001
0.0001
0.00748044
0.00748044
0.00724807
0.00736688
0.00743637
0.00748044
0.00748044
0.0001
0.0001
0.00748044
0.00746377
0.00748044
0.0001
0.00748044
0.00748044
0.0001
0.0001
0.0001
0.0001
0.0001
0.0001
0.0001
0.0001
0.0001
0.0001
0.0001
0.0001
0.0001
0.0001
0.0001
0.0001
0.0001
0.00631579
0.00631579
0.00631579
0.00631579
0.00631579
0.00631579
0.00631579
0.00631579
0.00631579
0.00631579
0.00631579
0.00631579
0.00631579
0.00631579
0.00631579
0.00631579
0.00631579
0.00631579
0.00631579
0.00631579
0.00631579
0.00631579
0.00631579
0.00631579
0.00631579
0.00631579
0.00631579
0.00631579
0.00631579
0.00631579
0.00631579
0.00631579
0.00631579
0.00631579
0.00631579
0.00631579
0.00631579
0.00631579
0.00631579
0.00631579
0.00631579
0.00631579
0.00631579
0.00631579
0.00631579
0.00631579
0.00631579
0.00631579
0.00631579
0.00631579
0.00631579
0.00631579
0.00631579
0.00631579
0.00631579
0.00631579
0.00631579
0.00631579
0.00631579
0.00631579
0.00631579
0.00721572
0.0001
0.0001
0.0001
0.0001
0.00748044
0.00742243
0.0001
0.00748044
0.00748044
0.0001
0.0001
0.0001
0.0001
0.0001
0.0001
0.0001
0.0001
0.0001
0.0001
0.0001
0.0001
0.0001
0.0001
0.0001
0.0001
0.0001
0.0001
0.0001
0.0001
0.0001
0.0001
0.0001
0.0001
0.0001
0.00631579
0.00631579
0.00631579
0.00631579
0.00631579
0.00631579
0.00631579
0.00631579
0.00631579
0.00631579
0.00631579
0.00631579
0.00631579
0.00631579
0.00631579
0.00631579
0.00631579
0.00631579
0.00631579
0.00631579
0.00631579
0.00631579
0.00631579
0.00631579
0.00631579
0.00631579
0.00631579
0.00631579
0.00631579
0.00631579
0.00631579
0.00631579
0.00631579
0.00631579
0.00631579
0.00631579
0.00631579
0.00631579
0.00631579
0.00631579
0.00631579
0.00631579
0.00631579
0.00631579
0.00631579
0.00631579
0.00631579
0.00631579
0.00631579
0.00631579
0.00631579
0.00631579
0.00631579
0.00631579
0.00631579
0.00631579
0.00631579
0.00631579
0.00631579
0.00631579
0.00631579
0.00687404
0.0001
0.0001
0.0001
0.0001
0.0001
0.0001
0.0001
0.0001
0.0001
0.0001
0.0001
0.0001
0.0001
0.0001
0.0001
0.0001
0.0001
0.0001
0.0001
0.0001
0.0001
0.0001
0.0001
0.0001
0.0001
0.0001
0.0001
0.0001
0.0001
0.0001
0.0001
0.0001
0.0001
0.0001
0.00631579
0.00631579
0.00631579
0.00631579
0.00631579
0.00631579
0.00631579
0.00631579
0.00631579
0.00631579
0.00631579
0.00631579
0.00631579
0.00631579
0.00631579
0.00631579
0.00631579
0.00631579
0.00631579
0.00631579
0.00631579
0.00631579
0.00631579
0.00631579
0.00631579
0.00631579
0.00631579
0.00631579
0.00631579
0.00631579
0.00631579
0.00631579
0.00631579
0.00631579
0.00631579
0.00631579
0.00631579
0.00631579
0.00631579
0.00631579
0.00631579
0.00631579
0.00631579
0.00631579
0.00631579
0.00631579
0.00631579
0.00631579
0.00631579
0.00631579
0.00631579
0.00631579
0.00631579
0.00631579
0.00631579
0.00631579
0.00631579
0.00631579
0.00631579
0.00631579
0.00631579
0.00631579
0.0001
0.0001
0.0001
0.0001
0.0001
0.0001
0.0001
0.0001
0.0001
0.0001
0.0001
0.0001
0.0001
0.0001
0.0001
0.0001
0.0001
0.0001
0.0001
0.0001
0.0001
0.0001
0.0001
0.0001
0.0001
0.0001
0.0001
0.0001
0.0001
0.0001
0.0001
0.0001
0.0001
0.0001
0.00631579
0.00631579
0.00631579
0.00631579
0.00631579
0.00631579
0.00631579
0.00631579
0.00631579
0.00631579
0.00631579
0.00631579
0.00631579
0.00631579
0.00631579
0.00631579
0.00631579
0.00631579
0.00631579
0.00631579
0.00631579
0.00631579
0.00631579
0.00631579
0.00631579
0.00631579
0.00631579
0.00631579
0.00631579
0.00631579
0.00631579
0.00631579
0.00631579
0.00631579
0.00631579
0.00631579
0.00631579
0.00631579
0.00631579
0.00631579
0.00631579
0.00631579
0.00631579
0.00631579
0.00631579
0.00631579
0.00631579
0.00631579
0.00631579
0.00631579
0.00631579
0.00631579
0.00631579
0.00631579
0.00631579
0.00631579
0.00631579
0.00631579
0.00631579
0.00631579
0.00631579
0.00631579
0.00748044
0.0001
0.0001
0.0001
0.0001
0.0001
0.0001
0.0001
0.0001
0.0001
0.0001
0.0001
0.0001
0.0001
0.0001
0.0001
0.0001
0.0001
0.0001
0.0001
0.0001
0.0001
0.0001
0.0001
0.0001
0.0001
0.0001
0.0001
0.0001
0.0001
0.0001
0.0001
0.0001
0.0001
0.00631579
0.00631579
0.00631579
0.00631579
0.00631579
0.00631579
0.00631579
0.00631579
0.00631579
0.00631579
0.00631579
0.00631579
0.00631579
0.00631579
0.00631579
0.00631579
0.00631579
0.00631579
0.00631579
0.00631579
0.00631579
0.00631579
0.00631579
0.00631579
0.00631579
0.00631579
0.00631579
0.00631579
0.00631579
0.00631579
0.00631579
0.00631579
0.00631579
0.00631579
0.00631579
0.00631579
0.00631579
0.00631579
0.00631579
0.00631579
0.00631579
0.00631579
0.00631579
0.00631579
0.00631579
0.00631579
0.00631579
0.00631579
0.00631579
0.00631579
0.00631579
0.00631579
0.00631579
0.00631579
0.00631579
0.00631579
0.00631579
0.00631579
0.00631579
0.00631579
0.00631579
0.00646939
0.00748044
0.0001
0.0001
0.0001
0.0001
0.0001
0.0001
0.0001
0.0001
0.0001
0.0001
0.0001
0.0001
0.0001
0.0001
0.0001
0.0001
0.0001
0.0001
0.0001
0.0001
0.0001
0.0001
0.0001
0.0001
0.0001
0.0001
0.0001
0.0001
0.0001
0.0001
0.0001
0.0001
0.0001
0.00631579
0.00631579
0.00631579
0.00631579
0.00631579
0.00631579
0.00631579
0.00631579
0.00631579
0.00631579
0.00631579
0.00631579
0.00631579
0.00631579
0.00631579
0.00631579
0.00631579
0.00631579
0.00631579
0.00631579
0.00631579
0.00631579
0.00631579
0.00631579
0.00631579
0.00631579
0.00631579
0.00631579
0.00631579
0.00631579
0.00631579
0.00631579
0.00631579
0.00631579
0.00631579
0.00631579
0.00631579
0.00631579
0.00631579
0.00631579
0.00631579
0.00631579
0.00631579
0.00631579
0.00631579
0.00631579
0.00631579
0.00631579
0.00631579
0.00631579
0.00631579
0.00631579
0.00631579
0.00631579
0.00631579
0.00631579
0.00631579
0.00631579
0.00631579
0.00631579
0.00631579
0.00631579
0.00748044
0.0001
0.0001
0.0001
0.0001
0.0001
0.0001
0.0001
0.0001
0.0001
0.0001
0.0001
0.0001
0.0001
0.0001
0.0001
0.0001
0.0001
0.0001
0.0001
0.0001
0.0001
0.0001
0.0001
0.0001
0.0001
0.0001
0.0001
0.0001
0.0001
0.0001
0.0001
0.0001
0.0001
)
;

boundaryField
{
    outlet
    {
        type            zeroGradient;
    }
    inlet
    {
        type            fixedValue;
        value           uniform 0.00252;
    }
    walls
    {
        type            zeroGradient;
    }
}


// ************************************************************************* //
