/*--------------------------------*- C++ -*----------------------------------*\
| =========                 |                                                 |
| \\      /  F ield         | OpenFOAM: The Open Source CFD Toolbox           |
|  \\    /   O peration     | Version:  2.3.0                                 |
|   \\  /    A nd           | Web:      www.OpenFOAM.org                      |
|    \\/     M anipulation  |                                                 |
\*---------------------------------------------------------------------------*/
FoamFile
{
    version     2.0;
    format      ascii;
    class       volScalarField;
    location    "13";
    object      pMean;
}
// * * * * * * * * * * * * * * * * * * * * * * * * * * * * * * * * * * * * * //

dimensions      [1 -1 -2 0 0 0 0];

internalField   nonuniform List<scalar> 
6144
(
100000
100000
100000
100001
100001
100001
100001
100001
100001
100001
100002
100002
100002
100002
100002
100002
100002
100003
100003
100003
100003
100003
100003
100003
100004
100004
100004
100004
100004
100004
100004
100005
100005
100005
100005
100005
100005
100005
100006
100006
100006
100006
100006
100006
100006
100007
100007
100007
100007
100007
100007
100007
100008
100008
100008
100008
100008
100008
100008
100010
100033
100207
100309
100435
100559
100685
100809
100935
101060
101187
101313
101440
101566
101693
101819
101945
102072
102198
102324
102450
102576
102702
102828
102955
103081
103207
103333
103459
103586
103712
103838
103964
104090
104216
104342
104468
100000
100000
100000
100001
100001
100001
100001
100001
100001
100001
100002
100002
100002
100002
100002
100002
100002
100003
100003
100003
100003
100003
100003
100003
100004
100004
100004
100004
100004
100004
100004
100005
100005
100005
100005
100005
100005
100005
100006
100006
100006
100006
100006
100006
100006
100007
100007
100007
100007
100007
100007
100007
100008
100008
100008
100008
100008
100008
100009
100010
100027
100200
100297
100436
100557
100683
100808
100934
101060
101187
101313
101440
101566
101693
101819
101945
102072
102198
102324
102450
102576
102702
102828
102954
103081
103207
103333
103459
103585
103711
103838
103964
104089
104215
104341
104468
100000
100000
100000
100001
100001
100001
100001
100001
100001
100001
100002
100002
100002
100002
100002
100002
100002
100003
100003
100003
100003
100003
100003
100003
100004
100004
100004
100004
100004
100004
100004
100005
100005
100005
100005
100005
100005
100005
100006
100006
100006
100006
100006
100006
100006
100007
100007
100007
100007
100007
100007
100007
100008
100008
100008
100008
100008
100008
100008
100010
100026
100198
100297
100436
100557
100683
100808
100934
101060
101187
101313
101440
101566
101693
101819
101946
102072
102198
102324
102450
102576
102702
102828
102954
103080
103207
103333
103459
103585
103711
103837
103963
104089
104215
104342
104468
100000
100000
100000
100001
100001
100001
100001
100001
100001
100001
100002
100002
100002
100002
100002
100002
100002
100003
100003
100003
100003
100003
100003
100003
100004
100004
100004
100004
100004
100004
100004
100005
100005
100005
100005
100005
100005
100005
100006
100006
100006
100006
100006
100006
100006
100007
100007
100007
100007
100007
100007
100007
100008
100008
100008
100008
100008
100008
100008
100009
100027
100198
100297
100432
100554
100682
100807
100934
101059
101187
101313
101440
101567
101693
101819
101945
102071
102198
102324
102450
102576
102702
102828
102954
103080
103207
103333
103459
103585
103711
103837
103963
104089
104215
104341
104468
100000
100000
100000
100001
100001
100001
100001
100001
100001
100001
100002
100002
100002
100002
100002
100002
100002
100003
100003
100003
100003
100003
100003
100003
100004
100004
100004
100004
100004
100004
100004
100005
100005
100005
100005
100005
100005
100005
100006
100006
100006
100006
100006
100006
100006
100007
100007
100007
100007
100007
100007
100007
100008
100008
100008
100008
100008
100008
100008
100010
100035
100196
100301
100432
100555
100682
100807
100934
101060
101187
101313
101440
101566
101692
101819
101945
102071
102197
102324
102450
102576
102702
102828
102954
103080
103207
103333
103459
103585
103711
103837
103963
104089
104215
104341
104467
100000
100000
100000
100001
100001
100001
100001
100001
100001
100001
100002
100002
100002
100002
100002
100002
100002
100003
100003
100003
100003
100003
100003
100003
100004
100004
100004
100004
100004
100004
100004
100005
100005
100005
100005
100005
100005
100005
100006
100006
100006
100006
100006
100006
100006
100007
100007
100007
100007
100007
100007
100007
100008
100008
100008
100008
100008
100008
100008
100010
100050
100195
100307
100433
100556
100682
100807
100934
101060
101186
101312
101439
101565
101692
101818
101945
102071
102197
102323
102450
102576
102702
102828
102954
103081
103207
103333
103459
103585
103711
103837
103963
104089
104215
104341
104467
100000
100000
100000
100001
100001
100001
100001
100001
100001
100001
100002
100002
100002
100002
100002
100002
100002
100003
100003
100003
100003
100003
100003
100003
100004
100004
100004
100004
100004
100004
100004
100005
100005
100005
100005
100005
100005
100005
100006
100006
100006
100006
100006
100006
100006
100007
100007
100007
100007
100007
100007
100007
100008
100008
100008
100008
100008
100008
100008
100010
100067
100196
100311
100435
100557
100683
100808
100934
101060
101186
101312
101439
101565
101691
101818
101944
102070
102196
102323
102449
102575
102702
102828
102954
103080
103207
103333
103459
103585
103711
103837
103963
104089
104215
104341
104467
100000
100000
100000
100001
100001
100001
100001
100001
100001
100001
100002
100002
100002
100002
100002
100002
100002
100003
100003
100003
100003
100003
100003
100003
100004
100004
100004
100004
100004
100004
100004
100005
100005
100005
100005
100005
100005
100005
100006
100006
100006
100006
100006
100006
100006
100007
100007
100007
100007
100007
100007
100007
100008
100008
100008
100008
100008
100008
100008
100010
100074
100198
100312
100436
100558
100683
100808
100934
101059
101186
101311
101438
101564
101690
101816
101943
102069
102195
102322
102448
102575
102701
102828
102954
103080
103206
103333
103459
103585
103711
103837
103963
104089
104215
104341
104467
100000
100000
100000
100001
100001
100001
100001
100001
100001
100001
100002
100002
100002
100002
100002
100002
100002
100003
100003
100003
100003
100003
100003
100003
100004
100004
100004
100004
100004
100004
100004
100005
100005
100005
100005
100005
100005
100005
100006
100006
100006
100006
100006
100006
100006
100007
100007
100007
100007
100007
100007
100007
100008
100008
100008
100008
100008
100008
100008
100010
100060
100195
100309
100434
100557
100683
100807
100934
101059
101185
101311
101437
101563
101689
101816
101942
102068
102195
102321
102448
102574
102701
102827
102953
103080
103206
103332
103459
103585
103711
103837
103963
104089
104215
104341
104467
100000
100000
100000
100001
100001
100001
100001
100001
100001
100001
100002
100002
100002
100002
100002
100002
100002
100003
100003
100003
100003
100003
100003
100003
100004
100004
100004
100004
100004
100004
100004
100005
100005
100005
100005
100005
100005
100005
100006
100006
100006
100006
100006
100006
100006
100007
100007
100007
100007
100007
100007
100007
100008
100008
100008
100008
100008
100008
100008
100010
100042
100194
100304
100433
100555
100682
100807
100933
101058
101185
101310
101437
101563
101689
101815
101941
102068
102194
102321
102447
102574
102700
102827
102953
103079
103206
103332
103458
103584
103711
103837
103963
104089
104215
104341
104466
100000
100000
100000
100001
100001
100001
100001
100001
100001
100001
100002
100002
100002
100002
100002
100002
100002
100003
100003
100003
100003
100003
100003
100003
100004
100004
100004
100004
100004
100004
100004
100005
100005
100005
100005
100005
100005
100005
100006
100006
100006
100006
100006
100006
100006
100007
100007
100007
100007
100007
100007
100007
100008
100008
100008
100008
100008
100008
100008
100010
100030
100196
100300
100433
100555
100682
100807
100933
101058
101184
101310
101436
101562
101688
101815
101941
102067
102194
102320
102447
102573
102700
102826
102953
103079
103205
103332
103458
103584
103710
103836
103962
104088
104214
104340
104466
100000
100000
100000
100000
100001
100001
100001
100001
100001
100001
100002
100002
100002
100002
100002
100002
100002
100003
100003
100003
100003
100003
100003
100003
100004
100004
100004
100004
100004
100004
100004
100005
100005
100005
100005
100005
100005
100005
100006
100006
100006
100006
100006
100006
100006
100007
100007
100007
100007
100007
100007
100007
100008
100008
100008
100008
100008
100008
100008
100009
100024
100196
100296
100433
100554
100682
100807
100933
101058
101184
101310
101436
101562
101688
101814
101941
102067
102193
102320
102446
102573
102699
102826
102952
103079
103205
103331
103458
103584
103710
103836
103962
104088
104214
104340
104466
100000
100000
100000
100000
100001
100001
100001
100001
100001
100001
100002
100002
100002
100002
100002
100002
100002
100003
100003
100003
100003
100003
100003
100003
100004
100004
100004
100004
100004
100004
100004
100005
100005
100005
100005
100005
100005
100005
100006
100006
100006
100006
100006
100006
100006
100007
100007
100007
100007
100007
100007
100007
100008
100008
100008
100008
100008
100008
100008
100009
100022
100197
100294
100434
100554
100682
100807
100933
101058
101184
101309
101436
101562
101688
101814
101941
102067
102193
102320
102446
102573
102699
102826
102952
103079
103205
103331
103457
103584
103710
103836
103962
104088
104214
104340
104466
100000
100000
100000
100000
100001
100001
100001
100001
100001
100001
100002
100002
100002
100002
100002
100002
100002
100003
100003
100003
100003
100003
100003
100003
100004
100004
100004
100004
100004
100004
100004
100005
100005
100005
100005
100005
100005
100005
100006
100006
100006
100006
100006
100006
100006
100007
100007
100007
100007
100007
100007
100007
100008
100008
100008
100008
100008
100008
100008
100009
100024
100197
100294
100437
100557
100683
100807
100933
101058
101184
101309
101436
101561
101688
101814
101940
102067
102193
102320
102446
102573
102699
102826
102952
103079
103205
103331
103457
103583
103710
103836
103961
104087
104213
104339
104465
100000
100000
100000
100000
100001
100001
100001
100001
100001
100001
100002
100002
100002
100002
100002
100002
100002
100003
100003
100003
100003
100003
100003
100003
100004
100004
100004
100004
100004
100004
100004
100005
100005
100005
100005
100005
100005
100005
100006
100006
100006
100006
100006
100006
100006
100007
100007
100007
100007
100007
100007
100007
100008
100008
100008
100008
100008
100008
100009
100010
100025
100198
100294
100436
100557
100682
100807
100933
101058
101184
101309
101436
101561
101688
101814
101940
102067
102193
102320
102446
102573
102699
102826
102952
103079
103205
103331
103457
103583
103709
103835
103961
104087
104213
104339
104465
100000
100000
100000
100000
100001
100001
100001
100001
100001
100001
100002
100002
100002
100002
100002
100002
100002
100003
100003
100003
100003
100003
100003
100003
100004
100004
100004
100004
100004
100004
100004
100005
100005
100005
100005
100005
100005
100005
100006
100006
100006
100006
100006
100006
100006
100007
100007
100007
100007
100007
100007
100007
100008
100008
100008
100008
100008
100008
100009
100009
100029
100204
100305
100435
100558
100684
100808
100933
101058
101184
101309
101436
101562
101688
101814
101940
102067
102193
102320
102446
102573
102699
102826
102952
103079
103205
103331
103457
103583
103709
103835
103961
104087
104213
104339
104465
100000
100000
100000
100001
100001
100001
100001
100001
100001
100001
100002
100002
100002
100002
100002
100002
100002
100003
100003
100003
100003
100003
100003
100003
100004
100004
100004
100004
100004
100004
100004
100005
100005
100005
100005
100005
100005
100005
100006
100006
100006
100006
100006
100006
100006
100007
100007
100007
100007
100007
100007
100007
100008
100008
100008
100008
100008
100008
100009
100010
100032
100207
100311
100435
100559
100685
100808
100935
101060
101187
101313
101439
101566
101692
101819
101945
102071
102198
102324
102450
102576
102702
102828
102954
103081
103207
103333
103459
103585
103711
103837
103963
104089
104215
104341
104467
100000
100000
100000
100001
100001
100001
100001
100001
100001
100001
100002
100002
100002
100002
100002
100002
100002
100003
100003
100003
100003
100003
100003
100003
100004
100004
100004
100004
100004
100004
100004
100005
100005
100005
100005
100005
100005
100005
100006
100006
100006
100006
100006
100006
100006
100007
100007
100007
100007
100007
100007
100007
100008
100008
100008
100008
100008
100008
100009
100010
100026
100200
100297
100435
100557
100683
100807
100934
101059
101186
101312
101439
101566
101692
101819
101945
102071
102197
102324
102450
102576
102702
102828
102954
103080
103207
103333
103459
103585
103711
103837
103963
104089
104215
104341
104467
100000
100000
100000
100001
100001
100001
100001
100001
100001
100001
100002
100002
100002
100002
100002
100002
100002
100003
100003
100003
100003
100003
100003
100003
100004
100004
100004
100004
100004
100004
100004
100005
100005
100005
100005
100005
100005
100005
100006
100006
100006
100006
100006
100006
100006
100007
100007
100007
100007
100007
100007
100007
100008
100008
100008
100008
100008
100008
100008
100010
100025
100198
100296
100436
100556
100682
100807
100933
101059
101186
101312
101439
101565
101692
101818
101945
102071
102197
102323
102449
102576
102702
102828
102954
103080
103206
103333
103459
103585
103711
103837
103963
104089
104215
104341
104467
100000
100000
100000
100001
100001
100001
100001
100001
100001
100001
100002
100002
100002
100002
100002
100002
100002
100003
100003
100003
100003
100003
100003
100003
100004
100004
100004
100004
100004
100004
100004
100005
100005
100005
100005
100005
100005
100005
100006
100006
100006
100006
100006
100006
100006
100007
100007
100007
100007
100007
100007
100007
100008
100008
100008
100008
100008
100008
100008
100010
100027
100196
100297
100432
100554
100681
100806
100933
101058
101186
101312
101439
101566
101692
101818
101945
102071
102197
102323
102449
102575
102701
102828
102954
103080
103206
103332
103459
103585
103711
103837
103963
104089
104215
104341
104467
100000
100000
100000
100001
100001
100001
100001
100001
100001
100001
100002
100002
100002
100002
100002
100002
100002
100003
100003
100003
100003
100003
100003
100003
100004
100004
100004
100004
100004
100004
100004
100005
100005
100005
100005
100005
100005
100005
100006
100006
100006
100006
100006
100006
100006
100007
100007
100007
100007
100007
100007
100007
100008
100008
100008
100008
100008
100008
100008
100010
100035
100193
100300
100432
100554
100681
100806
100933
101059
101186
101312
101439
101565
101691
101818
101944
102070
102197
102323
102449
102575
102701
102827
102954
103080
103206
103332
103458
103584
103711
103837
103963
104089
104215
104341
104467
100000
100000
100000
100001
100001
100001
100001
100001
100001
100001
100002
100002
100002
100002
100002
100002
100002
100003
100003
100003
100003
100003
100003
100003
100004
100004
100004
100004
100004
100004
100004
100005
100005
100005
100005
100005
100005
100005
100006
100006
100006
100006
100006
100006
100006
100007
100007
100007
100007
100007
100007
100007
100008
100008
100008
100008
100008
100008
100008
100010
100051
100192
100305
100432
100555
100682
100806
100933
101058
101185
101311
101438
101564
101691
101817
101944
102070
102196
102322
102449
102575
102701
102827
102953
103080
103206
103332
103458
103584
103710
103836
103963
104089
104214
104340
104466
100000
100000
100000
100001
100001
100001
100001
100001
100001
100001
100002
100002
100002
100002
100002
100002
100002
100003
100003
100003
100003
100003
100003
100003
100004
100004
100004
100004
100004
100004
100004
100005
100005
100005
100005
100005
100005
100005
100006
100006
100006
100006
100006
100006
100006
100007
100007
100007
100007
100007
100007
100007
100008
100008
100008
100008
100008
100008
100008
100010
100067
100192
100308
100433
100556
100682
100807
100933
101058
101185
101311
101437
101564
101690
101816
101943
102069
102196
102322
102448
102575
102701
102827
102953
103079
103205
103332
103458
103584
103710
103836
103962
104088
104214
104340
104466
100000
100000
100000
100001
100001
100001
100001
100001
100001
100001
100002
100002
100002
100002
100002
100002
100002
100003
100003
100003
100003
100003
100003
100003
100004
100004
100004
100004
100004
100004
100004
100005
100005
100005
100005
100005
100005
100005
100006
100006
100006
100006
100006
100006
100006
100007
100007
100007
100007
100007
100007
100007
100008
100008
100008
100008
100008
100008
100008
100010
100070
100192
100308
100433
100556
100683
100807
100933
101058
101185
101310
101437
101563
101689
101816
101942
102068
102195
102321
102448
102574
102701
102827
102954
103080
103206
103333
103459
103585
103711
103837
103963
104089
104214
104339
104463
100000
100000
100000
100000
100001
100001
100001
100001
100001
100001
100002
100002
100002
100002
100002
100002
100002
100003
100003
100003
100003
100003
100003
100003
100004
100004
100004
100004
100004
100004
100004
100005
100005
100005
100005
100005
100005
100005
100006
100006
100006
100006
100006
100006
100006
100007
100007
100007
100007
100007
100007
100007
100008
100008
100008
100008
100008
100008
100008
100010
100052
100190
100304
100431
100555
100681
100806
100932
101057
101184
101309
101436
101562
101688
101815
101941
102067
102194
102320
102447
102573
102700
102826
102953
103079
103205
103332
103458
103584
103710
103836
103962
104088
104214
104340
104466
100000
100000
100000
100000
100001
100001
100001
100001
100001
100001
100002
100002
100002
100002
100002
100002
100002
100003
100003
100003
100003
100003
100003
100003
100004
100004
100004
100004
100004
100004
100004
100005
100005
100005
100005
100005
100005
100005
100006
100006
100006
100006
100006
100006
100006
100007
100007
100007
100007
100007
100007
100007
100008
100008
100008
100008
100008
100008
100008
100010
100037
100191
100300
100431
100554
100681
100806
100932
101057
101184
101309
101435
101561
101688
101814
101940
102067
102193
102320
102446
102573
102699
102826
102952
103079
103205
103331
103457
103584
103710
103836
103962
104088
104214
104340
104466
100000
100000
100000
100000
100001
100001
100001
100001
100001
100001
100002
100002
100002
100002
100002
100002
100002
100003
100003
100003
100003
100003
100003
100003
100004
100004
100004
100004
100004
100004
100004
100005
100005
100005
100005
100005
100005
100005
100006
100006
100006
100006
100006
100006
100006
100007
100007
100007
100007
100007
100007
100007
100008
100008
100008
100008
100008
100008
100008
100010
100028
100193
100297
100432
100553
100681
100805
100932
101057
101183
101309
101435
101561
101687
101814
101940
102066
102193
102319
102446
102572
102699
102825
102952
103078
103205
103331
103457
103583
103709
103835
103961
104087
104213
104339
104465
100000
100000
100000
100000
100001
100001
100001
100001
100001
100001
100002
100002
100002
100002
100002
100002
100002
100003
100003
100003
100003
100003
100003
100003
100004
100004
100004
100004
100004
100004
100004
100005
100005
100005
100005
100005
100005
100005
100006
100006
100006
100006
100006
100006
100006
100007
100007
100007
100007
100007
100007
100007
100008
100008
100008
100008
100008
100008
100008
100010
100024
100195
100294
100433
100553
100681
100805
100931
101057
101183
101309
101435
101561
101687
101814
101940
102066
102193
102319
102446
102572
102699
102825
102952
103078
103204
103331
103457
103583
103709
103835
103961
104087
104213
104339
104465
100000
100000
100000
100000
100001
100001
100001
100001
100001
100001
100002
100002
100002
100002
100002
100002
100002
100003
100003
100003
100003
100003
100003
100003
100004
100004
100004
100004
100004
100004
100004
100005
100005
100005
100005
100005
100005
100005
100006
100006
100006
100006
100006
100006
100006
100007
100007
100007
100007
100007
100007
100007
100008
100008
100008
100008
100008
100008
100008
100010
100023
100196
100293
100434
100553
100681
100805
100931
101056
101183
101308
101435
101561
101687
101813
101940
102066
102193
102319
102446
102572
102699
102825
102952
103078
103204
103331
103457
103583
103709
103835
103961
104087
104213
104339
104465
100000
100000
100000
100000
100001
100001
100001
100001
100001
100001
100002
100002
100002
100002
100002
100002
100002
100003
100003
100003
100003
100003
100003
100003
100004
100004
100004
100004
100004
100004
100004
100005
100005
100005
100005
100005
100005
100005
100006
100006
100006
100006
100006
100006
100006
100007
100007
100007
100007
100007
100007
100007
100008
100008
100008
100008
100008
100008
100009
100010
100025
100197
100293
100437
100556
100682
100806
100932
101056
101183
101308
101435
101561
101687
101813
101940
102066
102193
102319
102446
102572
102699
102825
102952
103078
103204
103331
103457
103583
103709
103835
103961
104087
104213
104339
104465
100000
100000
100000
100000
100001
100001
100001
100001
100001
100001
100002
100002
100002
100002
100002
100002
100002
100003
100003
100003
100003
100003
100003
100003
100004
100004
100004
100004
100004
100004
100004
100005
100005
100005
100005
100005
100005
100005
100006
100006
100006
100006
100006
100006
100006
100007
100007
100007
100007
100007
100007
100007
100008
100008
100008
100008
100008
100008
100009
100010
100026
100198
100295
100435
100557
100682
100806
100932
101057
101183
101308
101435
101561
101687
101813
101940
102066
102193
102319
102446
102572
102699
102826
102952
103078
103204
103331
103457
103583
103709
103835
103961
104087
104213
104339
104465
100000
100000
100000
100000
100001
100001
100001
100001
100001
100001
100002
100002
100002
100002
100002
100002
100002
100003
100003
100003
100003
100003
100003
100003
100004
100004
100004
100004
100004
100004
100004
100005
100005
100005
100005
100005
100005
100005
100006
100006
100006
100006
100006
100006
100006
100007
100007
100007
100007
100007
100007
100007
100008
100008
100008
100008
100008
100008
100009
100010
100030
100204
100307
100435
100558
100684
100807
100933
101057
101183
101309
101435
101561
101687
101814
101940
102066
102193
102320
102446
102573
102699
102826
102952
103078
103204
103331
103457
103583
103709
103835
103961
104087
104213
104339
104465
100000
100000
100000
100001
100001
100001
100001
100001
100001
100001
100002
100002
100002
100002
100002
100002
100002
100003
100003
100003
100003
100003
100003
100003
100004
100004
100004
100004
100004
100004
100004
100005
100005
100005
100005
100005
100005
100005
100006
100006
100006
100006
100006
100006
100006
100007
100007
100007
100007
100007
100007
100007
100008
100008
100008
100008
100008
100008
100009
100010
100031
100208
100313
100436
100559
100685
100808
100934
101059
101186
101312
101439
101565
101692
101818
101945
102071
102197
102324
102450
102576
102702
102828
102954
103081
103207
103333
103459
103585
103711
103837
103963
104089
104215
104341
104467
100000
100000
100000
100001
100001
100001
100001
100001
100001
100001
100002
100002
100002
100002
100002
100002
100002
100003
100003
100003
100003
100003
100003
100003
100004
100004
100004
100004
100004
100004
100004
100005
100005
100005
100005
100005
100005
100005
100006
100006
100006
100006
100006
100006
100006
100007
100007
100007
100007
100007
100007
100007
100008
100008
100008
100008
100008
100008
100009
100010
100025
100199
100300
100434
100557
100683
100807
100933
101059
101186
101312
101439
101565
101692
101818
101945
102071
102197
102323
102450
102576
102702
102828
102954
103080
103207
103333
103459
103585
103711
103837
103963
104089
104215
104341
104467
100000
100000
100000
100001
100001
100001
100001
100001
100001
100001
100002
100002
100002
100002
100002
100002
100002
100003
100003
100003
100003
100003
100003
100003
100004
100004
100004
100004
100004
100004
100004
100005
100005
100005
100005
100005
100005
100005
100006
100006
100006
100006
100006
100006
100006
100007
100007
100007
100007
100007
100007
100007
100008
100008
100008
100008
100008
100008
100008
100010
100023
100196
100295
100435
100556
100682
100806
100933
101058
101185
101311
101438
101565
101692
101818
101945
102071
102197
102323
102449
102575
102702
102828
102954
103080
103206
103332
103459
103585
103711
103837
103963
104089
104215
104341
104467
100000
100000
100000
100001
100001
100001
100001
100001
100001
100001
100002
100002
100002
100002
100002
100002
100002
100003
100003
100003
100003
100003
100003
100003
100004
100004
100004
100004
100004
100004
100004
100005
100005
100005
100005
100005
100005
100005
100006
100006
100006
100006
100006
100006
100006
100007
100007
100007
100007
100007
100007
100007
100008
100008
100008
100008
100008
100008
100008
100010
100024
100194
100294
100432
100554
100681
100805
100932
101058
101185
101311
101438
101565
101691
101818
101944
102070
102197
102323
102449
102575
102701
102828
102954
103080
103206
103332
103458
103585
103711
103837
103963
104089
104215
104341
104467
100000
100000
100000
100001
100001
100001
100001
100001
100001
100001
100002
100002
100002
100002
100002
100002
100002
100003
100003
100003
100003
100003
100003
100003
100004
100004
100004
100004
100004
100004
100004
100005
100005
100005
100005
100005
100005
100005
100006
100006
100006
100006
100006
100006
100006
100007
100007
100007
100007
100007
100007
100007
100008
100008
100008
100008
100008
100008
100008
100010
100030
100191
100297
100431
100554
100681
100806
100933
101058
101185
101311
101438
101564
101691
101817
101944
102070
102196
102323
102449
102575
102701
102827
102954
103080
103206
103332
103458
103584
103711
103837
103963
104089
104215
104341
104467
100000
100000
100000
100001
100001
100001
100001
100001
100001
100001
100002
100002
100002
100002
100002
100002
100002
100003
100003
100003
100003
100003
100003
100003
100004
100004
100004
100004
100004
100004
100004
100005
100005
100005
100005
100005
100005
100005
100006
100006
100006
100006
100006
100006
100006
100007
100007
100007
100007
100007
100007
100007
100008
100008
100008
100008
100008
100008
100008
100010
100042
100188
100300
100431
100555
100682
100806
100933
101058
101185
101311
101437
101564
101690
101817
101943
102070
102196
102322
102449
102575
102701
102827
102953
103080
103206
103332
103458
103584
103710
103836
103962
104088
104214
104340
104466
100000
100000
100000
100001
100001
100001
100001
100001
100001
100001
100002
100002
100002
100002
100002
100002
100002
100003
100003
100003
100003
100003
100003
100003
100004
100004
100004
100004
100004
100004
100004
100005
100005
100005
100005
100005
100005
100005
100006
100006
100006
100006
100006
100006
100006
100007
100007
100007
100007
100007
100007
100007
100008
100008
100008
100008
100008
100008
100008
100010
100055
100186
100302
100432
100557
100683
100807
100933
101058
101184
101310
101437
101563
101690
101816
101943
102069
102195
102322
102448
102575
102701
102827
102953
103079
103206
103332
103458
103584
103710
103836
103962
104088
104214
104340
104466
100000
100000
100000
100001
100001
100001
100001
100001
100001
100001
100002
100002
100002
100002
100002
100002
100002
100003
100003
100003
100003
100003
100003
100003
100004
100004
100004
100004
100004
100004
100004
100005
100005
100005
100005
100005
100005
100005
100006
100006
100006
100006
100006
100006
100006
100007
100007
100007
100007
100007
100007
100007
100008
100008
100008
100008
100008
100008
100008
100010
100057
100185
100302
100432
100556
100682
100807
100933
101058
101184
101310
101436
101562
101689
101815
101942
102068
102195
102321
102447
102574
102700
102827
102953
103079
103206
103332
103458
103584
103710
103836
103962
104088
104214
104340
104465
100000
100000
100000
100000
100001
100001
100001
100001
100001
100001
100002
100002
100002
100002
100002
100002
100002
100003
100003
100003
100003
100003
100003
100003
100004
100004
100004
100004
100004
100004
100004
100005
100005
100005
100005
100005
100005
100005
100006
100006
100006
100006
100006
100006
100006
100007
100007
100007
100007
100007
100007
100007
100008
100008
100008
100008
100008
100008
100008
100010
100044
100186
100299
100431
100555
100682
100806
100932
101057
101184
101309
101436
101562
101688
101814
101941
102067
102194
102320
102447
102573
102699
102826
102952
103079
103205
103331
103458
103584
103710
103836
103962
104088
104214
104340
104466
100000
100000
100000
100000
100001
100001
100001
100001
100001
100001
100002
100002
100002
100002
100002
100002
100002
100003
100003
100003
100003
100003
100003
100003
100004
100004
100004
100004
100004
100004
100004
100005
100005
100005
100005
100005
100005
100005
100006
100006
100006
100006
100006
100006
100006
100007
100007
100007
100007
100007
100007
100007
100008
100008
100008
100008
100008
100008
100008
100010
100031
100189
100296
100431
100554
100681
100806
100932
101057
101183
101309
101436
101561
101688
101814
101940
102067
102193
102320
102446
102573
102699
102826
102952
103078
103205
103331
103457
103583
103710
103836
103961
104087
104213
104339
104465
100000
100000
100000
100000
100001
100001
100001
100001
100001
100001
100002
100002
100002
100002
100002
100002
100002
100003
100003
100003
100003
100003
100003
100003
100004
100004
100004
100004
100004
100004
100004
100005
100005
100005
100005
100005
100005
100005
100006
100006
100006
100006
100006
100006
100006
100007
100007
100007
100007
100007
100007
100007
100008
100008
100008
100008
100008
100008
100008
100010
100025
100191
100293
100432
100553
100681
100805
100931
101057
101183
101309
101435
101561
101687
101814
101940
102066
102193
102319
102446
102572
102699
102825
102952
103078
103204
103331
103457
103583
103709
103835
103961
104087
104213
104339
104465
100000
100000
100000
100000
100001
100001
100001
100001
100001
100001
100002
100002
100002
100002
100002
100002
100002
100003
100003
100003
100003
100003
100003
100003
100004
100004
100004
100004
100004
100004
100004
100005
100005
100005
100005
100005
100005
100005
100006
100006
100006
100006
100006
100006
100006
100007
100007
100007
100007
100007
100007
100007
100008
100008
100008
100008
100008
100008
100008
100010
100022
100193
100291
100433
100553
100681
100805
100931
101056
101183
101308
101435
101561
101687
101813
101940
102066
102193
102319
102446
102572
102699
102825
102952
103078
103204
103331
103457
103583
103709
103835
103961
104087
104213
104339
104465
100000
100000
100000
100000
100001
100001
100001
100001
100001
100001
100002
100002
100002
100002
100002
100002
100002
100003
100003
100003
100003
100003
100003
100003
100004
100004
100004
100004
100004
100004
100004
100005
100005
100005
100005
100005
100005
100005
100006
100006
100006
100006
100006
100006
100006
100007
100007
100007
100007
100007
100007
100007
100008
100008
100008
100008
100008
100008
100008
100010
100022
100194
100291
100434
100553
100681
100805
100931
101056
101182
101308
101434
101561
101687
101813
101940
102066
102193
102319
102446
102572
102699
102825
102952
103078
103204
103330
103457
103583
103709
103835
103961
104087
104213
104339
104465
100000
100000
100000
100000
100001
100001
100001
100001
100001
100001
100002
100002
100002
100002
100002
100002
100002
100003
100003
100003
100003
100003
100003
100003
100004
100004
100004
100004
100004
100004
100004
100005
100005
100005
100005
100005
100005
100005
100006
100006
100006
100006
100006
100006
100006
100007
100007
100007
100007
100007
100007
100007
100008
100008
100008
100008
100008
100008
100009
100010
100022
100195
100293
100436
100556
100681
100805
100931
101056
101182
101308
101434
101560
101687
101813
101940
102066
102193
102319
102446
102572
102699
102825
102952
103078
103204
103330
103457
103583
103709
103835
103961
104087
104213
104339
104465
100000
100000
100000
100000
100001
100001
100001
100001
100001
100001
100002
100002
100002
100002
100002
100002
100002
100003
100003
100003
100003
100003
100003
100003
100004
100004
100004
100004
100004
100004
100004
100005
100005
100005
100005
100005
100005
100005
100006
100006
100006
100006
100006
100006
100006
100007
100007
100007
100007
100007
100007
100007
100008
100008
100008
100008
100008
100008
100009
100010
100023
100198
100299
100434
100557
100682
100806
100932
101056
101183
101308
101434
101560
101687
101813
101940
102066
102193
102319
102446
102572
102699
102825
102952
103078
103204
103330
103457
103583
103709
103835
103961
104087
104213
104339
104465
100000
100000
100000
100000
100001
100001
100001
100001
100001
100001
100002
100002
100002
100002
100002
100002
100002
100003
100003
100003
100003
100003
100003
100003
100004
100004
100004
100004
100004
100004
100004
100005
100005
100005
100005
100005
100005
100005
100006
100006
100006
100006
100006
100006
100006
100007
100007
100007
100007
100007
100007
100007
100008
100008
100008
100008
100008
100008
100009
100010
100029
100205
100310
100436
100559
100684
100807
100933
101057
101183
101309
101435
101561
101687
101813
101940
102066
102193
102319
102446
102572
102699
102825
102952
103078
103204
103330
103457
103583
103709
103835
103961
104087
104213
104339
104465
100000
100000
100000
100001
100001
100001
100001
100001
100001
100001
100002
100002
100002
100002
100002
100002
100002
100003
100003
100003
100003
100003
100003
100003
100004
100004
100004
100004
100004
100004
100004
100005
100005
100005
100005
100005
100005
100005
100006
100006
100006
100006
100006
100006
100006
100007
100007
100007
100007
100007
100007
100007
100008
100008
100008
100008
100008
100008
100009
100010
100035
100213
100316
100437
100559
100685
100808
100934
101059
101186
101312
101439
101565
101692
101818
101945
102071
102197
102324
102450
102576
102702
102828
102954
103081
103207
103333
103459
103585
103711
103837
103963
104089
104215
104341
104468
100000
100000
100000
100001
100001
100001
100001
100001
100001
100001
100002
100002
100002
100002
100002
100002
100002
100003
100003
100003
100003
100003
100003
100003
100004
100004
100004
100004
100004
100004
100004
100005
100005
100005
100005
100005
100005
100005
100006
100006
100006
100006
100006
100006
100006
100007
100007
100007
100007
100007
100007
100007
100008
100008
100008
100008
100008
100008
100009
100010
100028
100206
100309
100435
100558
100683
100807
100933
101058
101185
101312
101439
101565
101692
101818
101945
102071
102197
102323
102450
102576
102702
102828
102954
103080
103207
103333
103459
103585
103711
103837
103963
104089
104215
104341
104467
100000
100000
100000
100001
100001
100001
100001
100001
100001
100001
100002
100002
100002
100002
100002
100002
100002
100003
100003
100003
100003
100003
100003
100003
100004
100004
100004
100004
100004
100004
100004
100005
100005
100005
100005
100005
100005
100005
100006
100006
100006
100006
100006
100006
100006
100007
100007
100007
100007
100007
100007
100007
100008
100008
100008
100008
100008
100008
100008
100010
100025
100201
100304
100434
100556
100682
100806
100933
101058
101185
101311
101438
101565
101692
101818
101944
102071
102197
102323
102449
102576
102702
102828
102954
103080
103206
103332
103459
103585
103711
103837
103963
104089
104215
104341
104467
100000
100000
100000
100001
100001
100001
100001
100001
100001
100001
100002
100002
100002
100002
100002
100002
100002
100003
100003
100003
100003
100003
100003
100003
100004
100004
100004
100004
100004
100004
100004
100005
100005
100005
100005
100005
100005
100005
100006
100006
100006
100006
100006
100006
100006
100007
100007
100007
100007
100007
100007
100007
100008
100008
100008
100008
100008
100008
100008
100010
100025
100198
100303
100432
100555
100681
100806
100933
101058
101185
101312
101439
101565
101692
101818
101944
102070
102197
102323
102449
102575
102701
102828
102954
103080
103206
103332
103458
103585
103711
103837
103963
104089
104215
104341
104467
100000
100000
100000
100001
100001
100001
100001
100001
100001
100001
100002
100002
100002
100002
100002
100002
100002
100003
100003
100003
100003
100003
100003
100003
100004
100004
100004
100004
100004
100004
100004
100005
100005
100005
100005
100005
100005
100005
100006
100006
100006
100006
100006
100006
100006
100007
100007
100007
100007
100007
100007
100007
100008
100008
100008
100008
100008
100008
100008
100010
100029
100196
100304
100433
100556
100682
100806
100933
101059
101185
101311
101438
101564
101691
101817
101944
102070
102196
102323
102449
102575
102701
102827
102954
103080
103206
103332
103458
103584
103710
103837
103963
104089
104215
104341
104467
100000
100000
100000
100001
100001
100001
100001
100001
100001
100001
100002
100002
100002
100002
100002
100002
100002
100003
100003
100003
100003
100003
100003
100003
100004
100004
100004
100004
100004
100004
100004
100005
100005
100005
100005
100005
100005
100005
100006
100006
100006
100006
100006
100006
100006
100007
100007
100007
100007
100007
100007
100007
100008
100008
100008
100008
100008
100008
100008
100010
100036
100194
100306
100433
100557
100683
100807
100933
101058
101185
101311
101438
101564
101690
101817
101943
102070
102196
102322
102449
102575
102701
102827
102953
103080
103206
103332
103458
103584
103710
103836
103962
104088
104214
104340
104466
100000
100000
100000
100001
100001
100001
100001
100001
100001
100001
100002
100002
100002
100002
100002
100002
100002
100003
100003
100003
100003
100003
100003
100003
100004
100004
100004
100004
100004
100004
100004
100005
100005
100005
100005
100005
100005
100005
100006
100006
100006
100006
100006
100006
100006
100007
100007
100007
100007
100007
100007
100007
100008
100008
100008
100008
100008
100008
100008
100010
100044
100193
100307
100434
100558
100683
100807
100933
101058
101185
101310
101437
101563
101690
101816
101943
102069
102195
102322
102448
102574
102701
102827
102953
103079
103206
103332
103458
103584
103710
103836
103962
104088
104214
104340
104466
100000
100000
100000
100001
100001
100001
100001
100001
100001
100001
100002
100002
100002
100002
100002
100002
100002
100003
100003
100003
100003
100003
100003
100003
100004
100004
100004
100004
100004
100004
100004
100005
100005
100005
100005
100005
100005
100005
100006
100006
100006
100006
100006
100006
100006
100007
100007
100007
100007
100007
100007
100007
100008
100008
100008
100008
100008
100008
100008
100010
100047
100192
100306
100434
100558
100683
100807
100933
101058
101184
101310
101436
101562
101689
101815
101942
102068
102195
102321
102447
102574
102700
102827
102953
103079
103206
103332
103458
103584
103710
103836
103962
104088
104214
104339
104465
100000
100000
100000
100000
100001
100001
100001
100001
100001
100001
100002
100002
100002
100002
100002
100002
100002
100003
100003
100003
100003
100003
100003
100003
100004
100004
100004
100004
100004
100004
100004
100005
100005
100005
100005
100005
100005
100005
100006
100006
100006
100006
100006
100006
100006
100007
100007
100007
100007
100007
100007
100007
100008
100008
100008
100008
100008
100008
100008
100010
100038
100192
100305
100433
100557
100682
100806
100932
101057
101184
101309
101436
101562
101688
101814
101941
102067
102194
102320
102447
102573
102699
102826
102952
103079
103205
103331
103457
103584
103710
103836
103962
104088
104214
104340
104466
100000
100000
100000
100000
100001
100001
100001
100001
100001
100001
100002
100002
100002
100002
100002
100002
100002
100003
100003
100003
100003
100003
100003
100003
100004
100004
100004
100004
100004
100004
100004
100005
100005
100005
100005
100005
100005
100005
100006
100006
100006
100006
100006
100006
100006
100007
100007
100007
100007
100007
100007
100007
100008
100008
100008
100008
100008
100008
100008
100010
100030
100193
100303
100433
100556
100682
100806
100932
101057
101183
101309
101435
101561
101688
101814
101941
102067
102193
102320
102446
102573
102699
102826
102952
103078
103205
103331
103457
103583
103710
103835
103961
104087
104213
104339
104465
100000
100000
100000
100000
100001
100001
100001
100001
100001
100001
100002
100002
100002
100002
100002
100002
100002
100003
100003
100003
100003
100003
100003
100003
100004
100004
100004
100004
100004
100004
100004
100005
100005
100005
100005
100005
100005
100005
100006
100006
100006
100006
100006
100006
100006
100007
100007
100007
100007
100007
100007
100007
100008
100008
100008
100008
100008
100008
100008
100009
100026
100194
100301
100432
100555
100681
100805
100932
101057
101183
101309
101435
101561
101688
101814
101940
102067
102193
102319
102446
102572
102699
102825
102952
103078
103205
103331
103457
103583
103709
103835
103961
104087
104213
104339
104465
100000
100000
100000
100000
100001
100001
100001
100001
100001
100001
100002
100002
100002
100002
100002
100002
100002
100003
100003
100003
100003
100003
100003
100003
100004
100004
100004
100004
100004
100004
100004
100005
100005
100005
100005
100005
100005
100005
100006
100006
100006
100006
100006
100006
100006
100007
100007
100007
100007
100007
100007
100007
100008
100008
100008
100008
100008
100008
100008
100009
100023
100196
100300
100432
100555
100681
100805
100931
101056
101183
101308
101435
101561
101687
101814
101940
102066
102193
102319
102446
102572
102699
102825
102952
103078
103204
103331
103457
103583
103709
103835
103961
104087
104213
104339
104465
100000
100000
100000
100000
100001
100001
100001
100001
100001
100001
100002
100002
100002
100002
100002
100002
100002
100003
100003
100003
100003
100003
100003
100003
100004
100004
100004
100004
100004
100004
100004
100005
100005
100005
100005
100005
100005
100005
100006
100006
100006
100006
100006
100006
100006
100007
100007
100007
100007
100007
100007
100007
100008
100008
100008
100008
100008
100008
100008
100009
100023
100198
100300
100433
100555
100681
100805
100931
101056
101182
101308
101435
101561
101687
101813
101940
102066
102193
102319
102446
102572
102699
102825
102952
103078
103204
103331
103457
103583
103709
103835
103961
104087
104213
104339
104465
100000
100000
100000
100000
100001
100001
100001
100001
100001
100001
100002
100002
100002
100002
100002
100002
100002
100003
100003
100003
100003
100003
100003
100003
100004
100004
100004
100004
100004
100004
100004
100005
100005
100005
100005
100005
100005
100005
100006
100006
100006
100006
100006
100006
100006
100007
100007
100007
100007
100007
100007
100007
100008
100008
100008
100008
100008
100008
100008
100009
100024
100200
100303
100434
100556
100681
100805
100931
101056
101182
101308
101434
101561
101687
101813
101940
102066
102193
102319
102446
102572
102699
102825
102952
103078
103204
103330
103457
103583
103709
103835
103961
104087
104213
104339
104465
100000
100000
100000
100000
100001
100001
100001
100001
100001
100001
100002
100002
100002
100002
100002
100002
100002
100003
100003
100003
100003
100003
100003
100003
100004
100004
100004
100004
100004
100004
100004
100005
100005
100005
100005
100005
100005
100005
100006
100006
100006
100006
100006
100006
100006
100007
100007
100007
100007
100007
100007
100007
100008
100008
100008
100008
100008
100008
100009
100010
100026
100205
100309
100435
100558
100683
100806
100932
101056
101182
101308
101434
101560
101687
101813
101939
102066
102193
102319
102446
102572
102699
102826
102952
103078
103204
103330
103457
103583
103709
103835
103961
104087
104213
104339
104465
100000
100000
100000
100000
100001
100001
100001
100001
100001
100001
100002
100002
100002
100002
100002
100002
100002
100003
100003
100003
100003
100003
100003
100003
100004
100004
100004
100004
100004
100004
100004
100005
100005
100005
100005
100005
100005
100005
100006
100006
100006
100006
100006
100006
100006
100007
100007
100007
100007
100007
100007
100007
100008
100008
100008
100008
100008
100008
100009
100009
100031
100211
100314
100436
100559
100684
100807
100933
101057
101183
101309
101435
101561
101687
101813
101940
102066
102193
102319
102446
102573
102699
102826
102952
103078
103204
103330
103457
103583
103709
103835
103961
104087
104213
104339
104465
)
;

boundaryField
{
    outlet
    {
        type            calculated;
        value           uniform 100000;
    }
    inlet
    {
        type            calculated;
        value           uniform 104463;
    }
    walls
    {
        type            calculated;
        value           nonuniform List<scalar> 
3903
(
100000
100000
100000
100000
100000
100000
100001
100001
100001
100001
100001
100001
100001
100001
100001
100001
100001
100001
100001
100001
100002
100002
100002
100002
100002
100002
100002
100002
100002
100002
100002
100002
100002
100002
100003
100003
100003
100003
100003
100003
100003
100003
100003
100003
100003
100003
100003
100003
100004
100004
100004
100004
100004
100004
100004
100004
100004
100004
100004
100004
100004
100004
100005
100005
100005
100005
100005
100005
100005
100005
100005
100005
100005
100005
100005
100005
100006
100006
100006
100006
100006
100006
100006
100006
100006
100006
100006
100006
100006
100006
100007
100007
100007
100007
100007
100007
100007
100007
100007
100007
100007
100007
100007
100007
100008
100008
100008
100008
100008
100008
100008
100008
100008
100008
100008
100008
100008
100008
100010
100010
100033
100033
100207
100207
100309
100309
100435
100435
100559
100559
100685
100685
100809
100809
100935
100935
101060
101060
101187
101187
101313
101313
101440
101440
101566
101566
101693
101693
101819
101819
101945
101945
102072
102072
102198
102198
102324
102324
102450
102450
102576
102576
102702
102702
102828
102828
102955
102955
103081
103081
103207
103207
103333
103333
103459
103459
103586
103586
103712
103712
103838
103838
103964
103964
104090
104090
104216
104216
104342
104342
104468
104468
104531
100000
100000
100000
100001
100001
100001
100001
100001
100001
100001
100002
100002
100002
100002
100002
100002
100002
100003
100003
100003
100003
100003
100003
100003
100004
100004
100004
100004
100004
100004
100004
100005
100005
100005
100005
100005
100005
100005
100006
100006
100006
100006
100006
100006
100006
100007
100007
100007
100007
100007
100007
100007
100008
100008
100008
100008
100008
100008
100009
100010
100027
100200
100297
100436
100557
100683
100808
100934
101060
101187
101313
101440
101566
101693
101819
101945
102072
102198
102324
102450
102576
102702
102828
102954
103081
103207
103333
103459
103585
103711
103838
103964
104089
104215
104341
104468
104530
100000
100000
100000
100001
100001
100001
100001
100001
100001
100001
100002
100002
100002
100002
100002
100002
100002
100003
100003
100003
100003
100003
100003
100003
100004
100004
100004
100004
100004
100004
100004
100005
100005
100005
100005
100005
100005
100005
100006
100006
100006
100006
100006
100006
100006
100007
100007
100007
100007
100007
100007
100007
100008
100008
100008
100008
100008
100008
100008
100010
100026
100198
100297
100436
100557
100683
100808
100934
101060
101187
101313
101440
101566
101693
101819
101946
102072
102198
102324
102450
102576
102702
102828
102954
103080
103207
103333
103459
103585
103711
103837
103963
104089
104215
104342
104468
104531
100000
100000
100000
100001
100001
100001
100001
100001
100001
100001
100002
100002
100002
100002
100002
100002
100002
100003
100003
100003
100003
100003
100003
100003
100004
100004
100004
100004
100004
100004
100004
100005
100005
100005
100005
100005
100005
100005
100006
100006
100006
100006
100006
100006
100006
100007
100007
100007
100007
100007
100007
100007
100008
100008
100008
100008
100008
100008
100008
100009
100027
100198
100297
100432
100554
100682
100807
100934
101059
101187
101313
101440
101567
101693
101819
101945
102071
102198
102324
102450
102576
102702
102828
102954
103080
103207
103333
103459
103585
103711
103837
103963
104089
104215
104341
104468
104530
100000
100000
100000
100001
100001
100001
100001
100001
100001
100001
100002
100002
100002
100002
100002
100002
100002
100003
100003
100003
100003
100003
100003
100003
100004
100004
100004
100004
100004
100004
100004
100005
100005
100005
100005
100005
100005
100005
100006
100006
100006
100006
100006
100006
100006
100007
100007
100007
100007
100007
100007
100007
100008
100008
100008
100008
100008
100008
100008
100010
100035
100196
100301
100432
100555
100682
100807
100934
101060
101187
101313
101440
101566
101692
101819
101945
102071
102197
102324
102450
102576
102702
102828
102954
103080
103207
103333
103459
103585
103711
103837
103963
104089
104215
104341
104467
104530
100000
100000
100000
100001
100001
100001
100001
100001
100001
100001
100002
100002
100002
100002
100002
100002
100002
100003
100003
100003
100003
100003
100003
100003
100004
100004
100004
100004
100004
100004
100004
100005
100005
100005
100005
100005
100005
100005
100006
100006
100006
100006
100006
100006
100006
100007
100007
100007
100007
100007
100007
100007
100008
100008
100008
100008
100008
100008
100008
100010
100050
100195
100307
100433
100556
100682
100807
100934
101060
101186
101312
101439
101565
101692
101818
101945
102071
102197
102323
102450
102576
102702
102828
102954
103081
103207
103333
103459
103585
103711
103837
103963
104089
104215
104341
104467
104530
100000
100000
100000
100001
100001
100001
100001
100001
100001
100001
100002
100002
100002
100002
100002
100002
100002
100003
100003
100003
100003
100003
100003
100003
100004
100004
100004
100004
100004
100004
100004
100005
100005
100005
100005
100005
100005
100005
100006
100006
100006
100006
100006
100006
100006
100007
100007
100007
100007
100007
100007
100007
100008
100008
100008
100008
100008
100008
100008
100010
100067
100196
100311
100435
100557
100683
100808
100934
101060
101186
101312
101439
101565
101691
101818
101944
102070
102196
102323
102449
102575
102702
102828
102954
103080
103207
103333
103459
103585
103711
103837
103963
104089
104215
104341
104467
104530
100000
100000
100000
100001
100001
100001
100001
100001
100001
100001
100002
100002
100002
100002
100002
100002
100002
100003
100003
100003
100003
100003
100003
100003
100004
100004
100004
100004
100004
100004
100004
100005
100005
100005
100005
100005
100005
100005
100006
100006
100006
100006
100006
100006
100006
100007
100007
100007
100007
100007
100007
100007
100008
100008
100008
100008
100008
100008
100008
100010
100074
100198
100312
100436
100558
100683
100808
100934
101059
101186
101311
101438
101564
101690
101816
101943
102069
102195
102322
102448
102575
102701
102828
102954
103080
103206
103333
103459
103585
103711
103837
103963
104089
104215
104341
104467
104529
100000
100000
100000
100001
100001
100001
100001
100001
100001
100001
100002
100002
100002
100002
100002
100002
100002
100003
100003
100003
100003
100003
100003
100003
100004
100004
100004
100004
100004
100004
100004
100005
100005
100005
100005
100005
100005
100005
100006
100006
100006
100006
100006
100006
100006
100007
100007
100007
100007
100007
100007
100007
100008
100008
100008
100008
100008
100008
100008
100010
100060
100195
100309
100434
100557
100683
100807
100934
101059
101185
101311
101437
101563
101689
101816
101942
102068
102195
102321
102448
102574
102701
102827
102953
103080
103206
103332
103459
103585
103711
103837
103963
104089
104215
104341
104467
104530
100000
100000
100000
100001
100001
100001
100001
100001
100001
100001
100002
100002
100002
100002
100002
100002
100002
100003
100003
100003
100003
100003
100003
100003
100004
100004
100004
100004
100004
100004
100004
100005
100005
100005
100005
100005
100005
100005
100006
100006
100006
100006
100006
100006
100006
100007
100007
100007
100007
100007
100007
100007
100008
100008
100008
100008
100008
100008
100008
100010
100042
100194
100304
100433
100555
100682
100807
100933
101058
101185
101310
101437
101563
101689
101815
101941
102068
102194
102321
102447
102574
102700
102827
102953
103079
103206
103332
103458
103584
103711
103837
103963
104089
104215
104341
104466
104529
100000
100000
100000
100001
100001
100001
100001
100001
100001
100001
100002
100002
100002
100002
100002
100002
100002
100003
100003
100003
100003
100003
100003
100003
100004
100004
100004
100004
100004
100004
100004
100005
100005
100005
100005
100005
100005
100005
100006
100006
100006
100006
100006
100006
100006
100007
100007
100007
100007
100007
100007
100007
100008
100008
100008
100008
100008
100008
100008
100010
100030
100196
100300
100433
100555
100682
100807
100933
101058
101184
101310
101436
101562
101688
101815
101941
102067
102194
102320
102447
102573
102700
102826
102953
103079
103205
103332
103458
103584
103710
103836
103962
104088
104214
104340
104466
104529
100000
100000
100000
100000
100001
100001
100001
100001
100001
100001
100002
100002
100002
100002
100002
100002
100002
100003
100003
100003
100003
100003
100003
100003
100004
100004
100004
100004
100004
100004
100004
100005
100005
100005
100005
100005
100005
100005
100006
100006
100006
100006
100006
100006
100006
100007
100007
100007
100007
100007
100007
100007
100008
100008
100008
100008
100008
100008
100008
100009
100024
100196
100296
100433
100554
100682
100807
100933
101058
101184
101310
101436
101562
101688
101814
101941
102067
102193
102320
102446
102573
102699
102826
102952
103079
103205
103331
103458
103584
103710
103836
103962
104088
104214
104340
104466
104529
100000
100000
100000
100000
100001
100001
100001
100001
100001
100001
100002
100002
100002
100002
100002
100002
100002
100003
100003
100003
100003
100003
100003
100003
100004
100004
100004
100004
100004
100004
100004
100005
100005
100005
100005
100005
100005
100005
100006
100006
100006
100006
100006
100006
100006
100007
100007
100007
100007
100007
100007
100007
100008
100008
100008
100008
100008
100008
100008
100009
100022
100197
100294
100434
100554
100682
100807
100933
101058
101184
101309
101436
101562
101688
101814
101941
102067
102193
102320
102446
102573
102699
102826
102952
103079
103205
103331
103457
103584
103710
103836
103962
104088
104214
104340
104466
104529
100000
100000
100000
100000
100001
100001
100001
100001
100001
100001
100002
100002
100002
100002
100002
100002
100002
100003
100003
100003
100003
100003
100003
100003
100004
100004
100004
100004
100004
100004
100004
100005
100005
100005
100005
100005
100005
100005
100006
100006
100006
100006
100006
100006
100006
100007
100007
100007
100007
100007
100007
100007
100008
100008
100008
100008
100008
100008
100008
100009
100024
100197
100294
100437
100557
100683
100807
100933
101058
101184
101309
101436
101561
101688
101814
101940
102067
102193
102320
102446
102573
102699
102826
102952
103079
103205
103331
103457
103583
103710
103836
103961
104087
104213
104339
104465
104528
100000
100000
100000
100000
100001
100001
100001
100001
100001
100001
100002
100002
100002
100002
100002
100002
100002
100003
100003
100003
100003
100003
100003
100003
100004
100004
100004
100004
100004
100004
100004
100005
100005
100005
100005
100005
100005
100005
100006
100006
100006
100006
100006
100006
100006
100007
100007
100007
100007
100007
100007
100007
100008
100008
100008
100008
100008
100008
100009
100010
100025
100198
100294
100436
100557
100682
100807
100933
101058
101184
101309
101436
101561
101688
101814
101940
102067
102193
102320
102446
102573
102699
102826
102952
103079
103205
103331
103457
103583
103709
103835
103961
104087
104213
104339
104465
104528
100000
100000
100000
100000
100000
100000
100000
100000
100001
100001
100001
100001
100001
100001
100001
100001
100001
100001
100001
100001
100002
100002
100002
100002
100002
100002
100002
100002
100002
100002
100002
100002
100002
100002
100003
100003
100003
100003
100003
100003
100003
100003
100003
100003
100003
100003
100003
100003
100004
100004
100004
100004
100004
100004
100004
100004
100004
100004
100004
100004
100004
100004
100005
100005
100005
100005
100005
100005
100005
100005
100005
100005
100005
100005
100005
100005
100006
100006
100006
100006
100006
100006
100006
100006
100006
100006
100006
100006
100006
100006
100007
100007
100007
100007
100007
100007
100007
100007
100007
100007
100007
100007
100007
100007
100008
100008
100008
100008
100008
100008
100008
100008
100008
100008
100008
100008
100009
100009
100009
100009
100029
100029
100204
100204
100305
100305
100435
100435
100558
100558
100684
100684
100808
100808
100933
100933
101058
101058
101184
101184
101309
101309
101436
101436
101562
101562
101688
101688
101814
101814
101940
101940
102067
102067
102193
102193
102320
102320
102446
102446
102573
102573
102699
102699
102826
102826
102952
102952
103079
103079
103205
103205
103331
103331
103457
103457
103583
103583
103709
103709
103835
103835
103961
103961
104087
104087
104213
104213
104339
104339
104465
104465
104528
100000
100000
100000
100001
100001
100001
100001
100001
100001
100001
100002
100002
100002
100002
100002
100002
100002
100003
100003
100003
100003
100003
100003
100003
100004
100004
100004
100004
100004
100004
100004
100005
100005
100005
100005
100005
100005
100005
100006
100006
100006
100006
100006
100006
100006
100007
100007
100007
100007
100007
100007
100007
100008
100008
100008
100008
100008
100008
100009
100010
100032
100207
100311
100435
100559
100685
100808
100935
101060
101187
101313
101439
101566
101692
101819
101945
102071
102198
102324
102450
102576
102702
102828
102954
103081
103207
103333
103459
103585
103711
103837
103963
104089
104215
104341
104467
104530
104530
104530
104530
104530
104530
104529
104529
104529
104528
104528
104528
104528
104528
100000
100000
100000
100000
100001
100001
100001
100001
100001
100001
100002
100002
100002
100002
100002
100002
100002
100003
100003
100003
100003
100003
100003
100003
100004
100004
100004
100004
100004
100004
100004
100005
100005
100005
100005
100005
100005
100005
100006
100006
100006
100006
100006
100006
100006
100007
100007
100007
100007
100007
100007
100007
100008
100008
100008
100008
100008
100008
100009
100010
100030
100204
100307
100435
100558
100684
100807
100933
101057
101183
101309
101435
101561
101687
101814
101940
102066
102193
102320
102446
102573
102699
102826
102952
103078
103204
103331
103457
103583
103709
103835
103961
104087
104213
104339
104465
104528
100000
100000
100000
100001
100001
100001
100001
100001
100001
100001
100002
100002
100002
100002
100002
100002
100002
100003
100003
100003
100003
100003
100003
100003
100004
100004
100004
100004
100004
100004
100004
100005
100005
100005
100005
100005
100005
100005
100006
100006
100006
100006
100006
100006
100006
100007
100007
100007
100007
100007
100007
100007
100008
100008
100008
100008
100008
100008
100009
100010
100031
100208
100313
100436
100559
100685
100808
100934
101059
101186
101312
101439
101565
101692
101818
101945
102071
102197
102324
102450
102576
102702
102828
102954
103081
103207
103333
103459
103585
103711
103837
103963
104089
104215
104341
104467
104530
104530
104530
104530
104530
104529
104529
104528
104529
104528
104528
104528
104528
104528
104528
100000
100000
100000
100000
100001
100001
100001
100001
100001
100001
100002
100002
100002
100002
100002
100002
100002
100003
100003
100003
100003
100003
100003
100003
100004
100004
100004
100004
100004
100004
100004
100005
100005
100005
100005
100005
100005
100005
100006
100006
100006
100006
100006
100006
100006
100007
100007
100007
100007
100007
100007
100007
100008
100008
100008
100008
100008
100008
100009
100010
100029
100205
100310
100436
100559
100684
100807
100933
101057
101183
101309
101435
101561
101687
101813
101940
102066
102193
102319
102446
102572
102699
102825
102952
103078
103204
103330
103457
103583
103709
103835
103961
104087
104213
104339
104465
104528
100000
100000
100000
100000
100000
100000
100001
100001
100001
100001
100001
100001
100001
100001
100001
100001
100001
100001
100001
100001
100002
100002
100002
100002
100002
100002
100002
100002
100002
100002
100002
100002
100002
100002
100003
100003
100003
100003
100003
100003
100003
100003
100003
100003
100003
100003
100003
100003
100004
100004
100004
100004
100004
100004
100004
100004
100004
100004
100004
100004
100004
100004
100005
100005
100005
100005
100005
100005
100005
100005
100005
100005
100005
100005
100005
100005
100006
100006
100006
100006
100006
100006
100006
100006
100006
100006
100006
100006
100006
100006
100007
100007
100007
100007
100007
100007
100007
100007
100007
100007
100007
100007
100007
100007
100008
100008
100008
100008
100008
100008
100008
100008
100008
100008
100008
100008
100009
100009
100010
100010
100035
100035
100213
100213
100316
100316
100437
100437
100559
100559
100685
100685
100808
100808
100934
100934
101059
101059
101186
101186
101312
101312
101439
101439
101565
101565
101692
101692
101818
101818
101945
101945
102071
102071
102197
102197
102324
102324
102450
102450
102576
102576
102702
102702
102828
102828
102954
102954
103081
103081
103207
103207
103333
103333
103459
103459
103585
103585
103711
103711
103837
103837
103963
103963
104089
104089
104215
104215
104341
104341
104468
104468
104530
100000
100000
100000
100001
100001
100001
100001
100001
100001
100001
100002
100002
100002
100002
100002
100002
100002
100003
100003
100003
100003
100003
100003
100003
100004
100004
100004
100004
100004
100004
100004
100005
100005
100005
100005
100005
100005
100005
100006
100006
100006
100006
100006
100006
100006
100007
100007
100007
100007
100007
100007
100007
100008
100008
100008
100008
100008
100008
100009
100010
100028
100206
100309
100435
100558
100683
100807
100933
101058
101185
101312
101439
101565
101692
101818
101945
102071
102197
102323
102450
102576
102702
102828
102954
103080
103207
103333
103459
103585
103711
103837
103963
104089
104215
104341
104467
104530
100000
100000
100000
100001
100001
100001
100001
100001
100001
100001
100002
100002
100002
100002
100002
100002
100002
100003
100003
100003
100003
100003
100003
100003
100004
100004
100004
100004
100004
100004
100004
100005
100005
100005
100005
100005
100005
100005
100006
100006
100006
100006
100006
100006
100006
100007
100007
100007
100007
100007
100007
100007
100008
100008
100008
100008
100008
100008
100008
100010
100025
100201
100304
100434
100556
100682
100806
100933
101058
101185
101311
101438
101565
101692
101818
101944
102071
102197
102323
102449
102576
102702
102828
102954
103080
103206
103332
103459
103585
103711
103837
103963
104089
104215
104341
104467
104530
100000
100000
100000
100001
100001
100001
100001
100001
100001
100001
100002
100002
100002
100002
100002
100002
100002
100003
100003
100003
100003
100003
100003
100003
100004
100004
100004
100004
100004
100004
100004
100005
100005
100005
100005
100005
100005
100005
100006
100006
100006
100006
100006
100006
100006
100007
100007
100007
100007
100007
100007
100007
100008
100008
100008
100008
100008
100008
100008
100010
100025
100198
100303
100432
100555
100681
100806
100933
101058
101185
101312
101439
101565
101692
101818
101944
102070
102197
102323
102449
102575
102701
102828
102954
103080
103206
103332
103458
103585
103711
103837
103963
104089
104215
104341
104467
104530
100000
100000
100000
100001
100001
100001
100001
100001
100001
100001
100002
100002
100002
100002
100002
100002
100002
100003
100003
100003
100003
100003
100003
100003
100004
100004
100004
100004
100004
100004
100004
100005
100005
100005
100005
100005
100005
100005
100006
100006
100006
100006
100006
100006
100006
100007
100007
100007
100007
100007
100007
100007
100008
100008
100008
100008
100008
100008
100008
100010
100029
100196
100304
100433
100556
100682
100806
100933
101059
101185
101311
101438
101564
101691
101817
101944
102070
102196
102323
102449
102575
102701
102827
102954
103080
103206
103332
103458
103584
103710
103837
103963
104089
104215
104341
104467
104530
100000
100000
100000
100001
100001
100001
100001
100001
100001
100001
100002
100002
100002
100002
100002
100002
100002
100003
100003
100003
100003
100003
100003
100003
100004
100004
100004
100004
100004
100004
100004
100005
100005
100005
100005
100005
100005
100005
100006
100006
100006
100006
100006
100006
100006
100007
100007
100007
100007
100007
100007
100007
100008
100008
100008
100008
100008
100008
100008
100010
100036
100194
100306
100433
100557
100683
100807
100933
101058
101185
101311
101438
101564
101690
101817
101943
102070
102196
102322
102449
102575
102701
102827
102953
103080
103206
103332
103458
103584
103710
103836
103962
104088
104214
104340
104466
104529
100000
100000
100000
100001
100001
100001
100001
100001
100001
100001
100002
100002
100002
100002
100002
100002
100002
100003
100003
100003
100003
100003
100003
100003
100004
100004
100004
100004
100004
100004
100004
100005
100005
100005
100005
100005
100005
100005
100006
100006
100006
100006
100006
100006
100006
100007
100007
100007
100007
100007
100007
100007
100008
100008
100008
100008
100008
100008
100008
100010
100044
100193
100307
100434
100558
100683
100807
100933
101058
101185
101310
101437
101563
101690
101816
101943
102069
102195
102322
102448
102574
102701
102827
102953
103079
103206
103332
103458
103584
103710
103836
103962
104088
104214
104340
104466
104529
100000
100000
100000
100001
100001
100001
100001
100001
100001
100001
100002
100002
100002
100002
100002
100002
100002
100003
100003
100003
100003
100003
100003
100003
100004
100004
100004
100004
100004
100004
100004
100005
100005
100005
100005
100005
100005
100005
100006
100006
100006
100006
100006
100006
100006
100007
100007
100007
100007
100007
100007
100007
100008
100008
100008
100008
100008
100008
100008
100010
100047
100192
100306
100434
100558
100683
100807
100933
101058
101184
101310
101436
101562
101689
101815
101942
102068
102195
102321
102447
102574
102700
102827
102953
103079
103206
103332
103458
103584
103710
103836
103962
104088
104214
104339
104465
104528
100000
100000
100000
100000
100001
100001
100001
100001
100001
100001
100002
100002
100002
100002
100002
100002
100002
100003
100003
100003
100003
100003
100003
100003
100004
100004
100004
100004
100004
100004
100004
100005
100005
100005
100005
100005
100005
100005
100006
100006
100006
100006
100006
100006
100006
100007
100007
100007
100007
100007
100007
100007
100008
100008
100008
100008
100008
100008
100008
100010
100038
100192
100305
100433
100557
100682
100806
100932
101057
101184
101309
101436
101562
101688
101814
101941
102067
102194
102320
102447
102573
102699
102826
102952
103079
103205
103331
103457
103584
103710
103836
103962
104088
104214
104340
104466
104529
100000
100000
100000
100000
100001
100001
100001
100001
100001
100001
100002
100002
100002
100002
100002
100002
100002
100003
100003
100003
100003
100003
100003
100003
100004
100004
100004
100004
100004
100004
100004
100005
100005
100005
100005
100005
100005
100005
100006
100006
100006
100006
100006
100006
100006
100007
100007
100007
100007
100007
100007
100007
100008
100008
100008
100008
100008
100008
100008
100010
100030
100193
100303
100433
100556
100682
100806
100932
101057
101183
101309
101435
101561
101688
101814
101941
102067
102193
102320
102446
102573
102699
102826
102952
103078
103205
103331
103457
103583
103710
103835
103961
104087
104213
104339
104465
104528
100000
100000
100000
100000
100001
100001
100001
100001
100001
100001
100002
100002
100002
100002
100002
100002
100002
100003
100003
100003
100003
100003
100003
100003
100004
100004
100004
100004
100004
100004
100004
100005
100005
100005
100005
100005
100005
100005
100006
100006
100006
100006
100006
100006
100006
100007
100007
100007
100007
100007
100007
100007
100008
100008
100008
100008
100008
100008
100008
100009
100026
100194
100301
100432
100555
100681
100805
100932
101057
101183
101309
101435
101561
101688
101814
101940
102067
102193
102319
102446
102572
102699
102825
102952
103078
103205
103331
103457
103583
103709
103835
103961
104087
104213
104339
104465
104528
100000
100000
100000
100000
100001
100001
100001
100001
100001
100001
100002
100002
100002
100002
100002
100002
100002
100003
100003
100003
100003
100003
100003
100003
100004
100004
100004
100004
100004
100004
100004
100005
100005
100005
100005
100005
100005
100005
100006
100006
100006
100006
100006
100006
100006
100007
100007
100007
100007
100007
100007
100007
100008
100008
100008
100008
100008
100008
100008
100009
100023
100196
100300
100432
100555
100681
100805
100931
101056
101183
101308
101435
101561
101687
101814
101940
102066
102193
102319
102446
102572
102699
102825
102952
103078
103204
103331
103457
103583
103709
103835
103961
104087
104213
104339
104465
104528
100000
100000
100000
100000
100001
100001
100001
100001
100001
100001
100002
100002
100002
100002
100002
100002
100002
100003
100003
100003
100003
100003
100003
100003
100004
100004
100004
100004
100004
100004
100004
100005
100005
100005
100005
100005
100005
100005
100006
100006
100006
100006
100006
100006
100006
100007
100007
100007
100007
100007
100007
100007
100008
100008
100008
100008
100008
100008
100008
100009
100023
100198
100300
100433
100555
100681
100805
100931
101056
101182
101308
101435
101561
101687
101813
101940
102066
102193
102319
102446
102572
102699
102825
102952
103078
103204
103331
103457
103583
103709
103835
103961
104087
104213
104339
104465
104528
100000
100000
100000
100000
100001
100001
100001
100001
100001
100001
100002
100002
100002
100002
100002
100002
100002
100003
100003
100003
100003
100003
100003
100003
100004
100004
100004
100004
100004
100004
100004
100005
100005
100005
100005
100005
100005
100005
100006
100006
100006
100006
100006
100006
100006
100007
100007
100007
100007
100007
100007
100007
100008
100008
100008
100008
100008
100008
100008
100009
100024
100200
100303
100434
100556
100681
100805
100931
101056
101182
101308
101434
101561
101687
101813
101940
102066
102193
102319
102446
102572
102699
102825
102952
103078
103204
103330
103457
103583
103709
103835
103961
104087
104213
104339
104465
104528
100000
100000
100000
100000
100001
100001
100001
100001
100001
100001
100002
100002
100002
100002
100002
100002
100002
100003
100003
100003
100003
100003
100003
100003
100004
100004
100004
100004
100004
100004
100004
100005
100005
100005
100005
100005
100005
100005
100006
100006
100006
100006
100006
100006
100006
100007
100007
100007
100007
100007
100007
100007
100008
100008
100008
100008
100008
100008
100009
100010
100026
100205
100309
100435
100558
100683
100806
100932
101056
101182
101308
101434
101560
101687
101813
101939
102066
102193
102319
102446
102572
102699
102826
102952
103078
103204
103330
103457
103583
103709
103835
103961
104087
104213
104339
104465
104528
100000
100000
100000
100000
100000
100000
100000
100000
100001
100001
100001
100001
100001
100001
100001
100001
100001
100001
100001
100001
100002
100002
100002
100002
100002
100002
100002
100002
100002
100002
100002
100002
100002
100002
100003
100003
100003
100003
100003
100003
100003
100003
100003
100003
100003
100003
100003
100003
100004
100004
100004
100004
100004
100004
100004
100004
100004
100004
100004
100004
100004
100004
100005
100005
100005
100005
100005
100005
100005
100005
100005
100005
100005
100005
100005
100005
100006
100006
100006
100006
100006
100006
100006
100006
100006
100006
100006
100006
100006
100006
100007
100007
100007
100007
100007
100007
100007
100007
100007
100007
100007
100007
100007
100007
100008
100008
100008
100008
100008
100008
100008
100008
100008
100008
100008
100008
100009
100009
100009
100009
100031
100031
100211
100211
100314
100314
100436
100436
100559
100559
100684
100684
100807
100807
100933
100933
101057
101057
101183
101183
101309
101309
101435
101435
101561
101561
101687
101687
101813
101813
101940
101940
102066
102066
102193
102193
102319
102319
102446
102446
102573
102573
102699
102699
102826
102826
102952
102952
103078
103078
103204
103204
103330
103330
103457
103457
103583
103583
103709
103709
103835
103835
103961
103961
104087
104087
104213
104213
104339
104339
104465
104465
104528
)
;
    }
}


// ************************************************************************* //
