/*--------------------------------*- C++ -*----------------------------------*\
| =========                 |                                                 |
| \\      /  F ield         | OpenFOAM: The Open Source CFD Toolbox           |
|  \\    /   O peration     | Version:  2.3.0                                 |
|   \\  /    A nd           | Web:      www.OpenFOAM.org                      |
|    \\/     M anipulation  |                                                 |
\*---------------------------------------------------------------------------*/
FoamFile
{
    version     2.0;
    format      ascii;
    class       volScalarField;
    location    "31";
    object      w1;
}
// * * * * * * * * * * * * * * * * * * * * * * * * * * * * * * * * * * * * * //

dimensions      [0 0 0 0 0 0 0];

internalField   nonuniform List<scalar> 
6144
(
0.518788
0.518788
0.518788
0.518788
0.518788
0.518788
0.518788
0.518788
0.518788
0.518788
0.518788
0.518788
0.518788
0.518788
0.518788
0.518788
0.518788
0.518788
0.518788
0.518788
0.518788
0.518788
0.518788
0.518788
0.518788
0.518788
0.518788
0.518788
0.518788
0.518788
0.518788
0.518788
0.518788
0.518788
0.518788
0.518788
0.518788
0.518788
0.518788
0.518788
0.518788
0.518788
0.518788
0.518788
0.518788
0.518788
0.518788
0.518788
0.518788
0.518788
0.518788
0.518788
0.518788
0.518788
0.518788
0.518788
0.518787
0.518784
0.479074
0.473487
0.923766
0.999863
0.999996
0.999075
0.998701
0.995045
0.992612
0.995072
0.989589
0.983666
0.991147
0.931683
0.987901
0.993823
0.993155
0.992601
0.989965
0.98978
0.995516
0.991055
0.99029
0.977119
0.994579
0.978996
0.982662
0.991658
0.995025
0.997089
0.98836
0.99254
0.99212
0.99293
0.965362
0.986462
0.998697
0.999869
0.518788
0.518788
0.518788
0.518788
0.518788
0.518788
0.518788
0.518788
0.518788
0.518788
0.518788
0.518788
0.518788
0.518788
0.518788
0.518788
0.518788
0.518788
0.518788
0.518788
0.518788
0.518788
0.518788
0.518788
0.518788
0.518788
0.518788
0.518788
0.518788
0.518788
0.518788
0.518788
0.518788
0.518788
0.518788
0.518788
0.518788
0.518788
0.518788
0.518788
0.518788
0.518788
0.518788
0.518788
0.518788
0.518788
0.518788
0.518788
0.518788
0.518788
0.518788
0.518788
0.518788
0.518788
0.518788
0.518788
0.518787
0.517968
0.459265
0.482259
0.906002
0.999772
0.999995
0.999382
0.997328
0.997413
0.957176
0.977804
0.960927
0.963449
0.993316
0.990957
0.990981
0.978945
0.991681
0.996429
0.996508
0.99173
0.997229
0.958275
0.995453
0.901737
0.992616
0.937179
0.986702
0.963961
0.990459
0.991993
0.995346
0.993515
0.993688
0.992944
0.952381
0.989596
0.998506
0.999866
0.518788
0.518788
0.518788
0.518788
0.518788
0.518788
0.518788
0.518788
0.518788
0.518788
0.518788
0.518788
0.518788
0.518788
0.518788
0.518788
0.518788
0.518788
0.518788
0.518788
0.518788
0.518788
0.518788
0.518788
0.518788
0.518788
0.518788
0.518788
0.518788
0.518788
0.518788
0.518788
0.518788
0.518788
0.518788
0.518788
0.518788
0.518788
0.518788
0.518788
0.518788
0.518788
0.518788
0.518788
0.518788
0.518788
0.518788
0.518788
0.518788
0.518788
0.518788
0.518788
0.518788
0.518788
0.518788
0.518788
0.518786
0.518926
0.492486
0.521481
0.0991367
0.999812
0.999995
0.999274
0.999082
0.993814
0.996043
0.990843
0.958252
0.996544
0.99665
0.995673
0.995897
0.994444
0.985701
0.994846
0.992165
0.994485
0.984795
0.986194
0.996199
0.991633
0.967481
0.995586
0.992005
0.992848
0.989936
0.984941
0.981228
0.994232
0.996228
0.990446
0.955814
0.99146
0.998805
0.99987
0.518788
0.518788
0.518788
0.518788
0.518788
0.518788
0.518788
0.518788
0.518788
0.518788
0.518788
0.518788
0.518788
0.518788
0.518788
0.518788
0.518788
0.518788
0.518788
0.518788
0.518788
0.518788
0.518788
0.518788
0.518788
0.518788
0.518788
0.518788
0.518788
0.518788
0.518788
0.518788
0.518788
0.518788
0.518788
0.518788
0.518788
0.518788
0.518788
0.518788
0.518788
0.518788
0.518788
0.518788
0.518788
0.518788
0.518788
0.518788
0.518788
0.518788
0.518788
0.518788
0.518788
0.518788
0.518788
0.518788
0.518787
0.518862
0.513522
0.45694
0.0150149
0.998623
0.999563
0.999983
0.999993
0.999882
0.999816
0.998843
0.995986
0.975197
0.994781
0.997298
0.994679
0.98099
0.997147
0.997958
0.997181
0.988506
0.995422
0.997499
0.997869
0.960037
0.995742
0.997449
0.984584
0.996723
0.997116
0.997112
0.997569
0.99661
0.98695
0.9917
0.989896
0.990579
0.998878
0.999873
0.518788
0.518788
0.518788
0.518788
0.518788
0.518788
0.518788
0.518788
0.518788
0.518788
0.518788
0.518788
0.518788
0.518788
0.518788
0.518788
0.518788
0.518788
0.518788
0.518788
0.518788
0.518788
0.518788
0.518788
0.518788
0.518788
0.518788
0.518788
0.518788
0.518788
0.518788
0.518788
0.518788
0.518788
0.518788
0.518788
0.518788
0.518788
0.518788
0.518788
0.518788
0.518788
0.518788
0.518788
0.518788
0.518788
0.518788
0.518788
0.518788
0.518788
0.518788
0.518788
0.518788
0.518788
0.518788
0.518788
0.518785
0.518884
0.518651
0.46078
0.921219
0.967374
0.554471
0.986323
0.997365
0.999773
0.999987
0.999995
0.999892
0.999876
0.999913
0.999899
0.999862
0.999784
0.999471
0.99917
0.998435
0.99908
0.999459
0.999807
0.999796
0.999745
0.997781
0.997206
0.979369
0.997162
0.998368
0.998319
0.996945
0.987932
0.995702
0.991767
0.99479
0.991773
0.998797
0.999875
0.518788
0.518788
0.518788
0.518788
0.518788
0.518788
0.518788
0.518788
0.518788
0.518788
0.518788
0.518788
0.518788
0.518788
0.518788
0.518788
0.518788
0.518788
0.518788
0.518788
0.518788
0.518788
0.518788
0.518788
0.518788
0.518788
0.518788
0.518788
0.518788
0.518788
0.518788
0.518788
0.518788
0.518788
0.518788
0.518788
0.518788
0.518788
0.518788
0.518788
0.518788
0.518788
0.518788
0.518788
0.518788
0.518788
0.518788
0.518788
0.518788
0.518788
0.518788
0.518788
0.518788
0.518788
0.518788
0.518788
0.518788
0.518788
0.518776
0.464725
0.0707315
0.856792
0.540756
0.906196
0.72475
0.981521
0.0215579
0.0128229
3.47478e-06
0.142686
0.999465
0.999773
0.999682
0.999593
0.99928
0.997472
0.998185
0.998747
0.99562
0.998886
0.999796
8.02808e-10
0.999989
0.999568
0.999611
0.992564
8.47378e-12
0.997978
4.76742e-07
0.0751277
0.999455
0.999732
0.999897
0.998106
0.997712
0.999867
0.518788
0.518788
0.518788
0.518788
0.518788
0.518788
0.518788
0.518788
0.518788
0.518788
0.518788
0.518788
0.518788
0.518788
0.518788
0.518788
0.518788
0.518788
0.518788
0.518788
0.518788
0.518788
0.518788
0.518788
0.518788
0.518788
0.518788
0.518788
0.518788
0.518788
0.518788
0.518788
0.518788
0.518788
0.518788
0.518788
0.518788
0.518788
0.518788
0.518788
0.518788
0.518788
0.518788
0.518788
0.518788
0.518788
0.518788
0.518788
0.518788
0.518788
0.518788
0.518788
0.518788
0.518788
0.518788
0.518788
0.518787
0.518837
0.519964
0.434279
0.906757
0.352883
0.00133764
0.849167
0.633562
0.897326
0.852623
0.858471
0.920931
0.823131
0.774532
0.901614
0.978163
0.944512
0.973039
0.983575
0.991718
0.967387
0.0882806
0.986205
2.0636e-05
0.0876381
0.970015
0.897838
0.730714
0.874908
0.0788139
0.91409
0.00099595
0.146649
0.124131
1.15281e-06
0.999521
0.999997
6.6199e-09
0.999925
0.518788
0.518788
0.518788
0.518788
0.518788
0.518788
0.518788
0.518788
0.518788
0.518788
0.518788
0.518788
0.518788
0.518788
0.518788
0.518788
0.518788
0.518788
0.518788
0.518788
0.518788
0.518788
0.518788
0.518788
0.518788
0.518788
0.518788
0.518788
0.518788
0.518788
0.518788
0.518788
0.518788
0.518788
0.518788
0.518788
0.518788
0.518788
0.518788
0.518788
0.518788
0.518788
0.518788
0.518788
0.518788
0.518788
0.518788
0.518788
0.518788
0.518788
0.518788
0.518788
0.518788
0.518788
0.518788
0.518788
0.518787
0.518216
0.531112
0.434253
0.880274
0.14633
0.0354219
0.0335008
0.146414
0.146078
0.0021874
5.62885e-06
0.00123171
0.000151806
0.0376204
0.71316
0.0137059
2.07903e-11
0.0185445
0.189955
0.0647956
2.14724e-05
0.00780167
0.286673
0.000553786
0.000533354
3.90076e-06
0.66269
0.684353
2.6118e-08
0.408367
0.0260577
0.000498073
0.000449233
0.568277
0.139934
0.000375476
0.973042
3.90952e-05
0.0255439
0.518788
0.518788
0.518788
0.518788
0.518788
0.518788
0.518788
0.518788
0.518788
0.518788
0.518788
0.518788
0.518788
0.518788
0.518788
0.518788
0.518788
0.518788
0.518788
0.518788
0.518788
0.518788
0.518788
0.518788
0.518788
0.518788
0.518788
0.518788
0.518788
0.518788
0.518788
0.518788
0.518788
0.518788
0.518788
0.518788
0.518788
0.518788
0.518788
0.518788
0.518788
0.518788
0.518788
0.518788
0.518788
0.518788
0.518788
0.518788
0.518788
0.518788
0.518788
0.518788
0.518788
0.518788
0.518788
0.518788
0.518801
0.519209
0.517162
0.435567
0.000131779
0.00568873
0.189394
0.00649688
0.00219769
0.835998
0.41825
2.57647e-05
2.0059e-05
0.146372
1.06049e-05
0.000238745
0.033618
0.554872
0.758288
4.68679e-09
0.470286
0.539408
0.000713596
0.151308
0.390527
0.0312965
0.053662
2.82138e-05
0.119742
0.0130367
0.000496052
0.000515928
0.00101595
0.663065
0.604079
0.398678
0.732095
0.0952476
0.14032
0.997222
0.518788
0.518788
0.518788
0.518788
0.518788
0.518788
0.518788
0.518788
0.518788
0.518788
0.518788
0.518788
0.518788
0.518788
0.518788
0.518788
0.518788
0.518788
0.518788
0.518788
0.518788
0.518788
0.518788
0.518788
0.518788
0.518788
0.518788
0.518788
0.518788
0.518788
0.518788
0.518788
0.518788
0.518788
0.518788
0.518788
0.518788
0.518788
0.518788
0.518788
0.518788
0.518788
0.518788
0.518788
0.518788
0.518788
0.518788
0.518788
0.518788
0.518788
0.518788
0.518788
0.518788
0.518788
0.518788
0.518788
0.518788
0.51883
0.517757
0.428732
0.157916
0.146626
0.0136194
0.949534
0.892129
0.00314549
1.50263e-05
0.000738855
0.000206637
0.341422
0.000363537
0.029081
0.00830561
0.00144768
1.05084e-05
0.115847
0.142114
0.0979806
0.0902138
0.664417
0.84342
0.0830729
0.0619431
0.0326245
0.00203327
0.13927
0.000933421
0.865424
0.968552
0.996268
0.993905
0.996543
0.998272
0.972278
0.608319
0.999811
0.518788
0.518788
0.518788
0.518788
0.518788
0.518788
0.518788
0.518788
0.518788
0.518788
0.518788
0.518788
0.518788
0.518788
0.518788
0.518788
0.518788
0.518788
0.518788
0.518788
0.518788
0.518788
0.518788
0.518788
0.518788
0.518788
0.518788
0.518788
0.518788
0.518788
0.518788
0.518788
0.518788
0.518788
0.518788
0.518788
0.518788
0.518788
0.518788
0.518788
0.518788
0.518788
0.518788
0.518788
0.518788
0.518788
0.518788
0.518788
0.518788
0.518788
0.518788
0.518788
0.518788
0.518788
0.518788
0.518788
0.518788
0.521144
0.450033
0.472372
0.89855
0.916658
0.800726
0.241021
1.64056e-05
0.379047
0.0091813
0.000299259
0.709436
0.803903
0.14634
0.000714075
0.00567891
0.900831
0.0257754
0.0498916
4.23528e-05
0.00196915
0.812702
0.861398
0.841729
5.81764e-08
0.984616
0.999837
0.999053
0.999985
0.999739
0.999785
0.999508
0.999992
0.999988
0.999973
0.999992
0.999372
0.999565
0.999842
0.518788
0.518788
0.518788
0.518788
0.518788
0.518788
0.518788
0.518788
0.518788
0.518788
0.518788
0.518788
0.518788
0.518788
0.518788
0.518788
0.518788
0.518788
0.518788
0.518788
0.518788
0.518788
0.518788
0.518788
0.518788
0.518788
0.518788
0.518788
0.518788
0.518788
0.518788
0.518788
0.518788
0.518788
0.518788
0.518788
0.518788
0.518788
0.518788
0.518788
0.518788
0.518788
0.518788
0.518788
0.518788
0.518788
0.518788
0.518788
0.518788
0.518788
0.518788
0.518788
0.518788
0.518788
0.518788
0.518788
0.518788
0.518821
0.517813
0.457213
0.963182
0.386636
0.690499
0.00880917
0.855102
0.243525
0.0790746
0.000507261
0.377913
0.974987
0.0784158
0.00244703
0.495024
0.792968
0.5496
0.953425
0.0457873
0.986936
0.998134
0.999883
0.999992
0.999994
0.999799
0.999721
0.998191
0.985212
0.989316
0.980623
0.997722
0.998374
0.999422
0.999704
0.999341
0.999555
0.998626
0.999856
0.518788
0.518788
0.518788
0.518788
0.518788
0.518788
0.518788
0.518788
0.518788
0.518788
0.518788
0.518788
0.518788
0.518788
0.518788
0.518788
0.518788
0.518788
0.518788
0.518788
0.518788
0.518788
0.518788
0.518788
0.518788
0.518788
0.518788
0.518788
0.518788
0.518788
0.518788
0.518788
0.518788
0.518788
0.518788
0.518788
0.518788
0.518788
0.518788
0.518788
0.518788
0.518788
0.518788
0.518788
0.518788
0.518788
0.518788
0.518788
0.518788
0.518788
0.518788
0.518788
0.518788
0.518788
0.518788
0.518788
0.518788
0.518785
0.518871
0.417383
0.969295
0.993302
0.974378
0.331553
0.962629
0.335871
0.928874
0.938943
0.498145
0.942589
0.959041
0.866459
0.829852
0.985778
0.999012
0.999869
0.00202546
0.99999
0.999592
0.999256
0.998617
0.991855
0.997822
0.991793
0.989415
0.996195
0.919139
0.70463
0.995379
0.998591
0.997287
0.998928
0.998063
0.999414
0.999308
0.999864
0.518788
0.518788
0.518788
0.518788
0.518788
0.518788
0.518788
0.518788
0.518788
0.518788
0.518788
0.518788
0.518788
0.518788
0.518788
0.518788
0.518788
0.518788
0.518788
0.518788
0.518788
0.518788
0.518788
0.518788
0.518788
0.518788
0.518788
0.518788
0.518788
0.518788
0.518788
0.518788
0.518788
0.518788
0.518788
0.518788
0.518788
0.518788
0.518788
0.518788
0.518788
0.518788
0.518788
0.518788
0.518788
0.518788
0.518788
0.518788
0.518788
0.518788
0.518788
0.518788
0.518788
0.518788
0.518788
0.518788
0.518787
0.518787
0.518765
0.448287
0.950378
0.999841
0.999396
0.99902
0.999366
0.998619
0.998288
0.994615
0.999558
0.999953
0.999992
0.999984
0.980901
0.999975
0.999136
0.999039
0.996142
0.996444
0.992392
0.997444
0.998039
0.997674
0.995008
0.932299
0.984004
0.994191
0.564608
0.993529
0.9918
0.99757
0.998625
0.99649
0.990861
0.998979
0.999176
0.999872
0.518788
0.518788
0.518788
0.518788
0.518788
0.518788
0.518788
0.518788
0.518788
0.518788
0.518788
0.518788
0.518788
0.518788
0.518788
0.518788
0.518788
0.518788
0.518788
0.518788
0.518788
0.518788
0.518788
0.518788
0.518788
0.518788
0.518788
0.518788
0.518788
0.518788
0.518788
0.518788
0.518788
0.518788
0.518788
0.518788
0.518788
0.518788
0.518788
0.518788
0.518788
0.518788
0.518788
0.518788
0.518788
0.518788
0.518788
0.518788
0.518788
0.518788
0.518788
0.518788
0.518788
0.518788
0.518788
0.518788
0.518786
0.518788
0.515783
0.40626
0.901587
0.99953
0.999997
0.99887
0.998647
0.999662
0.999379
0.99987
0.999852
0.999684
0.999617
0.999092
0.999548
0.997867
0.997043
0.997215
0.994083
0.982685
0.985213
0.984602
0.984726
0.834269
0.994734
0.996149
0.991792
0.994864
0.993251
0.998286
0.996884
0.993448
0.997516
0.994855
0.992444
0.999097
0.999406
0.999878
0.518788
0.518788
0.518788
0.518788
0.518788
0.518788
0.518788
0.518788
0.518788
0.518788
0.518788
0.518788
0.518788
0.518788
0.518788
0.518788
0.518788
0.518788
0.518788
0.518788
0.518788
0.518788
0.518788
0.518788
0.518788
0.518788
0.518788
0.518788
0.518788
0.518788
0.518788
0.518788
0.518788
0.518788
0.518788
0.518788
0.518788
0.518788
0.518788
0.518788
0.518788
0.518788
0.518788
0.518788
0.518788
0.518788
0.518788
0.518788
0.518788
0.518788
0.518788
0.518788
0.518788
0.518788
0.518788
0.518788
0.518786
0.518795
0.521739
0.449281
0.808368
0.00781946
0.999997
0.999511
0.999469
0.999348
0.996868
0.995521
0.999162
0.999297
0.998804
0.990835
0.872294
0.993068
0.99672
0.996887
0.996702
0.997257
0.997154
0.997398
0.997215
0.996344
0.993628
0.974267
0.99601
0.994424
0.993712
0.997528
0.927664
0.997448
0.997888
0.978015
0.995807
0.998201
0.999367
0.999881
0.518788
0.518788
0.518788
0.518788
0.518788
0.518788
0.518788
0.518788
0.518788
0.518788
0.518788
0.518788
0.518788
0.518788
0.518788
0.518788
0.518788
0.518788
0.518788
0.518788
0.518788
0.518788
0.518788
0.518788
0.518788
0.518788
0.518788
0.518788
0.518788
0.518788
0.518788
0.518788
0.518788
0.518788
0.518788
0.518788
0.518788
0.518788
0.518788
0.518788
0.518788
0.518788
0.518788
0.518788
0.518788
0.518788
0.518788
0.518788
0.518788
0.518788
0.518788
0.518788
0.518788
0.518788
0.518788
0.518788
0.518787
0.518138
0.48156
0.464251
0.887631
0.999448
0.999995
0.99949
0.697261
0.993525
0.985414
0.983016
0.975333
0.976191
0.980135
0.975986
0.990228
0.994114
0.989229
0.985353
0.985042
0.991243
0.994544
0.996863
0.997191
0.994075
0.966421
0.994137
0.997783
0.998855
0.999241
0.998613
0.991114
0.998169
0.998691
0.997231
0.987291
0.990084
0.998643
0.999869
0.518788
0.518788
0.518788
0.518788
0.518788
0.518788
0.518788
0.518788
0.518788
0.518788
0.518788
0.518788
0.518788
0.518788
0.518788
0.518788
0.518788
0.518788
0.518788
0.518788
0.518788
0.518788
0.518788
0.518788
0.518788
0.518788
0.518788
0.518788
0.518788
0.518788
0.518788
0.518788
0.518788
0.518788
0.518788
0.518788
0.518788
0.518788
0.518788
0.518788
0.518788
0.518788
0.518788
0.518788
0.518788
0.518788
0.518788
0.518788
0.518788
0.518788
0.518788
0.518788
0.518788
0.518788
0.518788
0.518788
0.518786
0.518762
0.517947
0.455027
0.295062
0.000235347
0.999882
0.999542
0.999043
0.998343
0.964255
0.992165
0.992647
0.991237
0.982071
0.951839
0.972129
0.965866
0.96491
0.971492
0.993524
0.934422
0.989228
0.995308
0.997804
0.996881
0.995693
0.998483
0.999073
0.99914
0.998477
0.996838
0.998892
0.998813
0.997987
0.972653
0.993779
0.994604
0.998622
0.99987
0.518788
0.518788
0.518788
0.518788
0.518788
0.518788
0.518788
0.518788
0.518788
0.518788
0.518788
0.518788
0.518788
0.518788
0.518788
0.518788
0.518788
0.518788
0.518788
0.518788
0.518788
0.518788
0.518788
0.518788
0.518788
0.518788
0.518788
0.518788
0.518788
0.518788
0.518788
0.518788
0.518788
0.518788
0.518788
0.518788
0.518788
0.518788
0.518788
0.518788
0.518788
0.518788
0.518788
0.518788
0.518788
0.518788
0.518788
0.518788
0.518788
0.518788
0.518788
0.518788
0.518788
0.518788
0.518788
0.518788
0.518787
0.518768
0.518553
0.443786
0.600874
6.57514e-11
0.999484
0.999993
0.996501
0.999706
0.995596
0.99191
0.994431
0.996799
0.996752
0.995065
0.995118
0.995319
0.97104
0.964306
0.986535
0.995001
0.996958
0.997539
0.998387
0.997675
0.999062
0.999481
0.999307
0.997657
0.99585
0.998772
0.998656
0.99748
0.994849
0.974485
0.981371
0.995084
0.998838
0.999873
0.518788
0.518788
0.518788
0.518788
0.518788
0.518788
0.518788
0.518788
0.518788
0.518788
0.518788
0.518788
0.518788
0.518788
0.518788
0.518788
0.518788
0.518788
0.518788
0.518788
0.518788
0.518788
0.518788
0.518788
0.518788
0.518788
0.518788
0.518788
0.518788
0.518788
0.518788
0.518788
0.518788
0.518788
0.518788
0.518788
0.518788
0.518788
0.518788
0.518788
0.518788
0.518788
0.518788
0.518788
0.518788
0.518788
0.518788
0.518788
0.518788
0.518788
0.518788
0.518788
0.518788
0.518788
0.518788
0.518788
0.518787
0.518782
0.517821
0.451435
0.15326
0.990749
0.000183391
0.999212
0.999853
0.999992
0.999995
0.999827
0.999006
0.954209
0.993517
0.981244
0.918162
0.979845
0.985913
0.999668
0.999528
0.960631
0.992739
0.998508
0.998415
0.99892
0.999447
0.999348
0.997993
0.997147
0.9987
0.998526
0.997649
0.995187
0.996598
0.990521
0.960586
0.992048
0.999103
0.999878
0.518788
0.518788
0.518788
0.518788
0.518788
0.518788
0.518788
0.518788
0.518788
0.518788
0.518788
0.518788
0.518788
0.518788
0.518788
0.518788
0.518788
0.518788
0.518788
0.518788
0.518788
0.518788
0.518788
0.518788
0.518788
0.518788
0.518788
0.518788
0.518788
0.518788
0.518788
0.518788
0.518788
0.518788
0.518788
0.518788
0.518788
0.518788
0.518788
0.518788
0.518788
0.518788
0.518788
0.518788
0.518788
0.518788
0.518788
0.518788
0.518788
0.518788
0.518788
0.518788
0.518788
0.518788
0.518788
0.518788
0.518787
0.518784
0.518759
0.446561
0.917331
0.0389415
0.0860813
0.000129339
0.923084
0.786293
0.999124
0.999957
0.99999
0.999985
0.999871
0.999886
0.999871
0.999794
0.999992
0.999986
0.999989
0.999994
0.990373
0.995105
0.999475
0.999548
0.999552
0.999637
0.999597
0.999648
0.99968
0.999643
0.999598
0.96849
0.999715
0.999855
0.993267
0.997546
0.999168
0.999885
0.518788
0.518788
0.518788
0.518788
0.518788
0.518788
0.518788
0.518788
0.518788
0.518788
0.518788
0.518788
0.518788
0.518788
0.518788
0.518788
0.518788
0.518788
0.518788
0.518788
0.518788
0.518788
0.518788
0.518788
0.518788
0.518788
0.518788
0.518788
0.518788
0.518788
0.518788
0.518788
0.518788
0.518788
0.518788
0.518788
0.518788
0.518788
0.518788
0.518788
0.518788
0.518788
0.518788
0.518788
0.518788
0.518788
0.518788
0.518788
0.518788
0.518788
0.518788
0.518788
0.518788
0.518788
0.518788
0.518788
0.518793
0.518841
0.519398
0.402667
1.35636e-15
1.25423e-11
0.00238959
0.351485
0.000163465
0.864038
0.0295328
0.0031972
0.000701762
0.985611
0.97859
0.989524
0.905618
0.964725
0.978745
0.923853
0.995578
0.984833
0.969041
0.807477
0.970732
0.900578
0.976444
0.991505
0.98383
0.995064
0.98292
0.987104
0.989979
0.989413
0.99933
0.999938
0.999988
0.999992
0.999932
0.999956
0.518788
0.518788
0.518788
0.518788
0.518788
0.518788
0.518788
0.518788
0.518788
0.518788
0.518788
0.518788
0.518788
0.518788
0.518788
0.518788
0.518788
0.518788
0.518788
0.518788
0.518788
0.518788
0.518788
0.518788
0.518788
0.518788
0.518788
0.518788
0.518788
0.518788
0.518788
0.518788
0.518788
0.518788
0.518788
0.518788
0.518788
0.518788
0.518788
0.518788
0.518788
0.518788
0.518788
0.518788
0.518788
0.518788
0.518788
0.518788
0.518788
0.518788
0.518788
0.518788
0.518788
0.518788
0.518788
0.518788
0.518786
0.518766
0.523468
0.375315
0.0182208
9.68005e-10
0.00254047
0.611694
0.0243982
0.0182182
0.000112744
0.0361808
0.138402
0.000586749
0.871142
0.959367
0.958054
0.940582
0.982375
0.960513
0.761284
0.913223
0.747675
0.792045
0.620486
2.36959e-05
0.00307735
0.00279984
0.0493012
0.0532438
0.434074
0.513996
0.0908196
0.0176329
0.000157768
0.000549868
0.842816
0.978673
0.99425
0.99964
0.518788
0.518788
0.518788
0.518788
0.518788
0.518788
0.518788
0.518788
0.518788
0.518788
0.518788
0.518788
0.518788
0.518788
0.518788
0.518788
0.518788
0.518788
0.518788
0.518788
0.518788
0.518788
0.518788
0.518788
0.518788
0.518788
0.518788
0.518788
0.518788
0.518788
0.518788
0.518788
0.518788
0.518788
0.518788
0.518788
0.518788
0.518788
0.518788
0.518788
0.518788
0.518788
0.518788
0.518788
0.518788
0.518788
0.518788
0.518788
0.518788
0.518788
0.518788
0.518788
0.518788
0.518788
0.518788
0.518788
0.518789
0.51878
0.518433
0.357163
1.4791e-05
0.0556278
0.00100922
0.545466
0.860641
0.11221
0.0412521
5.95044e-05
0.00110957
0.00112044
0.000419221
0.00101805
0.265168
0.612916
0.562486
0.000356161
0.481099
0.616863
0.417867
0.000548228
0.00410402
0.00123677
0.502232
0.466991
0.094344
0.0683096
0.00297907
0.747025
0.809154
0.624871
0.788514
0.765935
0.580359
0.00061921
0.895298
0.000180118
0.518788
0.518788
0.518788
0.518788
0.518788
0.518788
0.518788
0.518788
0.518788
0.518788
0.518788
0.518788
0.518788
0.518788
0.518788
0.518788
0.518788
0.518788
0.518788
0.518788
0.518788
0.518788
0.518788
0.518788
0.518788
0.518788
0.518788
0.518788
0.518788
0.518788
0.518788
0.518788
0.518788
0.518788
0.518788
0.518788
0.518788
0.518788
0.518788
0.518788
0.518788
0.518788
0.518788
0.518788
0.518788
0.518788
0.518788
0.518788
0.518788
0.518788
0.518788
0.518788
0.518788
0.518788
0.518788
0.518788
0.518788
0.518764
0.51737
0.437375
0.758835
0.0473239
3.50189e-05
0.533127
2.89411e-05
0.583069
2.86658e-05
0.000960272
6.48235e-05
0.00156189
0.00142993
0.0166347
0.370041
0.601939
0.783041
0.0663022
0.587165
0.674653
6.91343e-08
8.18738e-06
0.00024533
0.0612201
0.652386
0.49497
0.0218289
0.0862857
0.00035066
0.842055
0.463335
0.474677
0.207901
0.627507
0.350022
0.507015
0.000157455
0.00743465
0.518788
0.518788
0.518788
0.518788
0.518788
0.518788
0.518788
0.518788
0.518788
0.518788
0.518788
0.518788
0.518788
0.518788
0.518788
0.518788
0.518788
0.518788
0.518788
0.518788
0.518788
0.518788
0.518788
0.518788
0.518788
0.518788
0.518788
0.518788
0.518788
0.518788
0.518788
0.518788
0.518788
0.518788
0.518788
0.518788
0.518788
0.518788
0.518788
0.518788
0.518788
0.518788
0.518788
0.518788
0.518788
0.518788
0.518788
0.518788
0.518788
0.518788
0.518788
0.518788
0.518788
0.518788
0.518788
0.518788
0.518788
0.518787
0.518809
0.432625
0.892147
0.876999
1.07973e-08
0.0113416
0.997899
0.610824
0.00169058
2.55735e-07
0.143123
0.228751
0.735653
0.300705
0.724172
0.0761136
0.706094
0.482028
0.00263508
0.0561114
0.0796133
0.366212
0.0078242
0.0914047
2.79403e-06
0.796505
0.609902
2.50848e-08
0.897735
0.938657
0.960226
0.985066
0.971282
0.990134
0.0381843
0.952748
0.9879
0.999873
0.518788
0.518788
0.518788
0.518788
0.518788
0.518788
0.518788
0.518788
0.518788
0.518788
0.518788
0.518788
0.518788
0.518788
0.518788
0.518788
0.518788
0.518788
0.518788
0.518788
0.518788
0.518788
0.518788
0.518788
0.518788
0.518788
0.518788
0.518788
0.518788
0.518788
0.518788
0.518788
0.518788
0.518788
0.518788
0.518788
0.518788
0.518788
0.518788
0.518788
0.518788
0.518788
0.518788
0.518788
0.518788
0.518788
0.518788
0.518788
0.518788
0.518788
0.518788
0.518788
0.518788
0.518788
0.518788
0.518788
0.518788
0.518744
0.542025
0.414953
0.969962
0.935096
4.63173e-06
0.147946
0.00311994
0.979349
0.950064
0.91
0.603799
0.625391
7.88354e-08
4.31178e-05
0.000394722
0.731079
0.010167
0.00444595
0.789409
0.876902
0.937876
6.70102e-08
0.999448
0.000372547
0.999911
0.999817
0.99999
0.999992
0.999705
0.998399
0.998265
0.999992
0.99967
0.99999
0.99978
0.99949
0.999807
0.999753
0.518788
0.518788
0.518788
0.518788
0.518788
0.518788
0.518788
0.518788
0.518788
0.518788
0.518788
0.518788
0.518788
0.518788
0.518788
0.518788
0.518788
0.518788
0.518788
0.518788
0.518788
0.518788
0.518788
0.518788
0.518788
0.518788
0.518788
0.518788
0.518788
0.518788
0.518788
0.518788
0.518788
0.518788
0.518788
0.518788
0.518788
0.518788
0.518788
0.518788
0.518788
0.518788
0.518788
0.518788
0.518788
0.518788
0.518788
0.518788
0.518788
0.518788
0.518788
0.518788
0.518788
0.518788
0.518788
0.518788
0.518788
0.518785
0.567419
0.429555
0.00292826
0.988065
0.99194
0.051055
0.945178
0.6384
0.9551
0.980219
0.960214
0.907242
0.947769
0.929581
0.955688
0.977008
0.280645
0.997383
0.999208
0.999862
0.999987
0.999993
0.999742
0.999736
0.999017
0.999297
0.998734
0.998992
0.999052
0.998727
0.994402
0.994871
0.999775
0.998965
0.999226
0.999779
0.999479
0.99989
0.518788
0.518788
0.518788
0.518788
0.518788
0.518788
0.518788
0.518788
0.518788
0.518788
0.518788
0.518788
0.518788
0.518788
0.518788
0.518788
0.518788
0.518788
0.518788
0.518788
0.518788
0.518788
0.518788
0.518788
0.518788
0.518788
0.518788
0.518788
0.518788
0.518788
0.518788
0.518788
0.518788
0.518788
0.518788
0.518788
0.518788
0.518788
0.518788
0.518788
0.518788
0.518788
0.518788
0.518788
0.518788
0.518788
0.518788
0.518788
0.518788
0.518788
0.518788
0.518788
0.518788
0.518788
0.518788
0.518788
0.518788
0.518775
0.486498
0.433773
1.95055e-10
0.999434
0.993569
0.988855
0.992401
0.0699434
0.995741
0.998715
0.998332
0.993525
0.998149
0.993714
0.999797
0.99997
0.999991
0.999989
0.994836
0.999667
0.99912
0.995617
0.996929
0.996881
0.972993
0.997124
0.998278
0.998822
0.998982
0.999288
0.998963
0.589665
0.997475
0.995194
0.996541
0.99962
0.999699
0.999892
0.518788
0.518788
0.518788
0.518788
0.518788
0.518788
0.518788
0.518788
0.518788
0.518788
0.518788
0.518788
0.518788
0.518788
0.518788
0.518788
0.518788
0.518788
0.518788
0.518788
0.518788
0.518788
0.518788
0.518788
0.518788
0.518788
0.518788
0.518788
0.518788
0.518788
0.518788
0.518788
0.518788
0.518788
0.518788
0.518788
0.518788
0.518788
0.518788
0.518788
0.518788
0.518788
0.518788
0.518788
0.518788
0.518788
0.518788
0.518788
0.518788
0.518788
0.518788
0.518788
0.518788
0.518788
0.518788
0.518788
0.518788
0.518728
0.518795
0.476559
0.344065
0.999955
0.999752
0.999968
0.999985
0.999988
0.999993
0.99999
0.999986
0.999987
0.999991
0.999493
0.99936
0.998385
0.999148
0.997928
0.995656
0.990373
0.989921
0.995763
0.995371
0.996372
0.986905
0.983652
0.994248
0.998502
0.998786
0.999141
0.999388
0.998064
0.968992
0.996793
0.983812
0.998813
0.999675
0.999896
0.518788
0.518788
0.518788
0.518788
0.518788
0.518788
0.518788
0.518788
0.518788
0.518788
0.518788
0.518788
0.518788
0.518788
0.518788
0.518788
0.518788
0.518788
0.518788
0.518788
0.518788
0.518788
0.518788
0.518788
0.518788
0.518788
0.518788
0.518788
0.518788
0.518788
0.518788
0.518788
0.518788
0.518788
0.518788
0.518788
0.518788
0.518788
0.518788
0.518788
0.518788
0.518788
0.518788
0.518788
0.518788
0.518788
0.518788
0.518788
0.518788
0.518788
0.518788
0.518788
0.518788
0.518788
0.518788
0.518788
0.518787
0.5184
0.483502
0.510395
0.28147
0.999995
0.999921
0.999733
0.999821
0.999828
0.997022
0.999657
0.999413
0.997768
0.998224
0.998656
0.998541
0.99846
0.998332
0.998092
0.997682
0.996918
0.99719
0.994762
0.994876
0.9876
0.993326
0.997838
0.9975
0.998124
0.995305
0.997133
0.999133
0.997777
0.994703
0.995765
0.976191
0.998594
0.999582
0.999889
0.518788
0.518788
0.518788
0.518788
0.518788
0.518788
0.518788
0.518788
0.518788
0.518788
0.518788
0.518788
0.518788
0.518788
0.518788
0.518788
0.518788
0.518788
0.518788
0.518788
0.518788
0.518788
0.518788
0.518788
0.518788
0.518788
0.518788
0.518788
0.518788
0.518788
0.518788
0.518788
0.518788
0.518788
0.518788
0.518788
0.518788
0.518788
0.518788
0.518788
0.518788
0.518788
0.518788
0.518788
0.518788
0.518788
0.518788
0.518788
0.518788
0.518788
0.518788
0.518788
0.518788
0.518788
0.518788
0.518788
0.518787
0.518645
0.5126
0.407534
0.820988
0.988549
0.999997
0.999401
0.99957
0.999381
0.998198
0.968696
0.998742
0.999345
0.999211
0.997937
0.987437
0.978691
0.964896
0.978131
0.95241
0.955142
0.98368
0.987093
0.990533
0.994941
0.994036
0.995317
0.98406
0.997906
0.99855
0.998159
0.999315
0.998871
0.993349
0.996293
0.997911
0.998799
0.999533
0.999887
0.518788
0.518788
0.518788
0.518788
0.518788
0.518788
0.518788
0.518788
0.518788
0.518788
0.518788
0.518788
0.518788
0.518788
0.518788
0.518788
0.518788
0.518788
0.518788
0.518788
0.518788
0.518788
0.518788
0.518788
0.518788
0.518788
0.518788
0.518788
0.518788
0.518788
0.518788
0.518788
0.518788
0.518788
0.518788
0.518788
0.518788
0.518788
0.518788
0.518788
0.518788
0.518788
0.518788
0.518788
0.518788
0.518788
0.518788
0.518788
0.518788
0.518788
0.518788
0.518788
0.518788
0.518788
0.518788
0.518788
0.518787
0.518774
0.51822
0.404387
0.901087
0.999662
0.999996
0.9994
0.996173
0.997037
0.984103
0.963127
0.979391
0.918981
0.991234
0.989772
0.989193
0.99306
0.98939
0.985936
0.924554
0.992551
0.982006
0.979005
0.993856
0.971067
0.992815
0.993901
0.998853
0.99928
0.999195
0.989094
0.998627
0.998917
0.99893
0.997098
0.994389
0.978817
0.998833
0.999874
0.518788
0.518788
0.518788
0.518788
0.518788
0.518788
0.518788
0.518788
0.518788
0.518788
0.518788
0.518788
0.518788
0.518788
0.518788
0.518788
0.518788
0.518788
0.518788
0.518788
0.518788
0.518788
0.518788
0.518788
0.518788
0.518788
0.518788
0.518788
0.518788
0.518788
0.518788
0.518788
0.518788
0.518788
0.518788
0.518788
0.518788
0.518788
0.518788
0.518788
0.518788
0.518788
0.518788
0.518788
0.518788
0.518788
0.518788
0.518788
0.518788
0.518788
0.518788
0.518788
0.518788
0.518788
0.518788
0.518788
0.518787
0.518779
0.516498
0.441369
0.93326
0.999954
0.999995
0.999599
0.999019
0.99797
0.977293
0.994649
0.994961
0.992585
0.942376
0.975093
0.750913
0.98557
0.993645
0.994504
0.99562
0.997072
0.996595
0.980505
0.993457
0.983527
0.997365
0.999151
0.999238
0.998807
0.992035
0.998385
0.998982
0.998884
0.998675
0.997013
0.995993
0.995882
0.998913
0.999872
0.518788
0.518788
0.518788
0.518788
0.518788
0.518788
0.518788
0.518788
0.518788
0.518788
0.518788
0.518788
0.518788
0.518788
0.518788
0.518788
0.518788
0.518788
0.518788
0.518788
0.518788
0.518788
0.518788
0.518788
0.518788
0.518788
0.518788
0.518788
0.518788
0.518788
0.518788
0.518788
0.518788
0.518788
0.518788
0.518788
0.518788
0.518788
0.518788
0.518788
0.518788
0.518788
0.518788
0.518788
0.518788
0.518788
0.518788
0.518788
0.518788
0.518788
0.518788
0.518788
0.518788
0.518788
0.518788
0.518788
0.518786
0.518784
0.519899
0.438764
0.977161
0.999984
0.999994
0.999596
0.998979
0.998127
0.996796
0.99308
0.992632
0.995144
0.990257
0.983535
0.99283
0.995776
0.994938
0.995891
0.990735
0.995349
0.977928
0.98984
0.994676
0.998109
0.99898
0.999113
0.998735
0.997215
0.996635
0.999001
0.998946
0.997993
0.99788
0.998253
0.806576
0.994565
0.999173
0.999879
0.518788
0.518788
0.518788
0.518788
0.518788
0.518788
0.518788
0.518788
0.518788
0.518788
0.518788
0.518788
0.518788
0.518788
0.518788
0.518788
0.518788
0.518788
0.518788
0.518788
0.518788
0.518788
0.518788
0.518788
0.518788
0.518788
0.518788
0.518788
0.518788
0.518788
0.518788
0.518788
0.518788
0.518788
0.518788
0.518788
0.518788
0.518788
0.518788
0.518788
0.518788
0.518788
0.518788
0.518788
0.518788
0.518788
0.518788
0.518788
0.518788
0.518788
0.518788
0.518788
0.518788
0.518788
0.518788
0.518788
0.518787
0.518768
0.519789
0.442852
0.0503146
0.997792
0.985469
0.999872
0.999975
0.999984
0.999924
0.999893
0.994996
0.995022
0.991241
0.987484
0.993247
0.989105
0.991655
0.967627
0.994655
0.996413
0.989358
0.997721
0.99746
0.997754
0.998905
0.999005
0.998278
0.990517
0.998627
0.998783
0.99798
0.959643
0.947063
0.998141
0.993851
0.994413
0.999247
0.99988
0.518788
0.518788
0.518788
0.518788
0.518788
0.518788
0.518788
0.518788
0.518788
0.518788
0.518788
0.518788
0.518788
0.518788
0.518788
0.518788
0.518788
0.518788
0.518788
0.518788
0.518788
0.518788
0.518788
0.518788
0.518788
0.518788
0.518788
0.518788
0.518788
0.518788
0.518788
0.518788
0.518788
0.518788
0.518788
0.518788
0.518788
0.518788
0.518788
0.518788
0.518788
0.518788
0.518788
0.518788
0.518788
0.518788
0.518788
0.518788
0.518788
0.518788
0.518788
0.518788
0.518788
0.518788
0.518788
0.518788
0.518788
0.518786
0.519241
0.469992
0.0343563
0.0506118
0.96448
0.982948
0.967787
0.991367
0.999565
0.999983
0.999995
0.99986
0.999851
0.999854
0.999854
0.999824
0.999763
0.998885
0.998663
0.998644
0.999551
0.999714
0.999767
0.999771
0.999732
0.999672
0.999651
0.999599
0.999504
0.99935
0.999179
0.985321
0.999585
0.997353
0.99805
0.998065
0.999117
0.99988
0.518788
0.518788
0.518788
0.518788
0.518788
0.518788
0.518788
0.518788
0.518788
0.518788
0.518788
0.518788
0.518788
0.518788
0.518788
0.518788
0.518788
0.518788
0.518788
0.518788
0.518788
0.518788
0.518788
0.518788
0.518788
0.518788
0.518788
0.518788
0.518788
0.518788
0.518788
0.518788
0.518788
0.518788
0.518788
0.518788
0.518788
0.518788
0.518788
0.518788
0.518788
0.518788
0.518788
0.518788
0.518788
0.518788
0.518788
0.518788
0.518788
0.518788
0.518788
0.518788
0.518788
0.518788
0.518788
0.518787
0.518786
0.518816
0.556241
0.480624
0.000263344
0.140792
0.00165841
0.907462
0.559305
0.846616
0.922021
0.480768
0.805075
0.965296
0.996572
0.998099
0.997655
0.998057
0.99743
0.996011
0.986741
0.99095
4.60637e-11
0.99619
0.996695
0.997175
0.997726
0.000167637
0.857752
0.998257
0.999505
0.999821
0.999926
0.999853
0.999983
0.999993
0.999876
0.999926
0.999927
0.999928
0.518788
0.518788
0.518788
0.518788
0.518788
0.518788
0.518788
0.518788
0.518788
0.518788
0.518788
0.518788
0.518788
0.518788
0.518788
0.518788
0.518788
0.518788
0.518788
0.518788
0.518788
0.518788
0.518788
0.518788
0.518788
0.518788
0.518788
0.518788
0.518788
0.518788
0.518788
0.518788
0.518788
0.518788
0.518788
0.518788
0.518788
0.518788
0.518788
0.518788
0.518788
0.518788
0.518788
0.518788
0.518788
0.518788
0.518788
0.518788
0.518788
0.518788
0.518788
0.518788
0.518788
0.518788
0.518788
0.518788
0.518787
0.518823
0.519307
0.438062
0.910795
0.0259173
0.628294
0.556333
0.706028
0.42893
0.28286
5.12266e-06
0.686353
0.784447
0.811915
0.898244
0.870523
0.90787
0.00107521
0.000287741
2.54515e-12
0.010311
0.00680237
8.32433e-05
0.00309477
0.000161393
0.146899
0.146461
0.146508
0.00533689
0.000745086
0.280688
0.897123
0.978864
0.999414
0.994463
0.979757
0.998879
0.998871
0.999967
0.518788
0.518788
0.518788
0.518788
0.518788
0.518788
0.518788
0.518788
0.518788
0.518788
0.518788
0.518788
0.518788
0.518788
0.518788
0.518788
0.518788
0.518788
0.518788
0.518788
0.518788
0.518788
0.518788
0.518788
0.518788
0.518788
0.518788
0.518788
0.518788
0.518788
0.518788
0.518788
0.518788
0.518788
0.518788
0.518788
0.518788
0.518788
0.518788
0.518788
0.518788
0.518788
0.518788
0.518788
0.518788
0.518788
0.518788
0.518788
0.518788
0.518788
0.518788
0.518788
0.518788
0.518788
0.518788
0.518787
0.518787
0.518778
0.527819
0.402291
4.20789e-05
0.112888
0.449944
0.00891464
0.0758493
0.248729
0.0295328
0.568602
0.268192
2.56982e-05
0.248213
0.499255
0.355028
0.745648
0.474817
0.55828
0.507183
0.0102134
0.367957
0.000995933
0.144872
0.118473
0.0569116
0.00127634
0.0567171
0.145384
0.13077
5.25408e-05
0.0974743
0.78199
6.62854e-07
9.8792e-13
0.00118574
2.6999e-08
1.26428e-05
0.988954
0.518788
0.518788
0.518788
0.518788
0.518788
0.518788
0.518788
0.518788
0.518788
0.518788
0.518788
0.518788
0.518788
0.518788
0.518788
0.518788
0.518788
0.518788
0.518788
0.518788
0.518788
0.518788
0.518788
0.518788
0.518788
0.518788
0.518788
0.518788
0.518788
0.518788
0.518788
0.518788
0.518788
0.518788
0.518788
0.518788
0.518788
0.518788
0.518788
0.518788
0.518788
0.518788
0.518788
0.518788
0.518788
0.518788
0.518788
0.518788
0.518788
0.518788
0.518788
0.518788
0.518788
0.518788
0.518788
0.518788
0.518787
0.518789
0.533041
0.473154
0.0872369
0.0937609
0.0274914
0.000621174
0.00236937
0.00447144
0.0540227
0.564981
0.392801
0.313609
0.0198857
0.204587
0.0761616
9.33796e-05
0.04259
9.58124e-08
0.00938554
0.533512
0.000895442
0.00015673
0.000645474
0.012957
0.000317123
0.609175
0.000965627
0.270438
1.25971e-05
0.155495
0.764706
0.460103
0.702433
0.969384
0.999107
0.986949
0.975083
0.998875
0.518788
0.518788
0.518788
0.518788
0.518788
0.518788
0.518788
0.518788
0.518788
0.518788
0.518788
0.518788
0.518788
0.518788
0.518788
0.518788
0.518788
0.518788
0.518788
0.518788
0.518788
0.518788
0.518788
0.518788
0.518788
0.518788
0.518788
0.518788
0.518788
0.518788
0.518788
0.518788
0.518788
0.518788
0.518788
0.518788
0.518788
0.518788
0.518788
0.518788
0.518788
0.518788
0.518788
0.518788
0.518788
0.518788
0.518788
0.518788
0.518788
0.518788
0.518788
0.518788
0.518788
0.518788
0.518788
0.518788
0.518788
0.518792
0.518606
0.444262
0.903952
0.941458
6.69824e-08
0.950423
0.811127
0.495629
0.0448965
0.717137
0.0468509
0.711646
0.17365
0.000423139
0.57015
0.00037537
0.0251373
0.000964647
0.00256742
0.594216
0.809046
0.00119306
0.000558403
0.000164903
0.00207662
0.831766
0.899762
0.778275
0.934917
0.948622
0.977546
0.983175
0.992492
0.999097
0.999905
0.999996
0.99993
0.999975
0.518788
0.518788
0.518788
0.518788
0.518788
0.518788
0.518788
0.518788
0.518788
0.518788
0.518788
0.518788
0.518788
0.518788
0.518788
0.518788
0.518788
0.518788
0.518788
0.518788
0.518788
0.518788
0.518788
0.518788
0.518788
0.518788
0.518788
0.518788
0.518788
0.518788
0.518788
0.518788
0.518788
0.518788
0.518788
0.518788
0.518788
0.518788
0.518788
0.518788
0.518788
0.518788
0.518788
0.518788
0.518788
0.518788
0.518788
0.518788
0.518788
0.518788
0.518788
0.518788
0.518788
0.518788
0.518788
0.518788
0.518788
0.518756
0.520308
0.40279
0.932533
0.995609
0.99464
0.993681
0.984675
0.995385
0.966028
0.974447
0.00351378
0.802248
0.775865
3.36474e-06
0.061854
0.15187
0.959004
0.972106
6.65712e-06
0.977819
0.992318
0.994374
1.27824e-06
0.999991
0.999993
0.999667
0.999823
0.999977
0.999472
0.999986
0.999736
0.99981
0.999825
0.999841
0.999842
0.999372
0.999181
0.999891
0.518788
0.518788
0.518788
0.518788
0.518788
0.518788
0.518788
0.518788
0.518788
0.518788
0.518788
0.518788
0.518788
0.518788
0.518788
0.518788
0.518788
0.518788
0.518788
0.518788
0.518788
0.518788
0.518788
0.518788
0.518788
0.518788
0.518788
0.518788
0.518788
0.518788
0.518788
0.518788
0.518788
0.518788
0.518788
0.518788
0.518788
0.518788
0.518788
0.518788
0.518788
0.518788
0.518788
0.518788
0.518788
0.518788
0.518788
0.518788
0.518788
0.518788
0.518788
0.518788
0.518788
0.518788
0.518788
0.518788
0.518787
0.518985
0.535446
0.398436
0.971848
0.999905
0.999987
0.999759
0.999502
0.99999
0.999831
0.999885
0.999745
0.927949
0.999992
0.999989
0.99998
0.999991
0.999917
0.999985
0.999986
0.99999
0.999321
0.999626
0.999571
0.998785
0.992244
0.976556
0.998036
0.999107
0.999828
0.998808
0.997291
0.996918
0.991075
0.990361
0.999148
0.999056
0.999042
0.999883
0.518788
0.518788
0.518788
0.518788
0.518788
0.518788
0.518788
0.518788
0.518788
0.518788
0.518788
0.518788
0.518788
0.518788
0.518788
0.518788
0.518788
0.518788
0.518788
0.518788
0.518788
0.518788
0.518788
0.518788
0.518788
0.518788
0.518788
0.518788
0.518788
0.518788
0.518788
0.518788
0.518788
0.518788
0.518788
0.518788
0.518788
0.518788
0.518788
0.518788
0.518788
0.518788
0.518788
0.518788
0.518788
0.518788
0.518788
0.518788
0.518788
0.518788
0.518788
0.518788
0.518788
0.518788
0.518788
0.518788
0.518788
0.518763
0.518268
0.43936
0.861064
0.99999
0.999993
0.999815
0.999975
0.999453
0.999969
0.999838
0.999729
0.999117
0.995987
0.999153
0.998526
0.999414
0.998312
0.998331
0.997949
0.997882
0.992331
0.994708
0.997877
0.997925
0.992122
0.994548
0.998119
0.998421
0.998524
0.998304
0.998303
0.997413
0.997652
0.995726
0.998022
0.999052
0.999345
0.999875
0.518788
0.518788
0.518788
0.518788
0.518788
0.518788
0.518788
0.518788
0.518788
0.518788
0.518788
0.518788
0.518788
0.518788
0.518788
0.518788
0.518788
0.518788
0.518788
0.518788
0.518788
0.518788
0.518788
0.518788
0.518788
0.518788
0.518788
0.518788
0.518788
0.518788
0.518788
0.518788
0.518788
0.518788
0.518788
0.518788
0.518788
0.518788
0.518788
0.518788
0.518788
0.518788
0.518788
0.518788
0.518788
0.518788
0.518788
0.518788
0.518788
0.518788
0.518788
0.518788
0.518788
0.518788
0.518788
0.518788
0.518788
0.518563
0.517521
0.471445
0.268139
0.999996
0.999849
0.994865
0.999851
0.999521
0.999238
0.999019
0.999308
0.99733
0.998002
0.997272
0.993144
0.983774
0.994638
0.995824
0.995115
0.991589
0.984304
0.994837
0.993604
0.992563
0.982815
0.987227
0.970925
0.998658
0.99923
0.996211
0.998121
0.997953
0.997813
0.998451
0.997659
0.998891
0.999399
0.999888
0.518788
0.518788
0.518788
0.518788
0.518788
0.518788
0.518788
0.518788
0.518788
0.518788
0.518788
0.518788
0.518788
0.518788
0.518788
0.518788
0.518788
0.518788
0.518788
0.518788
0.518788
0.518788
0.518788
0.518788
0.518788
0.518788
0.518788
0.518788
0.518788
0.518788
0.518788
0.518788
0.518788
0.518788
0.518788
0.518788
0.518788
0.518788
0.518788
0.518788
0.518788
0.518788
0.518788
0.518788
0.518788
0.518788
0.518788
0.518788
0.518788
0.518788
0.518788
0.518788
0.518788
0.518788
0.518788
0.518788
0.518787
0.518728
0.439699
0.441195
0.863479
0.999677
0.999997
0.999625
0.999435
0.998247
0.999145
0.996712
0.998725
0.998261
0.997082
0.996959
0.996567
0.996736
0.996014
0.979358
0.984625
0.988218
0.986895
0.936004
0.99298
0.99472
0.996637
0.997944
0.997594
0.990935
0.94944
0.995641
0.997807
0.998211
0.996576
0.99841
0.998761
0.99886
0.999397
0.999878
0.518788
0.518788
0.518788
0.518788
0.518788
0.518788
0.518788
0.518788
0.518788
0.518788
0.518788
0.518788
0.518788
0.518788
0.518788
0.518788
0.518788
0.518788
0.518788
0.518788
0.518788
0.518788
0.518788
0.518788
0.518788
0.518788
0.518788
0.518788
0.518788
0.518788
0.518788
0.518788
0.518788
0.518788
0.518788
0.518788
0.518788
0.518788
0.518788
0.518788
0.518788
0.518788
0.518788
0.518788
0.518788
0.518788
0.518788
0.518788
0.518788
0.518788
0.518788
0.518788
0.518788
0.518788
0.518788
0.518788
0.518787
0.517298
0.517085
0.451738
0.767466
0.00217741
0.999997
0.99949
0.999473
0.998928
0.995627
0.99812
0.997694
0.968827
0.997701
0.998354
0.997378
0.992496
0.97964
0.990882
0.993573
0.993252
0.987091
0.990108
0.952363
0.974408
0.982322
0.991115
0.994569
0.993796
0.993671
0.992113
0.997803
0.998529
0.995911
0.997592
0.998637
0.999184
0.999534
0.999889
0.518788
0.518788
0.518788
0.518788
0.518788
0.518788
0.518788
0.518788
0.518788
0.518788
0.518788
0.518788
0.518788
0.518788
0.518788
0.518788
0.518788
0.518788
0.518788
0.518788
0.518788
0.518788
0.518788
0.518788
0.518788
0.518788
0.518788
0.518788
0.518788
0.518788
0.518788
0.518788
0.518788
0.518788
0.518788
0.518788
0.518788
0.518788
0.518788
0.518788
0.518788
0.518788
0.518788
0.518788
0.518788
0.518788
0.518788
0.518788
0.518788
0.518788
0.518788
0.518788
0.518788
0.518788
0.518788
0.518788
0.518787
0.518788
0.491364
0.430291
0.955805
0.999761
0.999996
0.998921
0.999017
0.989727
0.799045
0.993931
0.994476
0.908343
0.984277
0.988691
0.98813
0.991717
0.989291
0.991275
0.975752
0.989505
0.924786
0.978773
0.995309
0.988859
0.993454
0.997652
0.999027
0.999435
0.999265
0.992689
0.998004
0.998824
0.998804
0.996495
0.687702
0.988881
0.999008
0.999877
0.518788
0.518788
0.518788
0.518788
0.518788
0.518788
0.518788
0.518788
0.518788
0.518788
0.518788
0.518788
0.518788
0.518788
0.518788
0.518788
0.518788
0.518788
0.518788
0.518788
0.518788
0.518788
0.518788
0.518788
0.518788
0.518788
0.518788
0.518788
0.518788
0.518788
0.518788
0.518788
0.518788
0.518788
0.518788
0.518788
0.518788
0.518788
0.518788
0.518788
0.518788
0.518788
0.518788
0.518788
0.518788
0.518788
0.518788
0.518788
0.518788
0.518788
0.518788
0.518788
0.518788
0.518788
0.518788
0.518788
0.518786
0.51829
0.485803
0.465502
0.881715
0.999494
0.999995
0.999524
0.995492
0.992331
0.99
0.995246
0.993736
0.988887
0.923744
0.973346
0.949389
0.989732
0.992999
0.995924
0.997937
0.997236
0.996068
0.664522
0.994793
0.985714
0.998364
0.999286
0.999367
0.998786
0.993002
0.997465
0.998465
0.998867
0.999174
0.998235
0.995721
0.988731
0.99892
0.999873
0.518788
0.518788
0.518788
0.518788
0.518788
0.518788
0.518788
0.518788
0.518788
0.518788
0.518788
0.518788
0.518788
0.518788
0.518788
0.518788
0.518788
0.518788
0.518788
0.518788
0.518788
0.518788
0.518788
0.518788
0.518788
0.518788
0.518788
0.518788
0.518788
0.518788
0.518788
0.518788
0.518788
0.518788
0.518788
0.518788
0.518788
0.518788
0.518788
0.518788
0.518788
0.518788
0.518788
0.518788
0.518788
0.518788
0.518788
0.518788
0.518788
0.518788
0.518788
0.518788
0.518788
0.518788
0.518788
0.518788
0.518787
0.51877
0.51984
0.443961
0.887318
0.999678
0.999995
0.999868
0.9998
0.999155
0.998096
0.998387
0.9927
0.992136
0.987977
0.97394
0.985159
0.986916
0.990885
0.955392
0.99444
0.993943
0.933251
0.988206
0.99629
0.998321
0.999073
0.99893
0.995728
0.982286
0.991435
0.986684
0.962772
0.997566
0.999196
0.998921
0.986688
0.997303
0.999327
0.999883
0.518788
0.518788
0.518788
0.518788
0.518788
0.518788
0.518788
0.518788
0.518788
0.518788
0.518788
0.518788
0.518788
0.518788
0.518788
0.518788
0.518788
0.518788
0.518788
0.518788
0.518788
0.518788
0.518788
0.518788
0.518788
0.518788
0.518788
0.518788
0.518788
0.518788
0.518788
0.518788
0.518788
0.518788
0.518788
0.518788
0.518788
0.518788
0.518788
0.518788
0.518788
0.518788
0.518788
0.518788
0.518788
0.518788
0.518788
0.518788
0.518788
0.518788
0.518788
0.518788
0.518788
0.518788
0.518788
0.518788
0.518787
0.519235
0.467192
0.507127
0.456925
0.996039
4.87569e-10
0.99987
0.999993
0.999995
0.999927
0.998843
0.992539
0.997479
0.996701
0.983061
0.980929
0.991687
0.991511
0.995109
0.997418
0.992186
0.996837
0.997946
0.992321
0.995392
0.990123
0.993933
0.980659
0.998086
0.998667
0.998665
0.998226
0.992988
0.999017
0.998995
0.924226
0.99849
0.999356
0.99988
0.518788
0.518788
0.518788
0.518788
0.518788
0.518788
0.518788
0.518788
0.518788
0.518788
0.518788
0.518788
0.518788
0.518788
0.518788
0.518788
0.518788
0.518788
0.518788
0.518788
0.518788
0.518788
0.518788
0.518788
0.518788
0.518788
0.518788
0.518788
0.518788
0.518788
0.518788
0.518788
0.518788
0.518788
0.518788
0.518788
0.518788
0.518788
0.518788
0.518788
0.518788
0.518788
0.518788
0.518788
0.518788
0.518788
0.518788
0.518788
0.518788
0.518788
0.518788
0.518788
0.518788
0.518788
0.518788
0.518788
0.518787
0.518819
0.5178
0.440323
0.912783
0.98745
0.682325
0.96973
0.996774
0.999715
0.99998
0.999994
0.999902
0.999844
0.999794
0.999791
0.989364
0.990588
0.993698
0.991418
0.999488
0.998149
0.99949
0.994884
0.990108
0.998546
0.998402
0.998792
0.969742
0.998114
0.998494
0.999237
0.999325
0.995533
0.998534
0.998877
0.996354
0.999138
0.999378
0.999878
0.518788
0.518788
0.518788
0.518788
0.518788
0.518788
0.518788
0.518788
0.518788
0.518788
0.518788
0.518788
0.518788
0.518788
0.518788
0.518788
0.518788
0.518788
0.518788
0.518788
0.518788
0.518788
0.518788
0.518788
0.518788
0.518788
0.518788
0.518788
0.518788
0.518788
0.518788
0.518788
0.518788
0.518788
0.518788
0.518788
0.518788
0.518788
0.518788
0.518788
0.518788
0.518788
0.518788
0.518788
0.518788
0.518788
0.518788
0.518788
0.518788
0.518788
0.518788
0.518788
0.518788
0.518788
0.518788
0.518788
0.518788
0.518967
0.513392
0.481307
0.015783
0.826021
0.774789
3.48796e-05
0.826964
1.4982e-07
0.962456
0.985467
0.986918
0.999709
0.99996
0.999992
0.999993
0.99968
0.99972
0.999982
0.999991
0.999973
0.999982
0.999992
0.998711
0.99964
0.999979
0.999987
0.999964
0.999989
0.998944
0.997935
0.999888
0.99973
0.999697
0.636236
0.999123
0.998631
0.999368
0.999879
0.518788
0.518788
0.518788
0.518788
0.518788
0.518788
0.518788
0.518788
0.518788
0.518788
0.518788
0.518788
0.518788
0.518788
0.518788
0.518788
0.518788
0.518788
0.518788
0.518788
0.518788
0.518788
0.518788
0.518788
0.518788
0.518788
0.518788
0.518788
0.518788
0.518788
0.518788
0.518788
0.518788
0.518788
0.518788
0.518788
0.518788
0.518788
0.518788
0.518788
0.518788
0.518788
0.518788
0.518788
0.518788
0.518788
0.518788
0.518788
0.518788
0.518788
0.518788
0.518788
0.518788
0.518788
0.518788
0.518788
0.518762
0.517773
0.537565
0.446971
0.426251
0.880249
0.00214888
0.854237
0.913325
0.170344
2.03345e-05
0.606217
0.978616
0.93481
0.960332
0.664397
0.994082
0.996458
0.998112
0.993119
0.997922
0.867413
0.972388
0.931197
0.946783
0.00107211
0.000345994
0.00010287
1.23942e-05
0.97489
0.999864
0.999978
0.999993
0.997782
0.999839
0.999882
0.999884
0.99963
0.999759
0.999642
0.518788
0.518788
0.518788
0.518788
0.518788
0.518788
0.518788
0.518788
0.518788
0.518788
0.518788
0.518788
0.518788
0.518788
0.518788
0.518788
0.518788
0.518788
0.518788
0.518788
0.518788
0.518788
0.518788
0.518788
0.518788
0.518788
0.518788
0.518788
0.518788
0.518788
0.518788
0.518788
0.518788
0.518788
0.518788
0.518788
0.518788
0.518788
0.518788
0.518788
0.518788
0.518788
0.518788
0.518788
0.518788
0.518788
0.518788
0.518788
0.518788
0.518788
0.518788
0.518788
0.518788
0.518788
0.518788
0.518788
0.518785
0.518701
0.48998
0.468193
0.462771
0.922526
0.37187
0.146441
0.145267
1.96748e-06
0.132313
0.00934399
0.00261757
0.733036
0.130272
2.27809e-06
0.983714
0.96613
2.51209e-11
0.333488
0.591574
0.922844
0.124069
6.34475e-06
8.66297e-06
1.03032e-06
0.000870819
8.00674e-06
0.000571065
0.975604
0.000301858
4.50454e-07
0.999982
0.999991
0.999986
0.999613
0.998648
0.999407
0.999949
0.99998
0.518788
0.518788
0.518788
0.518788
0.518788
0.518788
0.518788
0.518788
0.518788
0.518788
0.518788
0.518788
0.518788
0.518788
0.518788
0.518788
0.518788
0.518788
0.518788
0.518788
0.518788
0.518788
0.518788
0.518788
0.518788
0.518788
0.518788
0.518788
0.518788
0.518788
0.518788
0.518788
0.518788
0.518788
0.518788
0.518788
0.518788
0.518788
0.518788
0.518788
0.518788
0.518788
0.518788
0.518788
0.518788
0.518788
0.518788
0.518788
0.518788
0.518788
0.518788
0.518788
0.518788
0.518788
0.518788
0.518788
0.518787
0.518789
0.494604
0.473885
0.401041
0.886597
0.00147924
1.44453e-05
0.870995
0.616411
0.825373
0.0862265
0.789282
0.529808
0.871761
0.650284
0.00190502
0.364065
0.000448538
0.822177
0.139732
0.126125
1.38113e-07
0.00884339
0.136
0.00179566
0.000195861
0.0479581
0.000462938
0.956294
0.184355
0.985538
0.997959
0.999559
0.999979
0.999994
0.999911
0.999757
0.999895
0.999973
0.518788
0.518788
0.518788
0.518788
0.518788
0.518788
0.518788
0.518788
0.518788
0.518788
0.518788
0.518788
0.518788
0.518788
0.518788
0.518788
0.518788
0.518788
0.518788
0.518788
0.518788
0.518788
0.518788
0.518788
0.518788
0.518788
0.518788
0.518788
0.518788
0.518788
0.518788
0.518788
0.518788
0.518788
0.518788
0.518788
0.518788
0.518788
0.518788
0.518788
0.518788
0.518788
0.518788
0.518788
0.518788
0.518788
0.518788
0.518788
0.518788
0.518788
0.518788
0.518788
0.518788
0.518788
0.518788
0.518788
0.518787
0.518803
0.524232
0.408431
0.910402
0.87031
0.979106
0.974108
0.947356
0.0117107
0.000123044
0.99063
0.980328
0.988098
0.993852
0.377256
0.000152673
0.618532
0.797045
0.881275
0.927278
0.0227672
2.57807e-07
0.904306
0.829238
3.4448e-06
0.937158
0.976433
0.972437
0.954218
0.983678
0.999267
0.999898
0.999986
0.999991
0.999851
0.999911
0.98727
0.99932
0.999908
0.518788
0.518788
0.518788
0.518788
0.518788
0.518788
0.518788
0.518788
0.518788
0.518788
0.518788
0.518788
0.518788
0.518788
0.518788
0.518788
0.518788
0.518788
0.518788
0.518788
0.518788
0.518788
0.518788
0.518788
0.518788
0.518788
0.518788
0.518788
0.518788
0.518788
0.518788
0.518788
0.518788
0.518788
0.518788
0.518788
0.518788
0.518788
0.518788
0.518788
0.518788
0.518788
0.518788
0.518788
0.518788
0.518788
0.518788
0.518788
0.518788
0.518788
0.518788
0.518788
0.518788
0.518788
0.518788
0.518788
0.518788
0.519185
0.549349
0.540825
0.168622
0.978881
0.997184
0.997127
0.997405
8.78921e-06
0.992272
0.98603
0.988634
0.967805
0.96334
0.976819
0.974475
0.946072
0.950069
0.98143
0.972467
0.954394
0.997632
0.999526
0.999973
0.999989
0.999988
0.999116
0.999128
0.997447
0.999873
0.999895
0.999911
0.999915
0.999344
0.998892
0.982044
0.998749
0.999076
0.999877
0.518788
0.518788
0.518788
0.518788
0.518788
0.518788
0.518788
0.518788
0.518788
0.518788
0.518788
0.518788
0.518788
0.518788
0.518788
0.518788
0.518788
0.518788
0.518788
0.518788
0.518788
0.518788
0.518788
0.518788
0.518788
0.518788
0.518788
0.518788
0.518788
0.518788
0.518788
0.518788
0.518788
0.518788
0.518788
0.518788
0.518788
0.518788
0.518788
0.518788
0.518788
0.518788
0.518788
0.518788
0.518788
0.518788
0.518788
0.518788
0.518788
0.518788
0.518788
0.518788
0.518788
0.518788
0.518788
0.518788
0.518787
0.518746
0.518008
0.478203
0.634353
0.977529
0.999879
0.99993
0.999994
0.999994
0.999747
0.999501
0.999992
0.999988
0.999931
0.999589
0.999953
0.999988
0.999946
0.999965
0.999985
0.999989
0.997718
0.998508
0.998991
0.995272
0.997586
0.997459
0.999118
0.99877
0.995833
0.994268
0.992673
0.997098
0.997937
0.99888
0.997695
0.997594
0.999211
0.999876
0.518788
0.518788
0.518788
0.518788
0.518788
0.518788
0.518788
0.518788
0.518788
0.518788
0.518788
0.518788
0.518788
0.518788
0.518788
0.518788
0.518788
0.518788
0.518788
0.518788
0.518788
0.518788
0.518788
0.518788
0.518788
0.518788
0.518788
0.518788
0.518788
0.518788
0.518788
0.518788
0.518788
0.518788
0.518788
0.518788
0.518788
0.518788
0.518788
0.518788
0.518788
0.518788
0.518788
0.518788
0.518788
0.518788
0.518788
0.518788
0.518788
0.518788
0.518788
0.518788
0.518788
0.518788
0.518788
0.518788
0.518785
0.517713
0.517071
0.449446
0.78553
0.998209
0.999994
0.999914
0.99993
0.999679
0.99792
0.963784
0.930778
0.995413
0.999431
0.999289
0.999524
0.999613
0.99922
0.999435
0.999429
0.99742
0.988521
0.99067
0.991113
0.992764
0.977321
0.991327
0.996613
0.998794
0.998707
0.925934
0.98153
0.996508
0.997555
0.99845
0.998646
0.972514
0.999399
0.999878
0.518788
0.518788
0.518788
0.518788
0.518788
0.518788
0.518788
0.518788
0.518788
0.518788
0.518788
0.518788
0.518788
0.518788
0.518788
0.518788
0.518788
0.518788
0.518788
0.518788
0.518788
0.518788
0.518788
0.518788
0.518788
0.518788
0.518788
0.518788
0.518788
0.518788
0.518788
0.518788
0.518788
0.518788
0.518788
0.518788
0.518788
0.518788
0.518788
0.518788
0.518788
0.518788
0.518788
0.518788
0.518788
0.518788
0.518788
0.518788
0.518788
0.518788
0.518788
0.518788
0.518788
0.518788
0.518788
0.518788
0.518787
0.518765
0.501624
0.462733
0.72632
0.98987
0.999993
0.998332
0.998515
0.999042
0.996677
0.994576
0.994918
0.874658
0.991418
0.993065
0.9882
0.982189
0.0177548
0.98994
0.99067
0.991724
0.0149247
0.9912
0.966903
0.985175
0.992184
0.995936
0.99012
0.998859
0.999237
0.998389
0.96891
0.983029
0.995748
0.998228
0.997967
0.994383
0.999358
0.999883
0.518788
0.518788
0.518788
0.518788
0.518788
0.518788
0.518788
0.518788
0.518788
0.518788
0.518788
0.518788
0.518788
0.518788
0.518788
0.518788
0.518788
0.518788
0.518788
0.518788
0.518788
0.518788
0.518788
0.518788
0.518788
0.518788
0.518788
0.518788
0.518788
0.518788
0.518788
0.518788
0.518788
0.518788
0.518788
0.518788
0.518788
0.518788
0.518788
0.518788
0.518788
0.518788
0.518788
0.518788
0.518788
0.518788
0.518788
0.518788
0.518788
0.518788
0.518788
0.518788
0.518788
0.518788
0.518788
0.518788
0.518786
0.51872
0.494169
0.463993
0.73018
0.996811
0.999994
0.998404
0.998927
0.998092
0.995197
0.998101
0.997636
0.991274
0.993869
0.996644
0.997803
0.998093
0.997686
0.996424
0.994966
0.982832
0.977381
0.861479
0.988611
0.991732
0.992057
0.996772
0.99419
0.991537
0.998029
0.998463
0.994889
0.986933
0.997458
0.997537
0.996134
0.996065
0.999351
0.999885
0.518788
0.518788
0.518788
0.518788
0.518788
0.518788
0.518788
0.518788
0.518788
0.518788
0.518788
0.518788
0.518788
0.518788
0.518788
0.518788
0.518788
0.518788
0.518788
0.518788
0.518788
0.518788
0.518788
0.518788
0.518788
0.518788
0.518788
0.518788
0.518788
0.518788
0.518788
0.518788
0.518788
0.518788
0.518788
0.518788
0.518788
0.518788
0.518788
0.518788
0.518788
0.518788
0.518788
0.518788
0.518788
0.518788
0.518788
0.518788
0.518788
0.518788
0.518788
0.518788
0.518788
0.518788
0.518788
0.518788
0.518783
0.519355
0.48068
0.312708
4.5626e-08
6.23221e-10
0.999998
0.99971
0.998263
0.998241
0.992996
0.996815
0.995097
0.987911
0.989305
0.996214
0.997424
0.997777
0.997682
0.997383
0.996989
0.99682
0.995967
0.996187
0.997322
0.994049
0.996073
0.990223
0.996891
0.987755
0.997401
0.998167
0.982137
0.99502
0.99763
0.998068
0.99575
0.997674
0.999366
0.999884
)
;

boundaryField
{
    outlet
    {
        type            zeroGradient;
    }
    inlet
    {
        type            fixedValue;
        value           uniform 0.02;
    }
    walls
    {
        type            zeroGradient;
    }
}


// ************************************************************************* //
