/*--------------------------------*- C++ -*----------------------------------*\
| =========                 |                                                 |
| \\      /  F ield         | OpenFOAM: The Open Source CFD Toolbox           |
|  \\    /   O peration     | Version:  2.3.0                                 |
|   \\  /    A nd           | Web:      www.OpenFOAM.org                      |
|    \\/     M anipulation  |                                                 |
\*---------------------------------------------------------------------------*/
FoamFile
{
    version     2.0;
    format      ascii;
    class       volScalarField;
    location    "22";
    object      dsauter;
}
// * * * * * * * * * * * * * * * * * * * * * * * * * * * * * * * * * * * * * //

dimensions      [0 0 0 0 0 0 0];

internalField   nonuniform List<scalar> 
6144
(
0.00833335
0.00833335
0.00833335
0.00833335
0.00833335
0.00833335
0.00833335
0.00833335
0.00833335
0.00833335
0.00833335
0.00833335
0.00833335
0.00833335
0.00833335
0.00833335
0.00833335
0.00833335
0.00833335
0.00833335
0.00833335
0.00833335
0.00833335
0.00833335
0.00833335
0.00833335
0.00833335
0.00833335
0.00833335
0.00833335
0.00833335
0.00833335
0.00833335
0.00833335
0.00833335
0.00833335
0.00833335
0.00833335
0.00833335
0.00833335
0.00833335
0.00833335
0.00833335
0.00833335
0.00833335
0.00833335
0.00833335
0.00833335
0.00833335
0.00833335
0.00833335
0.00833335
0.00833335
0.00833335
0.00833335
0.00833335
0.00833335
0.00833328
0.00832004
0.00834996
0.00833739
0.00833293
0.0001
0.0001
0.0001
0.0001
0.0001
0.0001
0.0001
0.0001
0.0001
0.0001
0.0001
0.0001
0.0001
0.0001
0.0001
0.0001
0.0001
0.0001
0.0001
0.0001
0.0001
0.0001
0.0001
0.0001
0.0001
0.0001
0.0001
0.0001
0.0001
0.0001
0.0001
0.0001
0.0001
0.0001
0.00833335
0.00833335
0.00833335
0.00833335
0.00833335
0.00833335
0.00833335
0.00833335
0.00833335
0.00833335
0.00833335
0.00833335
0.00833335
0.00833335
0.00833335
0.00833335
0.00833335
0.00833335
0.00833335
0.00833335
0.00833335
0.00833335
0.00833335
0.00833335
0.00833335
0.00833335
0.00833335
0.00833335
0.00833335
0.00833335
0.00833335
0.00833335
0.00833335
0.00833335
0.00833335
0.00833335
0.00833335
0.00833335
0.00833335
0.00833335
0.00833335
0.00833335
0.00833335
0.00833335
0.00833335
0.00833335
0.00833335
0.00833335
0.00833335
0.00833335
0.00833335
0.00833335
0.00833335
0.00833335
0.00833335
0.00833335
0.00833335
0.00833297
0.00831847
0.0083509
0.00831687
0.00833474
0.0001
0.0001
0.0001
0.0001
0.0001
0.0001
0.0001
0.0001
0.0001
0.0001
0.0001
0.0001
0.0001
0.0001
0.0001
0.0001
0.0001
0.0001
0.0001
0.0001
0.0001
0.0001
0.0001
0.0001
0.0001
0.0001
0.0001
0.0001
0.0001
0.0001
0.0001
0.0001
0.0001
0.0001
0.00833335
0.00833335
0.00833335
0.00833335
0.00833335
0.00833335
0.00833335
0.00833335
0.00833335
0.00833335
0.00833335
0.00833335
0.00833335
0.00833335
0.00833335
0.00833335
0.00833335
0.00833335
0.00833335
0.00833335
0.00833335
0.00833335
0.00833335
0.00833335
0.00833335
0.00833335
0.00833335
0.00833335
0.00833335
0.00833335
0.00833335
0.00833335
0.00833335
0.00833335
0.00833335
0.00833335
0.00833335
0.00833335
0.00833335
0.00833335
0.00833335
0.00833335
0.00833335
0.00833335
0.00833335
0.00833335
0.00833335
0.00833335
0.00833335
0.00833335
0.00833335
0.00833335
0.00833335
0.00833335
0.00833335
0.00833335
0.00833335
0.00833335
0.00833383
0.0083652
0.0075898
0.00833339
0.0001
0.0001
0.0001
0.0001
0.0001
0.0001
0.0001
0.0001
0.0001
0.0001
0.0001
0.0001
0.0001
0.0001
0.0001
0.0001
0.0001
0.0001
0.0001
0.0001
0.0001
0.0001
0.0001
0.0001
0.0001
0.0001
0.0001
0.0001
0.0001
0.0001
0.0001
0.0001
0.0001
0.0001
0.00833335
0.00833335
0.00833335
0.00833335
0.00833335
0.00833335
0.00833335
0.00833335
0.00833335
0.00833335
0.00833335
0.00833335
0.00833335
0.00833335
0.00833335
0.00833335
0.00833335
0.00833335
0.00833335
0.00833335
0.00833335
0.00833335
0.00833335
0.00833335
0.00833335
0.00833335
0.00833335
0.00833335
0.00833335
0.00833335
0.00833335
0.00833335
0.00833335
0.00833335
0.00833335
0.00833335
0.00833335
0.00833335
0.00833335
0.00833335
0.00833335
0.00833335
0.00833335
0.00833335
0.00833335
0.00833335
0.00833335
0.00833335
0.00833335
0.00833335
0.00833335
0.00833335
0.00833335
0.00833335
0.00833335
0.00833335
0.00833335
0.00833335
0.00833335
0.00833336
0.00833482
0.00782538
0.0001
0.0001
0.0001
0.0001
0.0001
0.0001
0.0001
0.0001
0.0001
0.0001
0.0001
0.0001
0.0001
0.0001
0.0001
0.0001
0.0001
0.0001
0.0001
0.0001
0.0001
0.0001
0.0001
0.0001
0.0001
0.0001
0.0001
0.0001
0.0001
0.0001
0.0001
0.0001
0.0001
0.0001
0.00833335
0.00833335
0.00833335
0.00833335
0.00833335
0.00833335
0.00833335
0.00833335
0.00833335
0.00833335
0.00833335
0.00833335
0.00833335
0.00833335
0.00833335
0.00833335
0.00833335
0.00833335
0.00833335
0.00833335
0.00833335
0.00833335
0.00833335
0.00833335
0.00833335
0.00833335
0.00833335
0.00833335
0.00833335
0.00833335
0.00833335
0.00833335
0.00833335
0.00833335
0.00833335
0.00833335
0.00833335
0.00833335
0.00833335
0.00833335
0.00833335
0.00833335
0.00833335
0.00833335
0.00833335
0.00833335
0.00833335
0.00833335
0.00833335
0.00833335
0.00833335
0.00833335
0.00833335
0.00833335
0.00833335
0.00833335
0.00833335
0.00833335
0.00833335
0.00837126
0.00751833
0.0083205
0.00833725
0.00833337
0.00833263
0.0001
0.0001
0.0001
0.0001
0.0001
0.0001
0.0001
0.0001
0.0001
0.0001
0.0001
0.0001
0.0001
0.0001
0.0001
0.0001
0.0001
0.0001
0.0001
0.0001
0.0001
0.0001
0.0001
0.0001
0.0001
0.0001
0.0001
0.0001
0.0001
0.0001
0.0001
0.00833335
0.00833335
0.00833335
0.00833335
0.00833335
0.00833335
0.00833335
0.00833335
0.00833335
0.00833335
0.00833335
0.00833335
0.00833335
0.00833335
0.00833335
0.00833335
0.00833335
0.00833335
0.00833335
0.00833335
0.00833335
0.00833335
0.00833335
0.00833335
0.00833335
0.00833335
0.00833335
0.00833335
0.00833335
0.00833335
0.00833335
0.00833335
0.00833335
0.00833335
0.00833335
0.00833335
0.00833335
0.00833335
0.00833335
0.00833335
0.00833335
0.00833335
0.00833335
0.00833335
0.00833335
0.00833335
0.00833335
0.00833335
0.00833335
0.00833335
0.00833335
0.00833335
0.00833335
0.00833335
0.00833335
0.00833335
0.00833335
0.00833335
0.00833335
0.00836173
0.00736893
0.0081809
0.00725949
0.00850345
0.00830066
0.00841491
0.00833648
0.00834082
0.00820399
0.00845358
0.00785206
0.0087
0.00853671
0.00833305
0.00831625
0.00834057
0.00808729
0.00840294
0.00827981
0.00840896
0.0083275
0.00826896
0.00843903
0.00833265
0.00805202
0.00830558
0.00833329
0.00832601
0.0001
0.0001
0.0001
0.0001
0.0001
0.0001
0.0001
0.0001
0.00833335
0.00833335
0.00833335
0.00833335
0.00833335
0.00833335
0.00833335
0.00833335
0.00833335
0.00833335
0.00833335
0.00833335
0.00833335
0.00833335
0.00833335
0.00833335
0.00833335
0.00833335
0.00833335
0.00833335
0.00833335
0.00833335
0.00833335
0.00833335
0.00833335
0.00833335
0.00833335
0.00833335
0.00833335
0.00833335
0.00833335
0.00833335
0.00833335
0.00833335
0.00833335
0.00833335
0.00833335
0.00833335
0.00833335
0.00833335
0.00833335
0.00833335
0.00833335
0.00833335
0.00833335
0.00833335
0.00833335
0.00833335
0.00833335
0.00833335
0.00833335
0.00833335
0.00833335
0.00833335
0.00833335
0.00833335
0.00833335
0.00833335
0.00833338
0.00833243
0.00834455
0.01
0.00481464
0.00832395
0.00885473
0.00704378
0.01
0.00734327
0.00838044
0.00971979
0.00739981
0.00570435
0.01
0.0054074
0.00995068
0.00755294
0.01
0.00505786
0.00810692
0.00833336
0.00818232
0.00845906
0.00833766
0.00832997
0.00831242
0.00933193
0.00857243
0.008938
0.00828665
0.01
0.00833258
0.0001
0.0001
0.00812989
0.00608051
0.00833335
0.00833335
0.00833335
0.00833335
0.00833335
0.00833335
0.00833335
0.00833335
0.00833335
0.00833335
0.00833335
0.00833335
0.00833335
0.00833335
0.00833335
0.00833335
0.00833335
0.00833335
0.00833335
0.00833335
0.00833335
0.00833335
0.00833335
0.00833335
0.00833335
0.00833335
0.00833335
0.00833335
0.00833335
0.00833335
0.00833335
0.00833335
0.00833335
0.00833335
0.00833335
0.00833335
0.00833335
0.00833335
0.00833335
0.00833335
0.00833335
0.00833335
0.00833335
0.00833335
0.00833335
0.00833335
0.00833335
0.00833335
0.00833335
0.00833335
0.00833335
0.00833335
0.00833335
0.00833335
0.00833335
0.00833335
0.00833335
0.00833335
0.00833335
0.00833328
0.00833325
0.00832134
0.01
0.00828724
0.00829401
0.00833357
0.00837357
0.00857806
0.00792446
0.00844546
0.00841285
0.00823659
0.00829728
0.00829693
0.00832761
0.0081524
0.00773267
0.00766398
0.00965171
0.00838218
0.00833335
0.00833318
0.00833334
0.008333
0.00834405
0.00832718
0.00785279
0.00832211
0.00822985
0.00748092
0.00973812
0.0078744
0.00789099
0.0091518
0.00783715
0.00870245
0.00826067
0.00833335
0.00833335
0.00833335
0.00833335
0.00833335
0.00833335
0.00833335
0.00833335
0.00833335
0.00833335
0.00833335
0.00833335
0.00833335
0.00833335
0.00833335
0.00833335
0.00833335
0.00833335
0.00833335
0.00833335
0.00833335
0.00833335
0.00833335
0.00833335
0.00833335
0.00833335
0.00833335
0.00833335
0.00833335
0.00833335
0.00833335
0.00833335
0.00833335
0.00833335
0.00833335
0.00833335
0.00833335
0.00833335
0.00833335
0.00833335
0.00833335
0.00833335
0.00833335
0.00833335
0.00833335
0.00833335
0.00833335
0.00833335
0.00833335
0.00833335
0.00833335
0.00833335
0.00833335
0.00833335
0.00833335
0.00833335
0.00833336
0.00833331
0.00833386
0.00833335
0.00873366
0.01
0.00654972
0.01
0.00938449
0.00778498
0.00775992
0.00865093
0.00584605
0.01
0.00753373
0.01
0.00826214
0.00825803
0.00915791
0.00723894
0.00874946
0.00843447
0.00863445
0.0074765
0.00780121
0.01
0.00759952
0.00799615
0.00870198
0.00818318
0.00832649
0.00841423
0.0082757
0.00842493
0.0083355
0.00833026
0.00841933
0.00826171
0.00673199
0.00837316
0.00833335
0.00833335
0.00833335
0.00833335
0.00833335
0.00833335
0.00833335
0.00833335
0.00833335
0.00833335
0.00833335
0.00833335
0.00833335
0.00833335
0.00833335
0.00833335
0.00833335
0.00833335
0.00833335
0.00833335
0.00833335
0.00833335
0.00833335
0.00833335
0.00833335
0.00833335
0.00833335
0.00833335
0.00833335
0.00833335
0.00833335
0.00833335
0.00833335
0.00833335
0.00833335
0.00833335
0.00833335
0.00833335
0.00833335
0.00833335
0.00833335
0.00833335
0.00833335
0.00833335
0.00833335
0.00833335
0.00833335
0.00833335
0.00833335
0.00833335
0.00833335
0.00833335
0.00833335
0.00833335
0.00833335
0.00833335
0.00833335
0.00833336
0.00833315
0.00833334
0.00833317
0.00882194
0.00760744
0.00865717
0.0097172
0.00727109
0.0081834
0.00832464
0.00843536
0.00809701
0.00835597
0.00831955
0.00834851
0.00833374
0.00837339
0.00833496
0.00834618
0.00831669
0.00836145
0.00830772
0.0001
0.0001
0.0001
0.0001
0.0001
0.0001
0.0001
0.0001
0.0001
0.0001
0.0001
0.0001
0.0001
0.0001
0.0001
0.0001
0.00833335
0.00833335
0.00833335
0.00833335
0.00833335
0.00833335
0.00833335
0.00833335
0.00833335
0.00833335
0.00833335
0.00833335
0.00833335
0.00833335
0.00833335
0.00833335
0.00833335
0.00833335
0.00833335
0.00833335
0.00833335
0.00833335
0.00833335
0.00833335
0.00833335
0.00833335
0.00833335
0.00833335
0.00833335
0.00833335
0.00833335
0.00833335
0.00833335
0.00833335
0.00833335
0.00833335
0.00833335
0.00833335
0.00833335
0.00833335
0.00833335
0.00833335
0.00833335
0.00833335
0.00833335
0.00833335
0.00833335
0.00833335
0.00833335
0.00833335
0.00833335
0.00833335
0.00833335
0.00833335
0.00833335
0.00833335
0.00833335
0.00833358
0.00832332
0.00833358
0.00833339
0.0083316
0.00831567
0.00832182
0.00833926
0.00833335
0.00833389
0.00833265
0.00826793
0.00816493
0.00819996
0.00833383
0.00833262
0.00840117
0.0001
0.0001
0.0001
0.0001
0.0001
0.0001
0.0001
0.0001
0.0001
0.0001
0.0001
0.0001
0.0001
0.0001
0.0001
0.0001
0.0001
0.0001
0.0001
0.0001
0.0001
0.0001
0.00833335
0.00833335
0.00833335
0.00833335
0.00833335
0.00833335
0.00833335
0.00833335
0.00833335
0.00833335
0.00833335
0.00833335
0.00833335
0.00833335
0.00833335
0.00833335
0.00833335
0.00833335
0.00833335
0.00833335
0.00833335
0.00833335
0.00833335
0.00833335
0.00833335
0.00833335
0.00833335
0.00833335
0.00833335
0.00833335
0.00833335
0.00833335
0.00833335
0.00833335
0.00833335
0.00833335
0.00833335
0.00833335
0.00833335
0.00833335
0.00833335
0.00833335
0.00833335
0.00833335
0.00833335
0.00833335
0.00833335
0.00833335
0.00833335
0.00833335
0.00833335
0.00833335
0.00833335
0.00833335
0.00833335
0.00833335
0.00833335
0.00833334
0.00833363
0.00834181
0.00833162
0.00872782
0.0001
0.0001
0.0001
0.0001
0.0001
0.0001
0.0001
0.0001
0.0001
0.0001
0.0001
0.0001
0.0001
0.0001
0.0001
0.0001
0.0001
0.0001
0.0001
0.0001
0.0001
0.0001
0.0001
0.0001
0.0001
0.0001
0.0001
0.0001
0.0001
0.0001
0.0001
0.0001
0.0001
0.0001
0.00833335
0.00833335
0.00833335
0.00833335
0.00833335
0.00833335
0.00833335
0.00833335
0.00833335
0.00833335
0.00833335
0.00833335
0.00833335
0.00833335
0.00833335
0.00833335
0.00833335
0.00833335
0.00833335
0.00833335
0.00833335
0.00833335
0.00833335
0.00833335
0.00833335
0.00833335
0.00833335
0.00833335
0.00833335
0.00833335
0.00833335
0.00833335
0.00833335
0.00833335
0.00833335
0.00833335
0.00833335
0.00833335
0.00833335
0.00833335
0.00833335
0.00833335
0.00833335
0.00833335
0.00833335
0.00833335
0.00833335
0.00833335
0.00833335
0.00833335
0.00833335
0.00833335
0.00833335
0.00833335
0.00833335
0.00833335
0.00833335
0.00833335
0.00833334
0.00833527
0.00833335
0.00833336
0.0001
0.0001
0.0001
0.0001
0.0001
0.0001
0.0001
0.0001
0.0001
0.0001
0.0001
0.0001
0.0001
0.0001
0.0001
0.0001
0.0001
0.0001
0.0001
0.0001
0.0001
0.0001
0.0001
0.0001
0.0001
0.0001
0.0001
0.0001
0.0001
0.0001
0.0001
0.0001
0.0001
0.0001
0.00833335
0.00833335
0.00833335
0.00833335
0.00833335
0.00833335
0.00833335
0.00833335
0.00833335
0.00833335
0.00833335
0.00833335
0.00833335
0.00833335
0.00833335
0.00833335
0.00833335
0.00833335
0.00833335
0.00833335
0.00833335
0.00833335
0.00833335
0.00833335
0.00833335
0.00833335
0.00833335
0.00833335
0.00833335
0.00833335
0.00833335
0.00833335
0.00833335
0.00833335
0.00833335
0.00833335
0.00833335
0.00833335
0.00833335
0.00833335
0.00833335
0.00833335
0.00833335
0.00833335
0.00833335
0.00833335
0.00833335
0.00833335
0.00833335
0.00833335
0.00833335
0.00833335
0.00833335
0.00833335
0.00833335
0.00833335
0.00833335
0.00833335
0.00833335
0.00833178
0.00833304
0.0083334
0.0001
0.0001
0.0001
0.0001
0.0001
0.0001
0.0001
0.0001
0.0001
0.0001
0.0001
0.0001
0.0001
0.0001
0.0001
0.0001
0.0001
0.0001
0.0001
0.0001
0.0001
0.0001
0.0001
0.0001
0.0001
0.0001
0.0001
0.0001
0.0001
0.0001
0.0001
0.0001
0.0001
0.0001
0.00833335
0.00833335
0.00833335
0.00833335
0.00833335
0.00833335
0.00833335
0.00833335
0.00833335
0.00833335
0.00833335
0.00833335
0.00833335
0.00833335
0.00833335
0.00833335
0.00833335
0.00833335
0.00833335
0.00833335
0.00833335
0.00833335
0.00833335
0.00833335
0.00833335
0.00833335
0.00833335
0.00833335
0.00833335
0.00833335
0.00833335
0.00833335
0.00833335
0.00833335
0.00833335
0.00833335
0.00833335
0.00833335
0.00833335
0.00833335
0.00833335
0.00833335
0.00833335
0.00833335
0.00833335
0.00833335
0.00833335
0.00833335
0.00833335
0.00833335
0.00833335
0.00833335
0.00833335
0.00833335
0.00833335
0.00833335
0.00833335
0.00833335
0.00833294
0.00830292
0.00912406
0.00761229
0.0001
0.0001
0.0001
0.0001
0.0001
0.0001
0.0001
0.0001
0.0001
0.0001
0.0001
0.0001
0.0001
0.0001
0.0001
0.0001
0.0001
0.0001
0.0001
0.0001
0.0001
0.0001
0.0001
0.0001
0.0001
0.0001
0.0001
0.0001
0.0001
0.0001
0.0001
0.0001
0.0001
0.0001
0.00833335
0.00833335
0.00833335
0.00833335
0.00833335
0.00833335
0.00833335
0.00833335
0.00833335
0.00833335
0.00833335
0.00833335
0.00833335
0.00833335
0.00833335
0.00833335
0.00833335
0.00833335
0.00833335
0.00833335
0.00833335
0.00833335
0.00833335
0.00833335
0.00833335
0.00833335
0.00833335
0.00833335
0.00833335
0.00833335
0.00833335
0.00833335
0.00833335
0.00833335
0.00833335
0.00833335
0.00833335
0.00833335
0.00833335
0.00833335
0.00833335
0.00833335
0.00833335
0.00833335
0.00833335
0.00833335
0.00833335
0.00833335
0.00833335
0.00833335
0.00833335
0.00833335
0.00833335
0.00833335
0.00833335
0.00833335
0.00833335
0.00833335
0.00833329
0.00833335
0.00833969
0.00833305
0.0001
0.0001
0.0001
0.0001
0.0001
0.0001
0.0001
0.0001
0.0001
0.0001
0.0001
0.0001
0.0001
0.0001
0.0001
0.0001
0.0001
0.0001
0.0001
0.0001
0.0001
0.0001
0.0001
0.0001
0.0001
0.0001
0.0001
0.0001
0.0001
0.0001
0.0001
0.0001
0.0001
0.0001
0.00833335
0.00833335
0.00833335
0.00833335
0.00833335
0.00833335
0.00833335
0.00833335
0.00833335
0.00833335
0.00833335
0.00833335
0.00833335
0.00833335
0.00833335
0.00833335
0.00833335
0.00833335
0.00833335
0.00833335
0.00833335
0.00833335
0.00833335
0.00833335
0.00833335
0.00833335
0.00833335
0.00833335
0.00833335
0.00833335
0.00833335
0.00833335
0.00833335
0.00833335
0.00833335
0.00833335
0.00833335
0.00833335
0.00833335
0.00833335
0.00833335
0.00833335
0.00833335
0.00833335
0.00833335
0.00833335
0.00833335
0.00833335
0.00833335
0.00833335
0.00833335
0.00833335
0.00833335
0.00833335
0.00833335
0.00833335
0.00833335
0.00833294
0.00833352
0.00833191
0.00833404
0.00833344
0.0001
0.0001
0.0001
0.0001
0.0001
0.0001
0.0001
0.0001
0.0001
0.0001
0.0001
0.0001
0.0001
0.0001
0.0001
0.0001
0.0001
0.0001
0.0001
0.0001
0.0001
0.0001
0.0001
0.0001
0.0001
0.0001
0.0001
0.0001
0.0001
0.0001
0.0001
0.0001
0.0001
0.0001
0.00833335
0.00833335
0.00833335
0.00833335
0.00833335
0.00833335
0.00833335
0.00833335
0.00833335
0.00833335
0.00833335
0.00833335
0.00833335
0.00833335
0.00833335
0.00833335
0.00833335
0.00833335
0.00833335
0.00833335
0.00833335
0.00833335
0.00833335
0.00833335
0.00833335
0.00833335
0.00833335
0.00833335
0.00833335
0.00833335
0.00833335
0.00833335
0.00833335
0.00833335
0.00833335
0.00833335
0.00833335
0.00833335
0.00833335
0.00833335
0.00833335
0.00833335
0.00833335
0.00833335
0.00833335
0.00833335
0.00833335
0.00833335
0.00833335
0.00833335
0.00833335
0.00833335
0.00833335
0.00833335
0.00833335
0.00833335
0.00833335
0.00833334
0.00833356
0.00833334
0.00833815
0.008333
0.0001
0.0001
0.0001
0.0001
0.0001
0.0001
0.0001
0.0001
0.0001
0.0001
0.0001
0.0001
0.0001
0.0001
0.0001
0.0001
0.0001
0.0001
0.0001
0.0001
0.0001
0.0001
0.0001
0.0001
0.0001
0.0001
0.0001
0.0001
0.0001
0.0001
0.0001
0.0001
0.0001
0.0001
0.00833335
0.00833335
0.00833335
0.00833335
0.00833335
0.00833335
0.00833335
0.00833335
0.00833335
0.00833335
0.00833335
0.00833335
0.00833335
0.00833335
0.00833335
0.00833335
0.00833335
0.00833335
0.00833335
0.00833335
0.00833335
0.00833335
0.00833335
0.00833335
0.00833335
0.00833335
0.00833335
0.00833335
0.00833335
0.00833335
0.00833335
0.00833335
0.00833335
0.00833335
0.00833335
0.00833335
0.00833335
0.00833335
0.00833335
0.00833335
0.00833335
0.00833335
0.00833335
0.00833335
0.00833335
0.00833335
0.00833335
0.00833335
0.00833335
0.00833335
0.00833335
0.00833335
0.00833335
0.00833335
0.00833335
0.00833335
0.00833335
0.00833335
0.00833648
0.00832999
0.00833247
0.00834952
0.00833335
0.0001
0.0001
0.0001
0.0001
0.0001
0.0001
0.0001
0.0001
0.0001
0.0001
0.0001
0.0001
0.0001
0.0001
0.0001
0.0001
0.0001
0.0001
0.0001
0.0001
0.0001
0.0001
0.0001
0.0001
0.0001
0.0001
0.0001
0.0001
0.0001
0.0001
0.0001
0.0001
0.0001
0.00833335
0.00833335
0.00833335
0.00833335
0.00833335
0.00833335
0.00833335
0.00833335
0.00833335
0.00833335
0.00833335
0.00833335
0.00833335
0.00833335
0.00833335
0.00833335
0.00833335
0.00833335
0.00833335
0.00833335
0.00833335
0.00833335
0.00833335
0.00833335
0.00833335
0.00833335
0.00833335
0.00833335
0.00833335
0.00833335
0.00833335
0.00833335
0.00833335
0.00833335
0.00833335
0.00833335
0.00833335
0.00833335
0.00833335
0.00833335
0.00833335
0.00833335
0.00833335
0.00833335
0.00833335
0.00833335
0.00833335
0.00833335
0.00833335
0.00833335
0.00833335
0.00833335
0.00833335
0.00833335
0.00833335
0.00833335
0.00833335
0.00833335
0.00833335
0.00835512
0.00737449
0.01
0.00836557
0.0001
0.0001
0.0001
0.0001
0.0001
0.0001
0.0001
0.0001
0.0001
0.0001
0.0001
0.0001
0.0001
0.0001
0.0001
0.0001
0.0001
0.0001
0.0001
0.0001
0.0001
0.0001
0.0001
0.0001
0.0001
0.0001
0.0001
0.0001
0.0001
0.0001
0.0001
0.0001
0.0001
0.00833335
0.00833335
0.00833335
0.00833335
0.00833335
0.00833335
0.00833335
0.00833335
0.00833335
0.00833335
0.00833335
0.00833335
0.00833335
0.00833335
0.00833335
0.00833335
0.00833335
0.00833335
0.00833335
0.00833335
0.00833335
0.00833335
0.00833335
0.00833335
0.00833335
0.00833335
0.00833335
0.00833335
0.00833335
0.00833335
0.00833335
0.00833335
0.00833335
0.00833335
0.00833335
0.00833335
0.00833335
0.00833335
0.00833335
0.00833335
0.00833335
0.00833335
0.00833335
0.00833335
0.00833335
0.00833335
0.00833335
0.00833335
0.00833335
0.00833335
0.00833335
0.00833335
0.00833335
0.00833335
0.00833335
0.00833335
0.00833335
0.00833335
0.00833334
0.00834031
0.00742298
0.01
0.00816193
0.00836792
0.00819888
0.00833194
0.00833142
0.00832994
0.00838953
0.00863462
0.00832628
0.00829263
0.00837679
0.00833192
0.00833809
0.00833925
0.00833623
0.0082695
0.00843003
0.00833088
0.00833304
0.0083326
0.008377
0.00832976
0.0084121
0.0001
0.0001
0.0001
0.0001
0.0001
0.0001
0.0001
0.0001
0.0001
0.0001
0.0001
0.00833335
0.00833335
0.00833335
0.00833335
0.00833335
0.00833335
0.00833335
0.00833335
0.00833335
0.00833335
0.00833335
0.00833335
0.00833335
0.00833335
0.00833335
0.00833335
0.00833335
0.00833335
0.00833335
0.00833335
0.00833335
0.00833335
0.00833335
0.00833335
0.00833335
0.00833335
0.00833335
0.00833335
0.00833335
0.00833335
0.00833335
0.00833335
0.00833335
0.00833335
0.00833335
0.00833335
0.00833335
0.00833335
0.00833335
0.00833335
0.00833335
0.00833335
0.00833335
0.00833335
0.00833335
0.00833335
0.00833335
0.00833335
0.00833335
0.00833335
0.00833335
0.00833335
0.00833335
0.00833335
0.00833335
0.00833335
0.00833335
0.00833335
0.00833339
0.00832743
0.00956615
0.00814573
0.00833412
0.01
0.00762315
0.00813293
0.00470375
0.00881282
0.00819742
0.00818619
0.00824819
0.0073564
0.00920298
0.0083599
0.00834083
0.01
0.00619036
0.00936543
0.00712629
0.00875439
0.00888652
0.00834192
0.00536716
0.00817694
0.00671365
0.00960063
0.01
0.01
0.01
0.00527364
0.0001
0.0001
0.0001
0.0001
0.0001
0.0001
0.00833335
0.00833335
0.00833335
0.00833335
0.00833335
0.00833335
0.00833335
0.00833335
0.00833335
0.00833335
0.00833335
0.00833335
0.00833335
0.00833335
0.00833335
0.00833335
0.00833335
0.00833335
0.00833335
0.00833335
0.00833335
0.00833335
0.00833335
0.00833335
0.00833335
0.00833335
0.00833335
0.00833335
0.00833335
0.00833335
0.00833335
0.00833335
0.00833335
0.00833335
0.00833335
0.00833335
0.00833335
0.00833335
0.00833335
0.00833335
0.00833335
0.00833335
0.00833335
0.00833335
0.00833335
0.00833335
0.00833335
0.00833335
0.00833335
0.00833335
0.00833335
0.00833335
0.00833335
0.00833335
0.00833335
0.00833335
0.00833335
0.00833335
0.00833335
0.00828547
0.00915599
0.0083659
0.00837246
0.00833598
0.00835773
0.00833389
0.00833574
0.00827052
0.00811793
0.00901239
0.00816595
0.00846585
0.00811063
0.00879116
0.00793509
0.00833258
0.0083356
0.00833978
0.00833443
0.00832495
0.00830587
0.00833868
0.00843763
0.00834526
0.00841702
0.00834154
0.00832829
0.00832157
0.00963214
0.0046854
0.01
0.00775338
0.00833271
0.008434
0.00833599
0.00833345
0.00833335
0.00833335
0.00833335
0.00833335
0.00833335
0.00833335
0.00833335
0.00833335
0.00833335
0.00833335
0.00833335
0.00833335
0.00833335
0.00833335
0.00833335
0.00833335
0.00833335
0.00833335
0.00833335
0.00833335
0.00833335
0.00833335
0.00833335
0.00833335
0.00833335
0.00833335
0.00833335
0.00833335
0.00833335
0.00833335
0.00833335
0.00833335
0.00833335
0.00833335
0.00833335
0.00833335
0.00833335
0.00833335
0.00833335
0.00833335
0.00833335
0.00833335
0.00833335
0.00833335
0.00833335
0.00833335
0.00833335
0.00833335
0.00833335
0.00833335
0.00833335
0.00833335
0.00833335
0.00833335
0.00833335
0.00833335
0.00833335
0.00833333
0.00833338
0.0082984
0.00941257
0.01
0.00773182
0.00845962
0.00802056
0.00845971
0.00838974
0.00822602
0.00832391
0.00842334
0.0082659
0.00838138
0.00831669
0.008335
0.00833143
0.00833403
0.00833375
0.00857198
0.00864945
0.00833189
0.00831053
0.00841423
0.00835122
0.00835859
0.00851636
0.00848502
0.00824791
0.00826843
0.00861179
0.00832621
0.00834322
0.00835649
0.00841823
0.00818948
0.00836583
0.00833334
0.00833335
0.00833335
0.00833335
0.00833335
0.00833335
0.00833335
0.00833335
0.00833335
0.00833335
0.00833335
0.00833335
0.00833335
0.00833335
0.00833335
0.00833335
0.00833335
0.00833335
0.00833335
0.00833335
0.00833335
0.00833335
0.00833335
0.00833335
0.00833335
0.00833335
0.00833335
0.00833335
0.00833335
0.00833335
0.00833335
0.00833335
0.00833335
0.00833335
0.00833335
0.00833335
0.00833335
0.00833335
0.00833335
0.00833335
0.00833335
0.00833335
0.00833335
0.00833335
0.00833335
0.00833335
0.00833335
0.00833335
0.00833335
0.00833335
0.00833335
0.00833335
0.00833335
0.00833335
0.00833335
0.00833335
0.00833335
0.00833335
0.0083333
0.00833246
0.00833321
0.00696425
0.00936534
0.00833202
0.00799158
0.00827701
0.00834024
0.00836536
0.00832269
0.00833082
0.00829096
0.00837255
0.00830892
0.00832133
0.00835241
0.0083506
0.00839798
0.00834816
0.00829653
0.01
0.00769088
0.00833185
0.00832363
0.00845737
0.00833289
0.00816696
0.00723835
0.00982788
0.00752681
0.00960388
0.00822069
0.00819294
0.00847392
0.00831944
0.00833335
0.00833305
0.00833335
0.00833335
0.00833335
0.00833335
0.00833335
0.00833335
0.00833335
0.00833335
0.00833335
0.00833335
0.00833335
0.00833335
0.00833335
0.00833335
0.00833335
0.00833335
0.00833335
0.00833335
0.00833335
0.00833335
0.00833335
0.00833335
0.00833335
0.00833335
0.00833335
0.00833335
0.00833335
0.00833335
0.00833335
0.00833335
0.00833335
0.00833335
0.00833335
0.00833335
0.00833335
0.00833335
0.00833335
0.00833335
0.00833335
0.00833335
0.00833335
0.00833335
0.00833335
0.00833335
0.00833335
0.00833335
0.00833335
0.00833335
0.00833335
0.00833335
0.00833335
0.00833335
0.00833335
0.00833335
0.00833335
0.00833335
0.00833335
0.00833335
0.00833335
0.00833334
0.00833332
0.00859505
0.00848501
0.00832819
0.00832813
0.00825443
0.00822717
0.00848552
0.00843323
0.0069383
0.00923427
0.00791034
0.00734493
0.00924849
0.00831385
0.00778265
0.0083136
0.00835009
0.00831642
0.00833274
0.00806047
0.00833352
0.00822569
0.00862153
0.00833334
0.00833816
0.00843055
0.0082936
0.0001
0.0001
0.0001
0.0001
0.0001
0.0001
0.0001
0.0001
0.0001
0.00833335
0.00833335
0.00833335
0.00833335
0.00833335
0.00833335
0.00833335
0.00833335
0.00833335
0.00833335
0.00833335
0.00833335
0.00833335
0.00833335
0.00833335
0.00833335
0.00833335
0.00833335
0.00833335
0.00833335
0.00833335
0.00833335
0.00833335
0.00833335
0.00833335
0.00833335
0.00833335
0.00833335
0.00833335
0.00833335
0.00833335
0.00833335
0.00833335
0.00833335
0.00833335
0.00833335
0.00833335
0.00833335
0.00833335
0.00833335
0.00833335
0.00833335
0.00833335
0.00833335
0.00833335
0.00833335
0.00833335
0.00833335
0.00833335
0.00833335
0.00833335
0.00833335
0.00833335
0.00833335
0.00833335
0.00833335
0.00833335
0.00833335
0.00833318
0.00833334
0.00832176
0.0001
0.00858432
0.00833721
0.00832944
0.00832822
0.00832932
0.00833648
0.0001
0.0001
0.0001
0.0001
0.0001
0.0001
0.0001
0.0001
0.0001
0.0001
0.0001
0.0001
0.0001
0.0001
0.0001
0.0001
0.0001
0.0001
0.0001
0.0001
0.0001
0.0001
0.0001
0.0001
0.0001
0.0001
0.0001
0.0001
0.00833335
0.00833335
0.00833335
0.00833335
0.00833335
0.00833335
0.00833335
0.00833335
0.00833335
0.00833335
0.00833335
0.00833335
0.00833335
0.00833335
0.00833335
0.00833335
0.00833335
0.00833335
0.00833335
0.00833335
0.00833335
0.00833335
0.00833335
0.00833335
0.00833335
0.00833335
0.00833335
0.00833335
0.00833335
0.00833335
0.00833335
0.00833335
0.00833335
0.00833335
0.00833335
0.00833335
0.00833335
0.00833335
0.00833335
0.00833335
0.00833335
0.00833335
0.00833335
0.00833335
0.00833335
0.00833335
0.00833335
0.00833335
0.00833335
0.00833335
0.00833335
0.00833335
0.00833335
0.00833335
0.00833335
0.00833335
0.00833335
0.00833335
0.00833475
0.008332
0.00848667
0.0001
0.00833287
0.0001
0.0001
0.0001
0.0001
0.0001
0.0001
0.0001
0.0001
0.0001
0.0001
0.0001
0.0001
0.0001
0.0001
0.0001
0.0001
0.0001
0.0001
0.0001
0.0001
0.0001
0.0001
0.0001
0.0001
0.0001
0.0001
0.0001
0.0001
0.0001
0.0001
0.0001
0.0001
0.0001
0.00833335
0.00833335
0.00833335
0.00833335
0.00833335
0.00833335
0.00833335
0.00833335
0.00833335
0.00833335
0.00833335
0.00833335
0.00833335
0.00833335
0.00833335
0.00833335
0.00833335
0.00833335
0.00833335
0.00833335
0.00833335
0.00833335
0.00833335
0.00833335
0.00833335
0.00833335
0.00833335
0.00833335
0.00833335
0.00833335
0.00833335
0.00833335
0.00833335
0.00833335
0.00833335
0.00833335
0.00833335
0.00833335
0.00833335
0.00833335
0.00833335
0.00833335
0.00833335
0.00833335
0.00833335
0.00833335
0.00833335
0.00833335
0.00833335
0.00833335
0.00833335
0.00833335
0.00833335
0.00833335
0.00833335
0.00833335
0.00833335
0.00833335
0.00833332
0.00832537
0.00849383
0.0001
0.0001
0.0001
0.0001
0.0001
0.0001
0.0001
0.0001
0.0001
0.0001
0.0001
0.0001
0.0001
0.0001
0.0001
0.0001
0.0001
0.0001
0.0001
0.0001
0.0001
0.0001
0.0001
0.0001
0.0001
0.0001
0.0001
0.0001
0.0001
0.0001
0.0001
0.0001
0.0001
0.0001
0.0001
0.00833335
0.00833335
0.00833335
0.00833335
0.00833335
0.00833335
0.00833335
0.00833335
0.00833335
0.00833335
0.00833335
0.00833335
0.00833335
0.00833335
0.00833335
0.00833335
0.00833335
0.00833335
0.00833335
0.00833335
0.00833335
0.00833335
0.00833335
0.00833335
0.00833335
0.00833335
0.00833335
0.00833335
0.00833335
0.00833335
0.00833335
0.00833335
0.00833335
0.00833335
0.00833335
0.00833335
0.00833335
0.00833335
0.00833335
0.00833335
0.00833335
0.00833335
0.00833335
0.00833335
0.00833335
0.00833335
0.00833335
0.00833335
0.00833335
0.00833335
0.00833335
0.00833335
0.00833335
0.00833335
0.00833335
0.00833335
0.00833335
0.00833335
0.00833363
0.00833985
0.00817549
0.0001
0.0001
0.0001
0.0001
0.0001
0.0001
0.0001
0.0001
0.0001
0.0001
0.0001
0.0001
0.0001
0.0001
0.0001
0.0001
0.0001
0.0001
0.0001
0.0001
0.0001
0.0001
0.0001
0.0001
0.0001
0.0001
0.0001
0.0001
0.0001
0.0001
0.0001
0.0001
0.0001
0.0001
0.0001
0.00833335
0.00833335
0.00833335
0.00833335
0.00833335
0.00833335
0.00833335
0.00833335
0.00833335
0.00833335
0.00833335
0.00833335
0.00833335
0.00833335
0.00833335
0.00833335
0.00833335
0.00833335
0.00833335
0.00833335
0.00833335
0.00833335
0.00833335
0.00833335
0.00833335
0.00833335
0.00833335
0.00833335
0.00833335
0.00833335
0.00833335
0.00833335
0.00833335
0.00833335
0.00833335
0.00833335
0.00833335
0.00833335
0.00833335
0.00833335
0.00833335
0.00833335
0.00833335
0.00833335
0.00833335
0.00833335
0.00833335
0.00833335
0.00833335
0.00833335
0.00833335
0.00833335
0.00833335
0.00833335
0.00833335
0.00833335
0.00833335
0.00833316
0.00832076
0.00839053
0.00780649
0.00833334
0.0001
0.0001
0.0001
0.0001
0.0001
0.0001
0.0001
0.0001
0.0001
0.0001
0.0001
0.0001
0.0001
0.0001
0.0001
0.0001
0.0001
0.0001
0.0001
0.0001
0.0001
0.0001
0.0001
0.0001
0.0001
0.0001
0.0001
0.0001
0.0001
0.0001
0.0001
0.0001
0.0001
0.0001
0.00833335
0.00833335
0.00833335
0.00833335
0.00833335
0.00833335
0.00833335
0.00833335
0.00833335
0.00833335
0.00833335
0.00833335
0.00833335
0.00833335
0.00833335
0.00833335
0.00833335
0.00833335
0.00833335
0.00833335
0.00833335
0.00833335
0.00833335
0.00833335
0.00833335
0.00833335
0.00833335
0.00833335
0.00833335
0.00833335
0.00833335
0.00833335
0.00833335
0.00833335
0.00833335
0.00833335
0.00833335
0.00833335
0.00833335
0.00833335
0.00833335
0.00833335
0.00833335
0.00833335
0.00833335
0.00833335
0.00833335
0.00833335
0.00833335
0.00833335
0.00833335
0.00833335
0.00833335
0.00833335
0.00833335
0.00833335
0.00833335
0.00833335
0.00833322
0.00833334
0.00833329
0.00833325
0.0001
0.0001
0.0001
0.0001
0.0001
0.0001
0.0001
0.0001
0.0001
0.0001
0.0001
0.0001
0.0001
0.0001
0.0001
0.0001
0.0001
0.0001
0.0001
0.0001
0.0001
0.0001
0.0001
0.0001
0.0001
0.0001
0.0001
0.0001
0.0001
0.0001
0.0001
0.0001
0.0001
0.0001
0.00833335
0.00833335
0.00833335
0.00833335
0.00833335
0.00833335
0.00833335
0.00833335
0.00833335
0.00833335
0.00833335
0.00833335
0.00833335
0.00833335
0.00833335
0.00833335
0.00833335
0.00833335
0.00833335
0.00833335
0.00833335
0.00833335
0.00833335
0.00833335
0.00833335
0.00833335
0.00833335
0.00833335
0.00833335
0.00833335
0.00833335
0.00833335
0.00833335
0.00833335
0.00833335
0.00833335
0.00833335
0.00833335
0.00833335
0.00833335
0.00833335
0.00833335
0.00833335
0.00833335
0.00833335
0.00833335
0.00833335
0.00833335
0.00833335
0.00833335
0.00833335
0.00833335
0.00833335
0.00833335
0.00833335
0.00833335
0.00833335
0.00833335
0.0083334
0.00833336
0.00834409
0.00914919
0.00833335
0.0001
0.0001
0.0001
0.0001
0.0001
0.0001
0.0001
0.0001
0.0001
0.0001
0.0001
0.0001
0.0001
0.0001
0.0001
0.0001
0.0001
0.0001
0.0001
0.0001
0.0001
0.0001
0.0001
0.0001
0.0001
0.0001
0.0001
0.0001
0.0001
0.0001
0.0001
0.0001
0.0001
0.00833335
0.00833335
0.00833335
0.00833335
0.00833335
0.00833335
0.00833335
0.00833335
0.00833335
0.00833335
0.00833335
0.00833335
0.00833335
0.00833335
0.00833335
0.00833335
0.00833335
0.00833335
0.00833335
0.00833335
0.00833335
0.00833335
0.00833335
0.00833335
0.00833335
0.00833335
0.00833335
0.00833335
0.00833335
0.00833335
0.00833335
0.00833335
0.00833335
0.00833335
0.00833335
0.00833335
0.00833335
0.00833335
0.00833335
0.00833335
0.00833335
0.00833335
0.00833335
0.00833335
0.00833335
0.00833335
0.00833335
0.00833335
0.00833335
0.00833335
0.00833335
0.00833335
0.00833335
0.00833335
0.00833335
0.00833335
0.00833335
0.00833335
0.00833314
0.00833443
0.00830848
0.00776103
0.0001
0.0001
0.0001
0.0001
0.0001
0.0001
0.0001
0.0001
0.0001
0.0001
0.0001
0.0001
0.0001
0.0001
0.0001
0.0001
0.0001
0.0001
0.0001
0.0001
0.0001
0.0001
0.0001
0.0001
0.0001
0.0001
0.0001
0.0001
0.0001
0.0001
0.0001
0.0001
0.0001
0.0001
0.00833335
0.00833335
0.00833335
0.00833335
0.00833335
0.00833335
0.00833335
0.00833335
0.00833335
0.00833335
0.00833335
0.00833335
0.00833335
0.00833335
0.00833335
0.00833335
0.00833335
0.00833335
0.00833335
0.00833335
0.00833335
0.00833335
0.00833335
0.00833335
0.00833335
0.00833335
0.00833335
0.00833335
0.00833335
0.00833335
0.00833335
0.00833335
0.00833335
0.00833335
0.00833335
0.00833335
0.00833335
0.00833335
0.00833335
0.00833335
0.00833335
0.00833335
0.00833335
0.00833335
0.00833335
0.00833335
0.00833335
0.00833335
0.00833335
0.00833335
0.00833335
0.00833335
0.00833335
0.00833335
0.00833335
0.00833335
0.00833335
0.00833335
0.00833358
0.00833222
0.00833059
0.00799542
0.0001
0.0001
0.0001
0.0001
0.0001
0.0001
0.0001
0.0001
0.0001
0.0001
0.0001
0.0001
0.0001
0.0001
0.0001
0.0001
0.0001
0.0001
0.0001
0.0001
0.0001
0.0001
0.0001
0.0001
0.0001
0.0001
0.0001
0.0001
0.0001
0.0001
0.0001
0.0001
0.0001
0.0001
0.00833335
0.00833335
0.00833335
0.00833335
0.00833335
0.00833335
0.00833335
0.00833335
0.00833335
0.00833335
0.00833335
0.00833335
0.00833335
0.00833335
0.00833335
0.00833335
0.00833335
0.00833335
0.00833335
0.00833335
0.00833335
0.00833335
0.00833335
0.00833335
0.00833335
0.00833335
0.00833335
0.00833335
0.00833335
0.00833335
0.00833335
0.00833335
0.00833335
0.00833335
0.00833335
0.00833335
0.00833335
0.00833335
0.00833335
0.00833335
0.00833335
0.00833335
0.00833335
0.00833335
0.00833335
0.00833335
0.00833335
0.00833335
0.00833335
0.00833335
0.00833335
0.00833335
0.00833335
0.00833335
0.00833335
0.00833335
0.00833335
0.00833335
0.00833325
0.00833321
0.00831189
0.00836906
0.00833334
0.0001
0.0001
0.0001
0.0001
0.0001
0.0001
0.0001
0.0001
0.0001
0.0001
0.0001
0.0001
0.0001
0.0001
0.0001
0.0001
0.0001
0.0001
0.0001
0.0001
0.0001
0.0001
0.0001
0.0001
0.0001
0.0001
0.0001
0.0001
0.0001
0.0001
0.0001
0.0001
0.0001
0.00833335
0.00833335
0.00833335
0.00833335
0.00833335
0.00833335
0.00833335
0.00833335
0.00833335
0.00833335
0.00833335
0.00833335
0.00833335
0.00833335
0.00833335
0.00833335
0.00833335
0.00833335
0.00833335
0.00833335
0.00833335
0.00833335
0.00833335
0.00833335
0.00833335
0.00833335
0.00833335
0.00833335
0.00833335
0.00833335
0.00833335
0.00833335
0.00833335
0.00833335
0.00833335
0.00833335
0.00833335
0.00833335
0.00833335
0.00833335
0.00833335
0.00833335
0.00833335
0.00833335
0.00833335
0.00833335
0.00833335
0.00833335
0.00833335
0.00833335
0.00833335
0.00833335
0.00833335
0.00833335
0.00833335
0.00833335
0.00833335
0.00833335
0.00833287
0.00833716
0.00828625
0.00863389
0.00833705
0.00833899
0.0068816
0.00830737
0.00833178
0.00833335
0.00832939
0.00834086
0.00833408
0.00833233
0.00833357
0.00833473
0.00833183
0.00833338
0.0001
0.0001
0.00833465
0.00833198
0.00833504
0.00833241
0.0001
0.0001
0.0001
0.0001
0.0001
0.0001
0.0001
0.0001
0.0001
0.0001
0.0001
0.0001
0.0001
0.0001
0.00833335
0.00833335
0.00833335
0.00833335
0.00833335
0.00833335
0.00833335
0.00833335
0.00833335
0.00833335
0.00833335
0.00833335
0.00833335
0.00833335
0.00833335
0.00833335
0.00833335
0.00833335
0.00833335
0.00833335
0.00833335
0.00833335
0.00833335
0.00833335
0.00833335
0.00833335
0.00833335
0.00833335
0.00833335
0.00833335
0.00833335
0.00833335
0.00833335
0.00833335
0.00833335
0.00833335
0.00833335
0.00833335
0.00833335
0.00833335
0.00833335
0.00833335
0.00833335
0.00833335
0.00833335
0.00833335
0.00833335
0.00833335
0.00833335
0.00833335
0.00833335
0.00833335
0.00833335
0.00833335
0.00833335
0.00833335
0.00833335
0.00833335
0.00834948
0.00830944
0.00840231
0.00811908
0.008487
0.01
0.00567086
0.00831349
0.00927294
0.00746337
0.00497244
0.00833583
0.008333
0.00847333
0.00824659
0.0083043
0.00834073
0.00848319
0.00815103
0.00844241
0.00825445
0.0083492
0.00832139
0.00719379
0.00794534
0.00863288
0.00965737
0.00834448
0.00833349
0.00764094
0.0083963
0.0001
0.0001
0.0001
0.0001
0.0001
0.0001
0.0001
0.00833335
0.00833335
0.00833335
0.00833335
0.00833335
0.00833335
0.00833335
0.00833335
0.00833335
0.00833335
0.00833335
0.00833335
0.00833335
0.00833335
0.00833335
0.00833335
0.00833335
0.00833335
0.00833335
0.00833335
0.00833335
0.00833335
0.00833335
0.00833335
0.00833335
0.00833335
0.00833335
0.00833335
0.00833335
0.00833335
0.00833335
0.00833335
0.00833335
0.00833335
0.00833335
0.00833335
0.00833335
0.00833335
0.00833335
0.00833335
0.00833335
0.00833335
0.00833335
0.00833335
0.00833335
0.00833335
0.00833335
0.00833335
0.00833335
0.00833335
0.00833335
0.00833335
0.00833335
0.00833335
0.00833335
0.00833335
0.00833335
0.00833334
0.00833323
0.00833387
0.00836464
0.00832672
0.00830507
0.00834394
0.00829734
0.00816922
0.00789188
0.00900935
0.00833662
0.0083661
0.01
0.00528658
0.00844188
0.00864309
0.00883619
0.00777625
0.00833303
0.00834775
0.00839917
0.00822668
0.00936644
0.00581178
0.01
0.0089229
0.00820535
0.00839767
0.00879576
0.01
0.00617458
0.00817661
0.00833786
0.00833447
0.0001
0.0001
0.0001
0.00840943
0.00833335
0.00833335
0.00833335
0.00833335
0.00833335
0.00833335
0.00833335
0.00833335
0.00833335
0.00833335
0.00833335
0.00833335
0.00833335
0.00833335
0.00833335
0.00833335
0.00833335
0.00833335
0.00833335
0.00833335
0.00833335
0.00833335
0.00833335
0.00833335
0.00833335
0.00833335
0.00833335
0.00833335
0.00833335
0.00833335
0.00833335
0.00833335
0.00833335
0.00833335
0.00833335
0.00833335
0.00833335
0.00833335
0.00833335
0.00833335
0.00833335
0.00833335
0.00833335
0.00833335
0.00833335
0.00833335
0.00833335
0.00833335
0.00833335
0.00833335
0.00833335
0.00833335
0.00833335
0.00833335
0.00833335
0.00833335
0.00833335
0.00833335
0.00833344
0.00829535
0.00911298
0.0083573
0.00833321
0.00870837
0.00801698
0.00833337
0.00836469
0.00833198
0.00883228
0.00775666
0.00828606
0.00843096
0.00856191
0.0077152
0.00847827
0.00828955
0.00829946
0.00727411
0.00721245
0.00669503
0.01
0.00449023
0.01
0.0055503
0.00808782
0.0077105
0.00985114
0.00781125
0.0068749
0.0001
0.0001
0.0001
0.0001
0.0001
0.0001
0.00831349
0.00833335
0.00833335
0.00833335
0.00833335
0.00833335
0.00833335
0.00833335
0.00833335
0.00833335
0.00833335
0.00833335
0.00833335
0.00833335
0.00833335
0.00833335
0.00833335
0.00833335
0.00833335
0.00833335
0.00833335
0.00833335
0.00833335
0.00833335
0.00833335
0.00833335
0.00833335
0.00833335
0.00833335
0.00833335
0.00833335
0.00833335
0.00833335
0.00833335
0.00833335
0.00833335
0.00833335
0.00833335
0.00833335
0.00833335
0.00833335
0.00833335
0.00833335
0.00833335
0.00833335
0.00833335
0.00833335
0.00833335
0.00833335
0.00833335
0.00833335
0.00833335
0.00833335
0.00833335
0.00833335
0.00833335
0.00833335
0.00833335
0.00833335
0.00834991
0.0083297
0.00722264
0.00833955
0.00833339
0.00793394
0.00871851
0.0081448
0.00709989
0.01
0.00767568
0.00721009
0.01
0.00664142
0.00794392
0.00928134
0.00821069
0.00907952
0.00968252
0.01
0.00844979
0.00907541
0.00824121
0.00844155
0.00824899
0.00855677
0.00670807
0.01
0.00788592
0.00824102
0.00840559
0.00833234
0.00833345
0.00834501
0.00833341
0.00830502
0.00833195
0.00833511
0.00833335
0.00833335
0.00833335
0.00833335
0.00833335
0.00833335
0.00833335
0.00833335
0.00833335
0.00833335
0.00833335
0.00833335
0.00833335
0.00833335
0.00833335
0.00833335
0.00833335
0.00833335
0.00833335
0.00833335
0.00833335
0.00833335
0.00833335
0.00833335
0.00833335
0.00833335
0.00833335
0.00833335
0.00833335
0.00833335
0.00833335
0.00833335
0.00833335
0.00833335
0.00833335
0.00833335
0.00833335
0.00833335
0.00833335
0.00833335
0.00833335
0.00833335
0.00833335
0.00833335
0.00833335
0.00833335
0.00833335
0.00833335
0.00833335
0.00833335
0.00833335
0.00833335
0.00833335
0.00833335
0.00833335
0.00833335
0.00833335
0.00833334
0.00833321
0.00833894
0.00832227
0.00833348
0.00833392
0.00833364
0.0095353
0.00728575
0.00834941
0.00832676
0.00834049
0.00831344
0.00771519
0.00855953
0.00802072
0.00839911
0.00833325
0.00838046
0.0001
0.0001
0.0001
0.00833489
0.00833179
0.0001
0.00833439
0.00833448
0.00832234
0.0001
0.0001
0.0001
0.0001
0.0001
0.0001
0.0001
0.0001
0.0001
0.0001
0.0001
0.00833335
0.00833335
0.00833335
0.00833335
0.00833335
0.00833335
0.00833335
0.00833335
0.00833335
0.00833335
0.00833335
0.00833335
0.00833335
0.00833335
0.00833335
0.00833335
0.00833335
0.00833335
0.00833335
0.00833335
0.00833335
0.00833335
0.00833335
0.00833335
0.00833335
0.00833335
0.00833335
0.00833335
0.00833335
0.00833335
0.00833335
0.00833335
0.00833335
0.00833335
0.00833335
0.00833335
0.00833335
0.00833335
0.00833335
0.00833335
0.00833335
0.00833335
0.00833335
0.00833335
0.00833335
0.00833335
0.00833335
0.00833335
0.00833335
0.00833335
0.00833335
0.00833335
0.00833335
0.00833335
0.00833335
0.00833335
0.00833335
0.00833335
0.00833309
0.00833119
0.0083071
0.00833335
0.00829783
0.0001
0.0001
0.0001
0.0001
0.0001
0.00833334
0.00833349
0.0001
0.0001
0.0001
0.0001
0.0001
0.0001
0.0001
0.0001
0.0001
0.0001
0.0001
0.0001
0.0001
0.0001
0.0001
0.0001
0.0001
0.0001
0.0001
0.0001
0.0001
0.0001
0.0001
0.0001
0.0001
0.0001
0.00833335
0.00833335
0.00833335
0.00833335
0.00833335
0.00833335
0.00833335
0.00833335
0.00833335
0.00833335
0.00833335
0.00833335
0.00833335
0.00833335
0.00833335
0.00833335
0.00833335
0.00833335
0.00833335
0.00833335
0.00833335
0.00833335
0.00833335
0.00833335
0.00833335
0.00833335
0.00833335
0.00833335
0.00833335
0.00833335
0.00833335
0.00833335
0.00833335
0.00833335
0.00833335
0.00833335
0.00833335
0.00833335
0.00833335
0.00833335
0.00833335
0.00833335
0.00833335
0.00833335
0.00833335
0.00833335
0.00833335
0.00833335
0.00833335
0.00833335
0.00833335
0.00833335
0.00833335
0.00833335
0.00833335
0.00833335
0.00833335
0.00833334
0.00833286
0.00832253
0.00862637
0.0001
0.0001
0.0001
0.0001
0.0001
0.0001
0.0001
0.0001
0.0001
0.0001
0.0001
0.0001
0.0001
0.0001
0.0001
0.0001
0.0001
0.0001
0.0001
0.0001
0.0001
0.0001
0.0001
0.0001
0.0001
0.0001
0.0001
0.0001
0.0001
0.0001
0.0001
0.0001
0.0001
0.0001
0.0001
0.00833335
0.00833335
0.00833335
0.00833335
0.00833335
0.00833335
0.00833335
0.00833335
0.00833335
0.00833335
0.00833335
0.00833335
0.00833335
0.00833335
0.00833335
0.00833335
0.00833335
0.00833335
0.00833335
0.00833335
0.00833335
0.00833335
0.00833335
0.00833335
0.00833335
0.00833335
0.00833335
0.00833335
0.00833335
0.00833335
0.00833335
0.00833335
0.00833335
0.00833335
0.00833335
0.00833335
0.00833335
0.00833335
0.00833335
0.00833335
0.00833335
0.00833335
0.00833335
0.00833335
0.00833335
0.00833335
0.00833335
0.00833335
0.00833335
0.00833335
0.00833335
0.00833335
0.00833335
0.00833335
0.00833335
0.00833335
0.00833335
0.00833335
0.00833336
0.00833323
0.00832634
0.0001
0.0001
0.0001
0.0001
0.0001
0.0001
0.0001
0.0001
0.0001
0.0001
0.0001
0.0001
0.0001
0.0001
0.0001
0.0001
0.0001
0.0001
0.0001
0.0001
0.0001
0.0001
0.0001
0.0001
0.0001
0.0001
0.0001
0.0001
0.0001
0.0001
0.0001
0.0001
0.0001
0.0001
0.0001
0.00833335
0.00833335
0.00833335
0.00833335
0.00833335
0.00833335
0.00833335
0.00833335
0.00833335
0.00833335
0.00833335
0.00833335
0.00833335
0.00833335
0.00833335
0.00833335
0.00833335
0.00833335
0.00833335
0.00833335
0.00833335
0.00833335
0.00833335
0.00833335
0.00833335
0.00833335
0.00833335
0.00833335
0.00833335
0.00833335
0.00833335
0.00833335
0.00833335
0.00833335
0.00833335
0.00833335
0.00833335
0.00833335
0.00833335
0.00833335
0.00833335
0.00833335
0.00833335
0.00833335
0.00833335
0.00833335
0.00833335
0.00833335
0.00833335
0.00833335
0.00833335
0.00833335
0.00833335
0.00833335
0.00833335
0.00833335
0.00833335
0.00833334
0.00833343
0.0083328
0.0083343
0.00833334
0.0001
0.0001
0.0001
0.0001
0.0001
0.0001
0.0001
0.0001
0.0001
0.0001
0.0001
0.0001
0.0001
0.0001
0.0001
0.0001
0.0001
0.0001
0.0001
0.0001
0.0001
0.0001
0.0001
0.0001
0.0001
0.0001
0.0001
0.0001
0.0001
0.0001
0.0001
0.0001
0.0001
0.0001
0.00833335
0.00833335
0.00833335
0.00833335
0.00833335
0.00833335
0.00833335
0.00833335
0.00833335
0.00833335
0.00833335
0.00833335
0.00833335
0.00833335
0.00833335
0.00833335
0.00833335
0.00833335
0.00833335
0.00833335
0.00833335
0.00833335
0.00833335
0.00833335
0.00833335
0.00833335
0.00833335
0.00833335
0.00833335
0.00833335
0.00833335
0.00833335
0.00833335
0.00833335
0.00833335
0.00833335
0.00833335
0.00833335
0.00833335
0.00833335
0.00833335
0.00833335
0.00833335
0.00833335
0.00833335
0.00833335
0.00833335
0.00833335
0.00833335
0.00833335
0.00833335
0.00833335
0.00833335
0.00833335
0.00833335
0.00833335
0.00833335
0.00833335
0.0083206
0.00830083
0.00887633
0.00833333
0.0001
0.0001
0.0001
0.0001
0.0001
0.0001
0.0001
0.0001
0.0001
0.0001
0.0001
0.0001
0.0001
0.0001
0.0001
0.0001
0.0001
0.0001
0.0001
0.0001
0.0001
0.0001
0.0001
0.0001
0.0001
0.0001
0.0001
0.0001
0.0001
0.0001
0.0001
0.0001
0.0001
0.0001
0.00833335
0.00833335
0.00833335
0.00833335
0.00833335
0.00833335
0.00833335
0.00833335
0.00833335
0.00833335
0.00833335
0.00833335
0.00833335
0.00833335
0.00833335
0.00833335
0.00833335
0.00833335
0.00833335
0.00833335
0.00833335
0.00833335
0.00833335
0.00833335
0.00833335
0.00833335
0.00833335
0.00833335
0.00833335
0.00833335
0.00833335
0.00833335
0.00833335
0.00833335
0.00833335
0.00833335
0.00833335
0.00833335
0.00833335
0.00833335
0.00833335
0.00833335
0.00833335
0.00833335
0.00833335
0.00833335
0.00833335
0.00833335
0.00833335
0.00833335
0.00833335
0.00833335
0.00833335
0.00833335
0.00833335
0.00833335
0.00833335
0.00833312
0.00833356
0.00833275
0.0083401
0.00833243
0.00833335
0.0001
0.0001
0.0001
0.0001
0.0001
0.0001
0.0001
0.0001
0.0001
0.0001
0.0001
0.0001
0.0001
0.0001
0.0001
0.0001
0.0001
0.0001
0.0001
0.0001
0.0001
0.0001
0.0001
0.0001
0.0001
0.0001
0.0001
0.0001
0.0001
0.0001
0.0001
0.0001
0.0001
0.00833335
0.00833335
0.00833335
0.00833335
0.00833335
0.00833335
0.00833335
0.00833335
0.00833335
0.00833335
0.00833335
0.00833335
0.00833335
0.00833335
0.00833335
0.00833335
0.00833335
0.00833335
0.00833335
0.00833335
0.00833335
0.00833335
0.00833335
0.00833335
0.00833335
0.00833335
0.00833335
0.00833335
0.00833335
0.00833335
0.00833335
0.00833335
0.00833335
0.00833335
0.00833335
0.00833335
0.00833335
0.00833335
0.00833335
0.00833335
0.00833335
0.00833335
0.00833335
0.00833335
0.00833335
0.00833335
0.00833335
0.00833335
0.00833335
0.00833335
0.00833335
0.00833335
0.00833335
0.00833335
0.00833335
0.00833335
0.00833335
0.00833335
0.0083327
0.00829287
0.00929426
0.00825454
0.0001
0.0001
0.0001
0.0001
0.0001
0.0001
0.0001
0.0001
0.0001
0.0001
0.0001
0.0001
0.0001
0.0001
0.0001
0.0001
0.0001
0.0001
0.0001
0.0001
0.0001
0.0001
0.0001
0.0001
0.0001
0.0001
0.0001
0.0001
0.0001
0.0001
0.0001
0.0001
0.0001
0.0001
0.00833335
0.00833335
0.00833335
0.00833335
0.00833335
0.00833335
0.00833335
0.00833335
0.00833335
0.00833335
0.00833335
0.00833335
0.00833335
0.00833335
0.00833335
0.00833335
0.00833335
0.00833335
0.00833335
0.00833335
0.00833335
0.00833335
0.00833335
0.00833335
0.00833335
0.00833335
0.00833335
0.00833335
0.00833335
0.00833335
0.00833335
0.00833335
0.00833335
0.00833335
0.00833335
0.00833335
0.00833335
0.00833335
0.00833335
0.00833335
0.00833335
0.00833335
0.00833335
0.00833335
0.00833335
0.00833335
0.00833335
0.00833335
0.00833335
0.00833335
0.00833335
0.00833335
0.00833335
0.00833335
0.00833335
0.00833335
0.00833335
0.00833335
0.00833342
0.00833672
0.00834185
0.00759964
0.0001
0.0001
0.0001
0.0001
0.0001
0.0001
0.0001
0.0001
0.0001
0.0001
0.0001
0.0001
0.0001
0.0001
0.0001
0.0001
0.0001
0.0001
0.0001
0.0001
0.0001
0.0001
0.0001
0.0001
0.0001
0.0001
0.0001
0.0001
0.0001
0.0001
0.0001
0.0001
0.0001
0.0001
0.00833335
0.00833335
0.00833335
0.00833335
0.00833335
0.00833335
0.00833335
0.00833335
0.00833335
0.00833335
0.00833335
0.00833335
0.00833335
0.00833335
0.00833335
0.00833335
0.00833335
0.00833335
0.00833335
0.00833335
0.00833335
0.00833335
0.00833335
0.00833335
0.00833335
0.00833335
0.00833335
0.00833335
0.00833335
0.00833335
0.00833335
0.00833335
0.00833335
0.00833335
0.00833335
0.00833335
0.00833335
0.00833335
0.00833335
0.00833335
0.00833335
0.00833335
0.00833335
0.00833335
0.00833335
0.00833335
0.00833335
0.00833335
0.00833335
0.00833335
0.00833335
0.00833335
0.00833335
0.00833335
0.00833335
0.00833335
0.00833335
0.00833335
0.00833365
0.00833357
0.00833791
0.00913097
0.0001
0.0001
0.0001
0.0001
0.0001
0.0001
0.0001
0.0001
0.0001
0.0001
0.0001
0.0001
0.0001
0.0001
0.0001
0.0001
0.0001
0.0001
0.0001
0.0001
0.0001
0.0001
0.0001
0.0001
0.0001
0.0001
0.0001
0.0001
0.0001
0.0001
0.0001
0.0001
0.0001
0.0001
0.00833335
0.00833335
0.00833335
0.00833335
0.00833335
0.00833335
0.00833335
0.00833335
0.00833335
0.00833335
0.00833335
0.00833335
0.00833335
0.00833335
0.00833335
0.00833335
0.00833335
0.00833335
0.00833335
0.00833335
0.00833335
0.00833335
0.00833335
0.00833335
0.00833335
0.00833335
0.00833335
0.00833335
0.00833335
0.00833335
0.00833335
0.00833335
0.00833335
0.00833335
0.00833335
0.00833335
0.00833335
0.00833335
0.00833335
0.00833335
0.00833335
0.00833335
0.00833335
0.00833335
0.00833335
0.00833335
0.00833335
0.00833335
0.00833335
0.00833335
0.00833335
0.00833335
0.00833335
0.00833335
0.00833335
0.00833335
0.00833335
0.00833335
0.00832618
0.00834073
0.00833721
0.00833344
0.0001
0.0001
0.0001
0.0001
0.0001
0.0001
0.0001
0.0001
0.0001
0.0001
0.0001
0.0001
0.0001
0.0001
0.0001
0.0001
0.0001
0.0001
0.0001
0.0001
0.0001
0.0001
0.0001
0.0001
0.0001
0.0001
0.0001
0.0001
0.0001
0.0001
0.0001
0.0001
0.0001
0.0001
0.00833335
0.00833335
0.00833335
0.00833335
0.00833335
0.00833335
0.00833335
0.00833335
0.00833335
0.00833335
0.00833335
0.00833335
0.00833335
0.00833335
0.00833335
0.00833335
0.00833335
0.00833335
0.00833335
0.00833335
0.00833335
0.00833335
0.00833335
0.00833335
0.00833335
0.00833335
0.00833335
0.00833335
0.00833335
0.00833335
0.00833335
0.00833335
0.00833335
0.00833335
0.00833335
0.00833335
0.00833335
0.00833335
0.00833335
0.00833335
0.00833335
0.00833335
0.00833335
0.00833335
0.00833335
0.00833335
0.00833335
0.00833335
0.00833335
0.00833335
0.00833335
0.00833335
0.00833335
0.00833335
0.00833335
0.00833335
0.00833335
0.00833336
0.00833303
0.0083347
0.00832501
0.00832556
0.00840151
0.00836046
0.00833329
0.0001
0.00833329
0.0001
0.0001
0.0001
0.0001
0.0001
0.0001
0.0001
0.0001
0.0001
0.0001
0.0001
0.0001
0.0001
0.0001
0.0001
0.0001
0.0001
0.0001
0.0001
0.0001
0.0001
0.0001
0.0001
0.0001
0.0001
0.0001
0.0001
0.0001
0.0001
0.00833335
0.00833335
0.00833335
0.00833335
0.00833335
0.00833335
0.00833335
0.00833335
0.00833335
0.00833335
0.00833335
0.00833335
0.00833335
0.00833335
0.00833335
0.00833335
0.00833335
0.00833335
0.00833335
0.00833335
0.00833335
0.00833335
0.00833335
0.00833335
0.00833335
0.00833335
0.00833335
0.00833335
0.00833335
0.00833335
0.00833335
0.00833335
0.00833335
0.00833335
0.00833335
0.00833335
0.00833335
0.00833335
0.00833335
0.00833335
0.00833335
0.00833335
0.00833335
0.00833335
0.00833335
0.00833335
0.00833335
0.00833335
0.00833335
0.00833335
0.00833335
0.00833335
0.00833335
0.00833335
0.00833335
0.00833335
0.00833335
0.0083334
0.00833229
0.00833323
0.00832908
0.00787236
0.00821659
0.0084655
0.00836221
0.00833222
0.00858168
0.0080512
0.00832987
0.00831961
0.00834791
0.00831047
0.00829565
0.00833011
0.00832302
0.00833145
0.00830206
0.00832993
0.0001
0.0001
0.0001
0.0001
0.0001
0.0001
0.0001
0.0001
0.0001
0.0001
0.0001
0.0001
0.0001
0.0001
0.0001
0.0001
0.0001
0.0001
0.00833335
0.00833335
0.00833335
0.00833335
0.00833335
0.00833335
0.00833335
0.00833335
0.00833335
0.00833335
0.00833335
0.00833335
0.00833335
0.00833335
0.00833335
0.00833335
0.00833335
0.00833335
0.00833335
0.00833335
0.00833335
0.00833335
0.00833335
0.00833335
0.00833335
0.00833335
0.00833335
0.00833335
0.00833335
0.00833335
0.00833335
0.00833335
0.00833335
0.00833335
0.00833335
0.00833335
0.00833335
0.00833335
0.00833335
0.00833335
0.00833335
0.00833335
0.00833335
0.00833335
0.00833335
0.00833335
0.00833335
0.00833335
0.00833335
0.00833335
0.00833335
0.00833335
0.00833335
0.00833335
0.00833335
0.00833335
0.00833335
0.00833328
0.0083351
0.00833134
0.00831566
0.00835417
0.00814578
0.00860468
0.00854692
0.00810231
0.00844469
0.00839968
0.00751903
0.00926113
0.00920097
0.0066645
0.00884204
0.0091918
0.00827665
0.00819738
0.0091573
0.00813549
0.00842378
0.00833363
0.00835097
0.00810501
0.00860854
0.00837321
0.00899869
0.00833443
0.0001
0.0001
0.0001
0.0001
0.0001
0.0001
0.0001
0.0001
0.0001
0.0001
0.00833335
0.00833335
0.00833335
0.00833335
0.00833335
0.00833335
0.00833335
0.00833335
0.00833335
0.00833335
0.00833335
0.00833335
0.00833335
0.00833335
0.00833335
0.00833335
0.00833335
0.00833335
0.00833335
0.00833335
0.00833335
0.00833335
0.00833335
0.00833335
0.00833335
0.00833335
0.00833335
0.00833335
0.00833335
0.00833335
0.00833335
0.00833335
0.00833335
0.00833335
0.00833335
0.00833335
0.00833335
0.00833335
0.00833335
0.00833335
0.00833335
0.00833335
0.00833335
0.00833335
0.00833335
0.00833335
0.00833335
0.00833335
0.00833335
0.00833335
0.00833335
0.00833335
0.00833335
0.00833335
0.00833335
0.00833335
0.00833335
0.00833334
0.00833295
0.0083332
0.00833307
0.00841511
0.0083019
0.00836689
0.00922314
0.00713896
0.00791576
0.008364
0.008613
0.00836614
0.00833337
0.00826281
0.00846302
0.00832907
0.00837092
0.00828284
0.00823527
0.00725386
0.00923216
0.00833335
0.00827953
0.00792634
0.00818844
0.00665161
0.00893458
0.00835766
0.00857132
0.0001
0.0001
0.0001
0.0001
0.0001
0.0001
0.0001
0.0001
0.0001
0.00833335
0.00833335
0.00833335
0.00833335
0.00833335
0.00833335
0.00833335
0.00833335
0.00833335
0.00833335
0.00833335
0.00833335
0.00833335
0.00833335
0.00833335
0.00833335
0.00833335
0.00833335
0.00833335
0.00833335
0.00833335
0.00833335
0.00833335
0.00833335
0.00833335
0.00833335
0.00833335
0.00833335
0.00833335
0.00833335
0.00833335
0.00833335
0.00833335
0.00833335
0.00833335
0.00833335
0.00833335
0.00833335
0.00833335
0.00833335
0.00833335
0.00833335
0.00833335
0.00833335
0.00833335
0.00833335
0.00833335
0.00833335
0.00833335
0.00833335
0.00833335
0.00833335
0.00833335
0.00833335
0.00833335
0.00833335
0.00833335
0.00833335
0.00833238
0.00833422
0.00831079
0.0083325
0.008333
0.00837613
0.00843542
0.00822488
0.00832352
0.00636954
0.00961509
0.00831944
0.00846126
0.00793849
0.00882553
0.00956522
0.00804052
0.00744387
0.00836815
0.00817497
0.00833516
0.00833421
0.00833375
0.00832874
0.00832822
0.00836165
0.00824741
0.00861815
0.00833164
0.00833332
0.0001
0.0001
0.0001
0.0001
0.0001
0.0001
0.0001
0.0001
0.00833335
0.00833335
0.00833335
0.00833335
0.00833335
0.00833335
0.00833335
0.00833335
0.00833335
0.00833335
0.00833335
0.00833335
0.00833335
0.00833335
0.00833335
0.00833335
0.00833335
0.00833335
0.00833335
0.00833335
0.00833335
0.00833335
0.00833335
0.00833335
0.00833335
0.00833335
0.00833335
0.00833335
0.00833335
0.00833335
0.00833335
0.00833335
0.00833335
0.00833335
0.00833335
0.00833335
0.00833335
0.00833335
0.00833335
0.00833335
0.00833335
0.00833335
0.00833335
0.00833335
0.00833335
0.00833335
0.00833335
0.00833335
0.00833335
0.00833335
0.00833335
0.00833335
0.00833335
0.00833335
0.00833335
0.00833335
0.00833335
0.00833335
0.00833336
0.00830614
0.00942435
0.00828513
0.00833324
0.00845271
0.00819936
0.00835859
0.00831628
0.00830871
0.00839675
0.00824784
0.00819945
0.00844961
0.00823601
0.00820728
0.0083334
0.00836366
0.00829181
0.0001
0.0001
0.0001
0.0001
0.0001
0.0001
0.0001
0.0001
0.0001
0.0001
0.0001
0.0001
0.0001
0.0001
0.0001
0.0001
0.0001
0.0001
0.0001
0.00833335
0.00833335
0.00833335
0.00833335
0.00833335
0.00833335
0.00833335
0.00833335
0.00833335
0.00833335
0.00833335
0.00833335
0.00833335
0.00833335
0.00833335
0.00833335
0.00833335
0.00833335
0.00833335
0.00833335
0.00833335
0.00833335
0.00833335
0.00833335
0.00833335
0.00833335
0.00833335
0.00833335
0.00833335
0.00833335
0.00833335
0.00833335
0.00833335
0.00833335
0.00833335
0.00833335
0.00833335
0.00833335
0.00833335
0.00833335
0.00833335
0.00833335
0.00833335
0.00833335
0.00833335
0.00833335
0.00833335
0.00833335
0.00833335
0.00833335
0.00833335
0.00833335
0.00833335
0.00833335
0.00833335
0.00833335
0.00833335
0.00833335
0.00833309
0.00836416
0.00758403
0.00833335
0.00833335
0.00834216
0.00833065
0.00833518
0.00832088
0.00835262
0.00833353
0.00833308
0.00833341
0.00833324
0.0001
0.0001
0.0001
0.0001
0.0001
0.0001
0.0001
0.0001
0.0001
0.0001
0.0001
0.0001
0.0001
0.0001
0.0001
0.0001
0.0001
0.0001
0.0001
0.0001
0.0001
0.0001
0.0001
0.0001
0.00833335
0.00833335
0.00833335
0.00833335
0.00833335
0.00833335
0.00833335
0.00833335
0.00833335
0.00833335
0.00833335
0.00833335
0.00833335
0.00833335
0.00833335
0.00833335
0.00833335
0.00833335
0.00833335
0.00833335
0.00833335
0.00833335
0.00833335
0.00833335
0.00833335
0.00833335
0.00833335
0.00833335
0.00833335
0.00833335
0.00833335
0.00833335
0.00833335
0.00833335
0.00833335
0.00833335
0.00833335
0.00833335
0.00833335
0.00833335
0.00833335
0.00833335
0.00833335
0.00833335
0.00833335
0.00833335
0.00833335
0.00833335
0.00833335
0.00833335
0.00833335
0.00833335
0.00833335
0.00833335
0.00833335
0.00833335
0.00833335
0.00833335
0.00833335
0.0083363
0.0083743
0.00737238
0.0001
0.00833268
0.00833308
0.0001
0.0001
0.0001
0.0001
0.0001
0.0001
0.0001
0.0001
0.0001
0.0001
0.0001
0.0001
0.0001
0.0001
0.0001
0.0001
0.0001
0.0001
0.0001
0.0001
0.0001
0.0001
0.0001
0.0001
0.0001
0.0001
0.0001
0.0001
0.0001
0.0001
0.0001
0.00833335
0.00833335
0.00833335
0.00833335
0.00833335
0.00833335
0.00833335
0.00833335
0.00833335
0.00833335
0.00833335
0.00833335
0.00833335
0.00833335
0.00833335
0.00833335
0.00833335
0.00833335
0.00833335
0.00833335
0.00833335
0.00833335
0.00833335
0.00833335
0.00833335
0.00833335
0.00833335
0.00833335
0.00833335
0.00833335
0.00833335
0.00833335
0.00833335
0.00833335
0.00833335
0.00833335
0.00833335
0.00833335
0.00833335
0.00833335
0.00833335
0.00833335
0.00833335
0.00833335
0.00833335
0.00833335
0.00833335
0.00833335
0.00833335
0.00833335
0.00833335
0.00833335
0.00833335
0.00833335
0.00833335
0.00833335
0.00833335
0.00833327
0.00833332
0.00833331
0.00832915
0.00942496
0.0001
0.0001
0.0001
0.0001
0.0001
0.0001
0.0001
0.0001
0.0001
0.0001
0.0001
0.0001
0.0001
0.0001
0.0001
0.0001
0.0001
0.0001
0.0001
0.0001
0.0001
0.0001
0.0001
0.0001
0.0001
0.0001
0.0001
0.0001
0.0001
0.0001
0.0001
0.0001
0.0001
0.0001
0.00833335
0.00833335
0.00833335
0.00833335
0.00833335
0.00833335
0.00833335
0.00833335
0.00833335
0.00833335
0.00833335
0.00833335
0.00833335
0.00833335
0.00833335
0.00833335
0.00833335
0.00833335
0.00833335
0.00833335
0.00833335
0.00833335
0.00833335
0.00833335
0.00833335
0.00833335
0.00833335
0.00833335
0.00833335
0.00833335
0.00833335
0.00833335
0.00833335
0.00833335
0.00833335
0.00833335
0.00833335
0.00833335
0.00833335
0.00833335
0.00833335
0.00833335
0.00833335
0.00833335
0.00833335
0.00833335
0.00833335
0.00833335
0.00833335
0.00833335
0.00833335
0.00833335
0.00833335
0.00833335
0.00833335
0.00833335
0.00833335
0.00833335
0.00832929
0.00833752
0.00833823
0.00730661
0.0001
0.0001
0.0001
0.0001
0.0001
0.0001
0.0001
0.0001
0.0001
0.0001
0.0001
0.0001
0.0001
0.0001
0.0001
0.0001
0.0001
0.0001
0.0001
0.0001
0.0001
0.0001
0.0001
0.0001
0.0001
0.0001
0.0001
0.0001
0.0001
0.0001
0.0001
0.0001
0.0001
0.0001
0.00833335
0.00833335
0.00833335
0.00833335
0.00833335
0.00833335
0.00833335
0.00833335
0.00833335
0.00833335
0.00833335
0.00833335
0.00833335
0.00833335
0.00833335
0.00833335
0.00833335
0.00833335
0.00833335
0.00833335
0.00833335
0.00833335
0.00833335
0.00833335
0.00833335
0.00833335
0.00833335
0.00833335
0.00833335
0.00833335
0.00833335
0.00833335
0.00833335
0.00833335
0.00833335
0.00833335
0.00833335
0.00833335
0.00833335
0.00833335
0.00833335
0.00833335
0.00833335
0.00833335
0.00833335
0.00833335
0.00833335
0.00833335
0.00833335
0.00833335
0.00833335
0.00833335
0.00833335
0.00833335
0.00833335
0.00833335
0.00833335
0.00833333
0.00833321
0.00833409
0.00834606
0.00833351
0.0001
0.0001
0.0001
0.0001
0.0001
0.0001
0.0001
0.0001
0.0001
0.0001
0.0001
0.0001
0.0001
0.0001
0.0001
0.0001
0.0001
0.0001
0.0001
0.0001
0.0001
0.0001
0.0001
0.0001
0.0001
0.0001
0.0001
0.0001
0.0001
0.0001
0.0001
0.0001
0.0001
0.0001
0.00833335
0.00833335
0.00833335
0.00833335
0.00833335
0.00833335
0.00833335
0.00833335
0.00833335
0.00833335
0.00833335
0.00833335
0.00833335
0.00833335
0.00833335
0.00833335
0.00833335
0.00833335
0.00833335
0.00833335
0.00833335
0.00833335
0.00833335
0.00833335
0.00833335
0.00833335
0.00833335
0.00833335
0.00833335
0.00833335
0.00833335
0.00833335
0.00833335
0.00833335
0.00833335
0.00833335
0.00833335
0.00833335
0.00833335
0.00833335
0.00833335
0.00833335
0.00833335
0.00833335
0.00833335
0.00833335
0.00833335
0.00833335
0.00833335
0.00833335
0.00833335
0.00833335
0.00833335
0.00833335
0.00833335
0.00833335
0.00833335
0.00833335
0.00832847
0.00829424
0.00908585
0.00926461
0.0001
0.0001
0.0001
0.0001
0.0001
0.0001
0.0001
0.0001
0.0001
0.0001
0.0001
0.0001
0.0001
0.0001
0.0001
0.0001
0.0001
0.0001
0.0001
0.0001
0.0001
0.0001
0.0001
0.0001
0.0001
0.0001
0.0001
0.0001
0.0001
0.0001
0.0001
0.0001
0.0001
0.0001
)
;

boundaryField
{
    outlet
    {
        type            zeroGradient;
    }
    inlet
    {
        type            fixedValue;
        value           uniform 0.005;
    }
    walls
    {
        type            zeroGradient;
    }
}


// ************************************************************************* //
