/*--------------------------------*- C++ -*----------------------------------*\
| =========                 |                                                 |
| \\      /  F ield         | OpenFOAM: The Open Source CFD Toolbox           |
|  \\    /   O peration     | Version:  2.3.0                                 |
|   \\  /    A nd           | Web:      www.OpenFOAM.org                      |
|    \\/     M anipulation  |                                                 |
\*---------------------------------------------------------------------------*/
FoamFile
{
    version     2.0;
    format      ascii;
    class       volScalarField;
    location    "48";
    object      p;
}
// * * * * * * * * * * * * * * * * * * * * * * * * * * * * * * * * * * * * * //

dimensions      [1 -1 -2 0 0 0 0];

internalField   nonuniform List<scalar> 
6144
(
100000
100000
100000
100000
100001
100001
100001
100001
100001
100001
100002
100002
100002
100002
100002
100002
100002
100003
100003
100003
100003
100003
100003
100003
100004
100004
100004
100004
100004
100004
100004
100005
100005
100005
100005
100005
100005
100005
100006
100006
100006
100006
100006
100006
100006
100007
100007
100007
100007
100007
100007
100007
100008
100008
100008
100008
100008
100008
100009
100009
100026
100219
100321
100441
100564
100687
100810
100934
101058
101183
101308
101433
101559
101685
101812
101939
102066
102193
102319
102444
102570
102696
102822
102949
103077
103208
103337
103464
103588
103712
103837
103961
104086
104212
104340
104469
100000
100000
100000
100000
100001
100001
100001
100001
100001
100001
100002
100002
100002
100002
100002
100002
100002
100003
100003
100003
100003
100003
100003
100003
100004
100004
100004
100004
100004
100004
100004
100005
100005
100005
100005
100005
100005
100005
100006
100006
100006
100006
100006
100006
100006
100007
100007
100007
100007
100007
100007
100007
100008
100008
100008
100008
100008
100008
100009
100009
100022
100208
100311
100438
100562
100686
100809
100933
101057
101181
101306
101431
101558
101685
101812
101939
102066
102194
102319
102444
102569
102695
102821
102948
103075
103205
103335
103462
103587
103712
103836
103961
104086
104212
104340
104469
100000
100000
100000
100000
100001
100001
100001
100001
100001
100001
100002
100002
100002
100002
100002
100002
100002
100003
100003
100003
100003
100003
100003
100003
100004
100004
100004
100004
100004
100004
100004
100005
100005
100005
100005
100005
100005
100005
100006
100006
100006
100006
100006
100006
100006
100007
100007
100007
100007
100007
100007
100007
100008
100008
100008
100008
100008
100008
100009
100009
100022
100205
100311
100438
100561
100685
100809
100933
101057
101182
101308
101435
101560
101686
101812
101939
102066
102192
102318
102444
102570
102696
102822
102948
103075
103204
103334
103460
103586
103711
103836
103961
104086
104212
104340
104469
100000
100000
100000
100000
100001
100001
100001
100001
100001
100001
100002
100002
100002
100002
100002
100002
100002
100003
100003
100003
100003
100003
100003
100003
100004
100004
100004
100004
100004
100004
100004
100005
100005
100005
100005
100005
100005
100005
100006
100006
100006
100006
100006
100006
100006
100007
100007
100007
100007
100007
100007
100007
100008
100008
100008
100008
100008
100008
100009
100009
100023
100199
100309
100436
100560
100683
100807
100932
101056
101182
101307
101433
101559
101686
101812
101939
102065
102192
102318
102444
102570
102695
102821
102948
103075
103204
103332
103459
103585
103710
103835
103960
104086
104212
104340
104469
100000
100000
100000
100000
100001
100001
100001
100001
100001
100001
100001
100002
100002
100002
100002
100002
100002
100003
100003
100003
100003
100003
100003
100003
100004
100004
100004
100004
100004
100004
100004
100005
100005
100005
100005
100005
100005
100005
100006
100006
100006
100006
100006
100006
100006
100007
100007
100007
100007
100007
100007
100007
100008
100008
100008
100008
100008
100008
100008
100010
100027
100193
100302
100435
100558
100681
100806
100932
101057
101183
101308
101434
101560
101686
101813
101939
102065
102192
102318
102444
102571
102697
102823
102949
103077
103205
103332
103458
103584
103710
103835
103960
104086
104212
104340
104469
100000
100000
100000
100000
100001
100001
100001
100001
100001
100001
100001
100002
100002
100002
100002
100002
100002
100003
100003
100003
100003
100003
100003
100003
100004
100004
100004
100004
100004
100004
100004
100005
100005
100005
100005
100005
100005
100005
100006
100006
100006
100006
100006
100006
100006
100007
100007
100007
100007
100007
100007
100007
100008
100008
100008
100008
100008
100008
100008
100010
100035
100190
100302
100432
100556
100680
100806
100931
101056
101182
101308
101434
101561
101688
101814
101939
102065
102192
102318
102444
102570
102696
102823
102950
103078
103206
103332
103459
103585
103710
103836
103961
104086
104212
104340
104468
100000
100000
100000
100000
100001
100001
100001
100001
100001
100001
100001
100002
100002
100002
100002
100002
100002
100003
100003
100003
100003
100003
100003
100003
100004
100004
100004
100004
100004
100004
100004
100005
100005
100005
100005
100005
100005
100005
100006
100006
100006
100006
100006
100006
100006
100007
100007
100007
100007
100007
100007
100007
100008
100008
100008
100008
100008
100008
100008
100009
100054
100187
100304
100430
100554
100679
100806
100935
101061
101183
101308
101434
101561
101687
101813
101939
102065
102191
102318
102444
102570
102696
102823
102950
103077
103205
103332
103458
103584
103709
103834
103960
104086
104212
104340
104467
100000
100000
100000
100000
100001
100001
100001
100001
100001
100001
100001
100002
100002
100002
100002
100002
100002
100003
100003
100003
100003
100003
100003
100003
100004
100004
100004
100004
100004
100004
100004
100005
100005
100005
100005
100005
100005
100005
100006
100006
100006
100006
100006
100006
100006
100007
100007
100007
100007
100007
100007
100007
100008
100008
100008
100008
100008
100008
100008
100009
100086
100194
100308
100432
100556
100680
100805
100931
101057
101182
101307
101433
101559
101685
101811
101937
102063
102189
102315
102442
102569
102695
102822
102949
103076
103204
103331
103458
103584
103710
103836
103961
104087
104213
104340
104467
100000
100000
100000
100000
100001
100001
100001
100001
100001
100001
100001
100002
100002
100002
100002
100002
100002
100003
100003
100003
100003
100003
100003
100003
100004
100004
100004
100004
100004
100004
100004
100005
100005
100005
100005
100005
100005
100005
100006
100006
100006
100006
100006
100006
100006
100007
100007
100007
100007
100007
100007
100007
100008
100008
100008
100008
100008
100008
100009
100009
100072
100192
100307
100430
100554
100679
100805
100931
101056
101180
101304
101431
101558
101684
101811
101936
102062
102188
102315
102442
102568
102695
102821
102948
103076
103203
103330
103458
103585
103711
103837
103963
104089
104215
104341
104469
100000
100000
100000
100000
100001
100001
100001
100001
100001
100001
100001
100002
100002
100002
100002
100002
100002
100003
100003
100003
100003
100003
100003
100003
100004
100004
100004
100004
100004
100004
100004
100005
100005
100005
100005
100005
100005
100005
100006
100006
100006
100006
100006
100006
100006
100007
100007
100007
100007
100007
100007
100007
100008
100008
100008
100008
100008
100008
100009
100009
100049
100192
100301
100427
100551
100677
100804
100930
101054
101178
101303
101430
101557
101684
101811
101936
102062
102188
102314
102441
102567
102694
102820
102947
103075
103202
103330
103457
103584
103711
103837
103962
104088
104215
104342
104468
100000
100000
100000
100000
100001
100001
100001
100001
100001
100001
100001
100002
100002
100002
100002
100002
100002
100003
100003
100003
100003
100003
100003
100003
100004
100004
100004
100004
100004
100004
100004
100005
100005
100005
100005
100005
100005
100005
100006
100006
100006
100006
100006
100006
100006
100007
100007
100007
100007
100007
100007
100007
100008
100008
100008
100008
100008
100008
100009
100010
100033
100191
100295
100429
100550
100677
100804
100930
101054
101178
101303
101430
101557
101684
101811
101938
102063
102187
102312
102439
102566
102693
102819
102947
103074
103202
103330
103457
103584
103711
103837
103963
104089
104215
104341
104468
100000
100000
100000
100000
100001
100001
100001
100001
100001
100001
100001
100002
100002
100002
100002
100002
100002
100003
100003
100003
100003
100003
100003
100003
100004
100004
100004
100004
100004
100004
100004
100005
100005
100005
100005
100005
100005
100005
100006
100006
100006
100006
100006
100006
100006
100007
100007
100007
100007
100007
100007
100007
100008
100008
100008
100008
100008
100008
100009
100010
100022
100190
100292
100428
100549
100677
100803
100929
101054
101179
101304
101430
101557
101684
101810
101937
102063
102190
102314
102439
102565
102692
102819
102946
103073
103202
103331
103458
103584
103711
103837
103963
104088
104214
104341
104467
100000
100000
100000
100000
100001
100001
100001
100001
100001
100001
100001
100002
100002
100002
100002
100002
100002
100002
100003
100003
100003
100003
100003
100003
100004
100004
100004
100004
100004
100004
100004
100005
100005
100005
100005
100005
100005
100005
100006
100006
100006
100006
100006
100006
100006
100007
100007
100007
100007
100007
100007
100007
100008
100008
100008
100008
100008
100008
100009
100009
100018
100194
100290
100427
100550
100677
100803
100929
101054
101179
101304
101430
101556
101682
101809
101936
102063
102189
102315
102440
102566
102692
102818
102945
103073
103202
103332
103459
103585
103711
103837
103963
104088
104214
104340
104466
100000
100000
100000
100000
100001
100001
100001
100001
100001
100001
100001
100002
100002
100002
100002
100002
100002
100002
100003
100003
100003
100003
100003
100003
100004
100004
100004
100004
100004
100004
100004
100005
100005
100005
100005
100005
100005
100005
100006
100006
100006
100006
100006
100006
100006
100007
100007
100007
100007
100007
100007
100007
100008
100008
100008
100008
100008
100008
100009
100009
100020
100198
100291
100438
100556
100679
100805
100930
101055
101180
101306
101431
101556
101682
101809
101936
102062
102189
102315
102441
102566
102691
102817
102943
103071
103201
103332
103460
103586
103711
103837
103963
104088
104214
104340
104466
100000
100000
100000
100000
100001
100001
100001
100001
100001
100001
100001
100002
100002
100002
100002
100002
100002
100002
100003
100003
100003
100003
100003
100003
100004
100004
100004
100004
100004
100004
100004
100005
100005
100005
100005
100005
100005
100005
100006
100006
100006
100006
100006
100006
100006
100007
100007
100007
100007
100007
100007
100007
100008
100008
100008
100008
100008
100008
100009
100009
100021
100198
100289
100437
100555
100678
100804
100929
101055
101181
101306
101432
101557
101683
101809
101936
102063
102189
102315
102441
102566
102691
102816
102942
103070
103201
103331
103460
103586
103712
103837
103963
104088
104214
104340
104466
100000
100000
100000
100000
100001
100001
100001
100001
100001
100001
100001
100002
100002
100002
100002
100002
100002
100002
100003
100003
100003
100003
100003
100003
100004
100004
100004
100004
100004
100004
100004
100005
100005
100005
100005
100005
100005
100005
100006
100006
100006
100006
100006
100006
100006
100007
100007
100007
100007
100007
100007
100007
100008
100008
100008
100008
100008
100008
100009
100009
100026
100209
100305
100433
100557
100680
100805
100931
101056
101182
101307
101433
101558
101684
101810
101937
102063
102189
102315
102441
102566
102691
102816
102941
103069
103200
103331
103460
103587
103712
103837
103963
104089
104214
104340
104466
100000
100000
100000
100000
100001
100001
100001
100001
100001
100001
100002
100002
100002
100002
100002
100002
100002
100003
100003
100003
100003
100003
100003
100003
100004
100004
100004
100004
100004
100004
100004
100005
100005
100005
100005
100005
100005
100005
100006
100006
100006
100006
100006
100006
100006
100007
100007
100007
100007
100007
100007
100007
100008
100008
100008
100008
100008
100008
100009
100009
100022
100203
100308
100438
100563
100686
100810
100933
101057
101182
101307
101433
101559
101685
101812
101939
102066
102192
102319
102445
102570
102695
102821
102948
103077
103207
103336
103464
103589
103712
103836
103960
104084
104210
104337
104467
100000
100000
100000
100000
100001
100001
100001
100001
100001
100001
100002
100002
100002
100002
100002
100002
100002
100003
100003
100003
100003
100003
100003
100003
100004
100004
100004
100004
100004
100004
100004
100005
100005
100005
100005
100005
100005
100005
100006
100006
100006
100006
100006
100006
100006
100007
100007
100007
100007
100007
100007
100007
100008
100008
100008
100008
100008
100008
100008
100009
100025
100191
100299
100437
100561
100685
100808
100932
101056
101180
101305
101431
101558
101684
101811
101939
102067
102194
102319
102443
102568
102694
102820
102947
103075
103205
103335
103463
103588
103711
103835
103959
104083
104209
104337
104467
100000
100000
100000
100000
100001
100001
100001
100001
100001
100001
100001
100002
100002
100002
100002
100002
100002
100003
100003
100003
100003
100003
100003
100003
100004
100004
100004
100004
100004
100004
100004
100005
100005
100005
100005
100005
100005
100005
100006
100006
100006
100006
100006
100006
100006
100007
100007
100007
100007
100007
100007
100007
100008
100008
100008
100008
100008
100008
100008
100009
100030
100193
100302
100434
100560
100685
100808
100931
101055
101181
101308
101434
101558
101684
101811
101939
102066
102191
102317
102443
102569
102695
102821
102947
103074
103203
103333
103460
103586
103710
103835
103959
104083
104209
104337
104468
100000
100000
100000
100000
100001
100001
100001
100001
100001
100001
100001
100002
100002
100002
100002
100002
100002
100003
100003
100003
100003
100003
100003
100003
100004
100004
100004
100004
100004
100004
100004
100005
100005
100005
100005
100005
100005
100005
100006
100006
100006
100006
100006
100006
100006
100007
100007
100007
100007
100007
100007
100007
100008
100008
100008
100008
100008
100008
100008
100009
100034
100192
100303
100434
100560
100684
100807
100931
101055
101181
101306
101431
101557
101684
101811
101938
102065
102191
102317
102442
102568
102694
102820
102947
103074
103203
103332
103459
103584
103709
103834
103959
104083
104210
104338
104468
100000
100000
100000
100000
100001
100001
100001
100001
100001
100001
100001
100002
100002
100002
100002
100002
100002
100003
100003
100003
100003
100003
100003
100003
100004
100004
100004
100004
100004
100004
100004
100005
100005
100005
100005
100005
100005
100005
100006
100006
100006
100006
100006
100006
100006
100007
100007
100007
100007
100007
100007
100007
100008
100008
100008
100008
100008
100008
100008
100010
100039
100191
100303
100432
100557
100681
100805
100929
101055
101182
101308
101434
101559
101685
101812
101938
102065
102191
102317
102444
102570
102696
102822
102949
103076
103204
103332
103458
103584
103709
103834
103959
104084
104210
104338
104468
100000
100000
100000
100000
100001
100001
100001
100001
100001
100001
100001
100002
100002
100002
100002
100002
100002
100003
100003
100003
100003
100003
100003
100003
100004
100004
100004
100004
100004
100004
100004
100005
100005
100005
100005
100005
100005
100005
100006
100006
100006
100006
100006
100006
100006
100007
100007
100007
100007
100007
100007
100007
100008
100008
100008
100008
100008
100008
100008
100009
100049
100190
100305
100431
100556
100680
100804
100929
101055
101181
101308
101433
101559
101686
101812
101938
102064
102190
102317
102443
102569
102695
102822
102949
103077
103205
103332
103459
103585
103710
103834
103959
104084
104210
104338
104467
100000
100000
100000
100000
100001
100001
100001
100001
100001
100001
100001
100002
100002
100002
100002
100002
100002
100003
100003
100003
100003
100003
100003
100003
100004
100004
100004
100004
100004
100004
100004
100005
100005
100005
100005
100005
100005
100005
100006
100006
100006
100006
100006
100006
100006
100007
100007
100007
100007
100007
100007
100007
100008
100008
100008
100008
100008
100008
100008
100009
100068
100189
100306
100429
100553
100678
100805
100933
101057
101181
101306
101432
101558
101685
101811
101937
102063
102189
102316
102442
102568
102695
102821
102948
103076
103204
103331
103457
103583
103708
103833
103958
104084
104210
104338
104466
100000
100000
100000
100000
100001
100001
100001
100001
100001
100001
100001
100002
100002
100002
100002
100002
100002
100003
100003
100003
100003
100003
100003
100003
100004
100004
100004
100004
100004
100004
100004
100005
100005
100005
100005
100005
100005
100005
100006
100006
100006
100006
100006
100006
100006
100007
100007
100007
100007
100007
100007
100007
100008
100008
100008
100008
100008
100008
100008
100009
100079
100190
100305
100428
100554
100680
100805
100930
101055
101179
101305
101431
101557
101683
101810
101936
102061
102188
102315
102442
102568
102694
102820
102947
103075
103203
103332
103459
103585
103709
103833
103956
104082
104210
104338
104463
100000
100000
100000
100000
100001
100001
100001
100001
100001
100001
100001
100002
100002
100002
100002
100002
100002
100003
100003
100003
100003
100003
100003
100003
100004
100004
100004
100004
100004
100004
100004
100005
100005
100005
100005
100005
100005
100005
100006
100006
100006
100006
100006
100006
100006
100007
100007
100007
100007
100007
100007
100007
100008
100008
100008
100008
100008
100008
100009
100009
100065
100189
100304
100426
100550
100675
100802
100928
101053
101178
101303
101429
101556
101683
101809
101935
102061
102186
102313
102440
102567
102693
102819
102947
103074
103202
103330
103458
103586
103713
103838
103962
104085
104210
104337
104464
100000
100000
100000
100000
100001
100001
100001
100001
100001
100001
100001
100002
100002
100002
100002
100002
100002
100002
100003
100003
100003
100003
100003
100003
100004
100004
100004
100004
100004
100004
100004
100005
100005
100005
100005
100005
100005
100005
100006
100006
100006
100006
100006
100006
100006
100007
100007
100007
100007
100007
100007
100007
100008
100008
100008
100008
100008
100008
100009
100009
100046
100190
100300
100425
100549
100677
100803
100929
101053
101176
101303
101430
101556
101682
101809
101935
102060
102185
102311
102440
102566
102692
102819
102946
103073
103200
103328
103456
103583
103710
103836
103961
104087
104213
104339
104467
100000
100000
100000
100000
100001
100001
100001
100001
100001
100001
100001
100002
100002
100002
100002
100002
100002
100002
100003
100003
100003
100003
100003
100003
100004
100004
100004
100004
100004
100004
100004
100005
100005
100005
100005
100005
100005
100005
100006
100006
100006
100006
100006
100006
100006
100007
100007
100007
100007
100007
100007
100007
100008
100008
100008
100008
100008
100008
100009
100009
100033
100190
100295
100426
100547
100674
100802
100929
101053
101178
101303
101430
101556
101682
101809
101935
102060
102184
102309
102437
102565
102691
102817
102945
103073
103201
103328
103455
103583
103710
103836
103961
104087
104213
104339
104467
100000
100000
100000
100000
100001
100001
100001
100001
100001
100001
100001
100002
100002
100002
100002
100002
100002
100002
100003
100003
100003
100003
100003
100003
100004
100004
100004
100004
100004
100004
100004
100005
100005
100005
100005
100005
100005
100005
100006
100006
100006
100006
100006
100006
100006
100007
100007
100007
100007
100007
100007
100007
100008
100008
100008
100008
100008
100008
100009
100009
100024
100192
100292
100429
100547
100675
100801
100928
101053
101177
101303
101429
101555
101681
101808
101935
102061
102187
102312
102438
102565
102691
102817
102944
103072
103201
103329
103456
103583
103710
103836
103961
104087
104213
104340
104466
100000
100000
100000
100000
100001
100001
100001
100001
100001
100001
100001
100002
100002
100002
100002
100002
100002
100002
100003
100003
100003
100003
100003
100003
100004
100004
100004
100004
100004
100004
100004
100005
100005
100005
100005
100005
100005
100005
100006
100006
100006
100006
100006
100006
100006
100007
100007
100007
100007
100007
100007
100007
100008
100008
100008
100008
100008
100008
100009
100009
100021
100195
100289
100427
100548
100676
100801
100927
101053
101178
101302
101427
101553
101680
101806
101934
102061
102187
102314
102440
102566
102691
102816
102943
103071
103200
103330
103457
103584
103710
103836
103961
104087
104213
104339
104466
100000
100000
100000
100000
100001
100001
100001
100001
100001
100001
100001
100002
100002
100002
100002
100002
100002
100002
100003
100003
100003
100003
100003
100003
100004
100004
100004
100004
100004
100004
100004
100005
100005
100005
100005
100005
100005
100005
100006
100006
100006
100006
100006
100006
100006
100007
100007
100007
100007
100007
100007
100007
100008
100008
100008
100008
100008
100008
100009
100009
100021
100196
100287
100435
100554
100678
100802
100928
101054
101179
101304
101429
101554
101680
101806
101933
102060
102187
102314
102441
102566
102690
102815
102941
103069
103199
103330
103458
103585
103711
103836
103961
104087
104213
104339
104465
100000
100000
100000
100000
100001
100001
100001
100001
100001
100001
100001
100002
100002
100002
100002
100002
100002
100002
100003
100003
100003
100003
100003
100003
100004
100004
100004
100004
100004
100004
100004
100005
100005
100005
100005
100005
100005
100005
100006
100006
100006
100006
100006
100006
100006
100007
100007
100007
100007
100007
100007
100007
100008
100008
100008
100008
100008
100008
100009
100009
100021
100195
100283
100436
100555
100678
100803
100929
101055
101180
101306
101431
101556
101681
101807
101934
102061
102188
102315
102440
102565
102689
102814
102939
103067
103197
103330
103459
103586
103711
103836
103962
104087
104213
104339
104466
100000
100000
100000
100000
100001
100001
100001
100001
100001
100001
100001
100002
100002
100002
100002
100002
100002
100002
100003
100003
100003
100003
100003
100003
100004
100004
100004
100004
100004
100004
100004
100005
100005
100005
100005
100005
100005
100005
100006
100006
100006
100006
100006
100006
100006
100007
100007
100007
100007
100007
100007
100007
100008
100008
100008
100008
100008
100008
100009
100009
100024
100203
100308
100433
100557
100681
100805
100930
101055
101181
101306
101432
101557
101683
101809
101936
102062
102189
102315
102441
102565
102689
102813
102938
103065
103197
103330
103460
103586
103711
103837
103963
104088
104214
104340
104466
100000
100000
100000
100000
100001
100001
100001
100001
100001
100001
100002
100002
100002
100002
100002
100002
100002
100003
100003
100003
100003
100003
100003
100003
100004
100004
100004
100004
100004
100004
100004
100005
100005
100005
100005
100005
100005
100005
100006
100006
100006
100006
100006
100006
100006
100007
100007
100007
100007
100007
100007
100007
100008
100008
100008
100008
100008
100008
100009
100009
100022
100203
100308
100438
100563
100687
100810
100933
101057
101183
101309
101435
101561
101686
101812
101939
102067
102194
102319
102444
102569
102695
102820
102947
103076
103205
103333
103461
103587
103712
103836
103959
104082
104208
104338
104469
100000
100000
100000
100000
100001
100001
100001
100001
100001
100001
100001
100002
100002
100002
100002
100002
100002
100003
100003
100003
100003
100003
100003
100003
100004
100004
100004
100004
100004
100004
100004
100005
100005
100005
100005
100005
100005
100005
100006
100006
100006
100006
100006
100006
100006
100007
100007
100007
100007
100007
100007
100007
100008
100008
100008
100008
100008
100008
100009
100009
100024
100192
100297
100437
100563
100686
100808
100931
101056
101181
101308
101434
101559
101684
101810
101939
102069
102196
102319
102443
102568
102693
102819
102946
103074
103203
103332
103460
103586
103711
103835
103959
104082
104209
104338
104469
100000
100000
100000
100000
100001
100001
100001
100001
100001
100001
100001
100002
100002
100002
100002
100002
100002
100003
100003
100003
100003
100003
100003
100003
100004
100004
100004
100004
100004
100004
100004
100005
100005
100005
100005
100005
100005
100005
100006
100006
100006
100006
100006
100006
100006
100007
100007
100007
100007
100007
100007
100007
100008
100008
100008
100008
100008
100008
100009
100009
100027
100193
100299
100436
100561
100686
100808
100930
101054
101181
101309
101437
101560
101685
101811
101939
102066
102192
102318
102443
102569
102694
102820
102945
103072
103201
103331
103459
103585
103710
103835
103958
104082
104209
104339
104469
100000
100000
100000
100000
100001
100001
100001
100001
100001
100001
100001
100002
100002
100002
100002
100002
100002
100003
100003
100003
100003
100003
100003
100003
100004
100004
100004
100004
100004
100004
100004
100005
100005
100005
100005
100005
100005
100005
100006
100006
100006
100006
100006
100006
100006
100007
100007
100007
100007
100007
100007
100007
100008
100008
100008
100008
100008
100008
100008
100009
100029
100189
100296
100432
100561
100685
100808
100931
101055
101181
101307
101433
101559
101685
101812
101939
102066
102192
102317
102442
102568
102694
102820
102947
103075
103203
103331
103458
103584
103710
103834
103958
104084
104211
104339
104469
100000
100000
100000
100000
100001
100001
100001
100001
100001
100001
100001
100002
100002
100002
100002
100002
100002
100003
100003
100003
100003
100003
100003
100003
100004
100004
100004
100004
100004
100004
100004
100005
100005
100005
100005
100005
100005
100005
100006
100006
100006
100006
100006
100006
100006
100007
100007
100007
100007
100007
100007
100007
100008
100008
100008
100008
100008
100008
100008
100009
100032
100186
100294
100427
100558
100685
100808
100931
101056
101182
101308
101434
101559
101685
101811
101938
102064
102191
102317
102443
102569
102695
102822
102949
103077
103205
103333
103459
103584
103710
103834
103959
104084
104211
104339
104469
100000
100000
100000
100000
100001
100001
100001
100001
100001
100001
100001
100002
100002
100002
100002
100002
100002
100003
100003
100003
100003
100003
100003
100003
100004
100004
100004
100004
100004
100004
100004
100005
100005
100005
100005
100005
100005
100005
100006
100006
100006
100006
100006
100006
100006
100007
100007
100007
100007
100007
100007
100007
100008
100008
100008
100008
100008
100008
100008
100010
100037
100182
100293
100425
100557
100684
100807
100931
101055
101181
101307
101433
101559
101685
101811
101937
102063
102189
102316
102442
102568
102694
102821
102949
103076
103205
103332
103459
103585
103710
103834
103958
104083
104211
104339
104469
100000
100000
100000
100000
100001
100001
100001
100001
100001
100001
100001
100002
100002
100002
100002
100002
100002
100003
100003
100003
100003
100003
100003
100003
100004
100004
100004
100004
100004
100004
100004
100005
100005
100005
100005
100005
100005
100005
100006
100006
100006
100006
100006
100006
100006
100007
100007
100007
100007
100007
100007
100007
100008
100008
100008
100008
100008
100008
100008
100010
100049
100180
100297
100426
100556
100683
100807
100931
101056
101180
101305
101431
101557
101683
101810
101935
102061
102188
102315
102441
102568
102694
102821
102948
103075
103203
103330
103457
103583
103709
103833
103958
104083
104211
104339
104468
100000
100000
100000
100000
100001
100001
100001
100001
100001
100001
100001
100002
100002
100002
100002
100002
100002
100003
100003
100003
100003
100003
100003
100003
100004
100004
100004
100004
100004
100004
100004
100005
100005
100005
100005
100005
100005
100005
100006
100006
100006
100006
100006
100006
100006
100007
100007
100007
100007
100007
100007
100007
100008
100008
100008
100008
100008
100008
100008
100009
100063
100181
100294
100425
100554
100680
100805
100929
101054
101179
101305
101431
101557
101683
101809
101935
102061
102187
102314
102441
102568
102694
102820
102947
103075
103202
103330
103457
103583
103709
103833
103956
104082
104209
104337
104466
100000
100000
100000
100000
100001
100001
100001
100001
100001
100001
100001
100002
100002
100002
100002
100002
100002
100003
100003
100003
100003
100003
100003
100003
100004
100004
100004
100004
100004
100004
100004
100005
100005
100005
100005
100005
100005
100005
100006
100006
100006
100006
100006
100006
100006
100007
100007
100007
100007
100007
100007
100007
100008
100008
100008
100008
100008
100008
100008
100009
100054
100183
100298
100424
100552
100678
100803
100928
101053
101178
101303
101429
101555
101682
101809
101934
102059
102185
102313
102440
102567
102693
102819
102946
103073
103201
103329
103457
103584
103710
103835
103959
104082
104209
104337
104466
100000
100000
100000
100000
100001
100001
100001
100001
100001
100001
100001
100002
100002
100002
100002
100002
100002
100002
100003
100003
100003
100003
100003
100003
100004
100004
100004
100004
100004
100004
100004
100005
100005
100005
100005
100005
100005
100005
100006
100006
100006
100006
100006
100006
100006
100007
100007
100007
100007
100007
100007
100007
100008
100008
100008
100008
100008
100008
100008
100009
100039
100186
100295
100424
100550
100677
100803
100929
101054
101179
101305
101430
101555
101681
101808
101933
102058
102183
102311
102440
102566
102691
102817
102944
103072
103200
103328
103456
103583
103710
103835
103960
104085
104210
104338
104466
100000
100000
100000
100000
100001
100001
100001
100001
100001
100001
100001
100002
100002
100002
100002
100002
100002
100002
100003
100003
100003
100003
100003
100003
100004
100004
100004
100004
100004
100004
100004
100005
100005
100005
100005
100005
100005
100005
100006
100006
100006
100006
100006
100006
100006
100007
100007
100007
100007
100007
100007
100007
100008
100008
100008
100008
100008
100008
100009
100010
100027
100188
100290
100424
100548
100673
100800
100927
101052
101178
101304
101430
101555
101681
101808
101934
102058
102183
102311
102440
102566
102691
102815
102942
103071
103200
103327
103455
103583
103710
103835
103960
104085
104211
104339
104467
100000
100000
100000
100000
100001
100001
100001
100001
100001
100001
100001
100002
100002
100002
100002
100002
100002
100002
100003
100003
100003
100003
100003
100003
100004
100004
100004
100004
100004
100004
100004
100005
100005
100005
100005
100005
100005
100005
100006
100006
100006
100006
100006
100006
100006
100007
100007
100007
100007
100007
100007
100007
100008
100008
100008
100008
100008
100008
100009
100009
100022
100190
100288
100427
100547
100674
100800
100926
101051
101176
101302
101428
101554
101680
101807
101933
102060
102186
102313
102440
102567
102691
102815
102941
103069
103199
103328
103456
103583
103710
103835
103961
104087
104213
104340
104466
100000
100000
100000
100000
100001
100001
100001
100001
100001
100001
100001
100002
100002
100002
100002
100002
100002
100002
100003
100003
100003
100003
100003
100003
100004
100004
100004
100004
100004
100004
100004
100005
100005
100005
100005
100005
100005
100005
100006
100006
100006
100006
100006
100006
100006
100007
100007
100007
100007
100007
100007
100007
100008
100008
100008
100008
100008
100008
100009
100009
100021
100194
100287
100427
100548
100676
100801
100926
101052
101177
101302
101427
101553
101680
101806
101933
102060
102187
102314
102441
102566
102690
102814
102939
103068
103199
103329
103457
103584
103710
103836
103961
104087
104213
104340
104466
100000
100000
100000
100000
100001
100001
100001
100001
100001
100001
100001
100002
100002
100002
100002
100002
100002
100002
100003
100003
100003
100003
100003
100003
100004
100004
100004
100004
100004
100004
100004
100005
100005
100005
100005
100005
100005
100005
100006
100006
100006
100006
100006
100006
100006
100007
100007
100007
100007
100007
100007
100007
100008
100008
100008
100008
100008
100008
100009
100009
100022
100195
100285
100432
100552
100677
100802
100927
101053
101178
101304
101429
101554
101680
101807
101934
102060
102188
102315
102442
102566
102689
102812
102937
103066
103198
103329
103458
103585
103710
103836
103961
104087
104214
104340
104466
100000
100000
100000
100000
100001
100001
100001
100001
100001
100001
100001
100002
100002
100002
100002
100002
100002
100002
100003
100003
100003
100003
100003
100003
100004
100004
100004
100004
100004
100004
100004
100005
100005
100005
100005
100005
100005
100005
100006
100006
100006
100006
100006
100006
100006
100007
100007
100007
100007
100007
100007
100007
100008
100008
100008
100008
100008
100008
100009
100009
100020
100190
100285
100433
100555
100679
100803
100928
101054
101181
101306
101431
101556
101681
101808
101934
102061
102188
102314
102441
102566
102689
102812
102937
103065
103197
103329
103458
103585
103711
103836
103962
104088
104214
104340
104466
100000
100000
100000
100000
100001
100001
100001
100001
100001
100001
100001
100002
100002
100002
100002
100002
100002
100002
100003
100003
100003
100003
100003
100003
100004
100004
100004
100004
100004
100004
100004
100005
100005
100005
100005
100005
100005
100005
100006
100006
100006
100006
100006
100006
100006
100007
100007
100007
100007
100007
100007
100007
100008
100008
100008
100008
100008
100008
100009
100009
100022
100200
100313
100435
100559
100683
100806
100930
101055
101181
101306
101432
101557
101683
101809
101936
102062
102188
102315
102441
102567
102689
102812
102937
103065
103196
103328
103458
103585
103711
103836
103962
104088
104214
104340
104466
100000
100000
100000
100000
100001
100001
100001
100001
100001
100001
100002
100002
100002
100002
100002
100002
100002
100003
100003
100003
100003
100003
100003
100003
100004
100004
100004
100004
100004
100004
100004
100005
100005
100005
100005
100005
100005
100005
100006
100006
100006
100006
100006
100006
100006
100007
100007
100007
100007
100007
100007
100007
100008
100008
100008
100008
100008
100008
100009
100009
100022
100213
100317
100440
100565
100688
100811
100934
101057
101183
101310
101436
101561
101685
101811
101938
102067
102194
102320
102444
102569
102693
102820
102947
103077
103205
103332
103460
103587
103712
103836
103960
104085
104212
104341
104472
100000
100000
100000
100000
100001
100001
100001
100001
100001
100001
100001
100002
100002
100002
100002
100002
100002
100003
100003
100003
100003
100003
100003
100003
100004
100004
100004
100004
100004
100004
100004
100005
100005
100005
100005
100005
100005
100005
100006
100006
100006
100006
100006
100006
100006
100007
100007
100007
100007
100007
100007
100007
100008
100008
100008
100008
100008
100008
100009
100009
100018
100203
100310
100438
100564
100687
100809
100932
101056
101182
101309
101436
101561
101685
101811
101938
102067
102194
102319
102444
102568
102692
102818
102947
103076
103204
103331
103460
103587
103712
103836
103960
104085
104212
104342
104472
100000
100000
100000
100000
100001
100001
100001
100001
100001
100001
100001
100002
100002
100002
100002
100002
100002
100003
100003
100003
100003
100003
100003
100003
100004
100004
100004
100004
100004
100004
100004
100005
100005
100005
100005
100005
100005
100005
100006
100006
100006
100006
100006
100006
100006
100007
100007
100007
100007
100007
100007
100007
100008
100008
100008
100008
100008
100008
100009
100009
100017
100200
100310
100437
100563
100686
100807
100930
101054
101181
101309
101437
101561
101686
101811
101938
102066
102193
102318
102443
102568
102693
102819
102946
103074
103202
103331
103460
103586
103711
103835
103960
104085
104212
104342
104473
100000
100000
100000
100000
100001
100001
100001
100001
100001
100001
100001
100002
100002
100002
100002
100002
100002
100003
100003
100003
100003
100003
100003
100003
100004
100004
100004
100004
100004
100004
100004
100005
100005
100005
100005
100005
100005
100005
100006
100006
100006
100006
100006
100006
100006
100007
100007
100007
100007
100007
100007
100007
100008
100008
100008
100008
100008
100008
100009
100009
100018
100197
100311
100437
100564
100687
100808
100931
101055
101180
101307
101434
101560
101686
101812
101938
102065
102192
102317
102443
102568
102694
102821
102948
103076
103204
103332
103459
103585
103710
103835
103960
104085
104213
104342
104472
100000
100000
100000
100000
100001
100001
100001
100001
100001
100001
100001
100002
100002
100002
100002
100002
100002
100003
100003
100003
100003
100003
100003
100003
100004
100004
100004
100004
100004
100004
100004
100005
100005
100005
100005
100005
100005
100005
100006
100006
100006
100006
100006
100006
100006
100007
100007
100007
100007
100007
100007
100007
100008
100008
100008
100008
100008
100008
100009
100009
100021
100193
100311
100436
100565
100688
100810
100933
101057
101183
101309
101434
101560
101685
101811
101938
102064
102191
102317
102443
102569
102695
102822
102949
103076
103204
103332
103459
103585
103710
103835
103960
104085
104213
104342
104472
100000
100000
100000
100000
100001
100001
100001
100001
100001
100001
100001
100002
100002
100002
100002
100002
100002
100003
100003
100003
100003
100003
100003
100003
100004
100004
100004
100004
100004
100004
100004
100005
100005
100005
100005
100005
100005
100005
100006
100006
100006
100006
100006
100006
100006
100007
100007
100007
100007
100007
100007
100007
100008
100008
100008
100008
100008
100008
100008
100009
100027
100188
100307
100434
100563
100688
100810
100933
101057
101182
101308
101433
101558
101684
101810
101937
102063
102189
102315
102442
102568
102694
102821
102948
103076
103204
103331
103458
103584
103710
103835
103960
104085
104212
104341
104471
100000
100000
100000
100000
100001
100001
100001
100001
100001
100001
100001
100002
100002
100002
100002
100002
100002
100003
100003
100003
100003
100003
100003
100003
100004
100004
100004
100004
100004
100004
100004
100005
100005
100005
100005
100005
100005
100005
100006
100006
100006
100006
100006
100006
100006
100007
100007
100007
100007
100007
100007
100007
100008
100008
100008
100008
100008
100008
100008
100010
100038
100185
100301
100431
100561
100686
100809
100933
101056
101181
101306
101431
101557
101683
101810
101936
102062
102188
102315
102441
102568
102694
102821
102948
103076
103203
103331
103458
103584
103710
103835
103959
104085
104212
104340
104469
100000
100000
100000
100000
100001
100001
100001
100001
100001
100001
100001
100002
100002
100002
100002
100002
100002
100003
100003
100003
100003
100003
100003
100003
100004
100004
100004
100004
100004
100004
100004
100005
100005
100005
100005
100005
100005
100005
100006
100006
100006
100006
100006
100006
100006
100007
100007
100007
100007
100007
100007
100007
100008
100008
100008
100008
100008
100008
100008
100010
100050
100186
100298
100428
100555
100682
100806
100930
101055
101180
101305
101430
101557
101683
101809
101935
102061
102187
102314
102441
102568
102694
102821
102948
103076
103204
103331
103458
103584
103710
103835
103959
104084
104210
104338
104467
100000
100000
100000
100000
100001
100001
100001
100001
100001
100001
100001
100002
100002
100002
100002
100002
100002
100002
100003
100003
100003
100003
100003
100003
100004
100004
100004
100004
100004
100004
100004
100005
100005
100005
100005
100005
100005
100005
100006
100006
100006
100006
100006
100006
100006
100007
100007
100007
100007
100007
100007
100007
100008
100008
100008
100008
100008
100008
100008
100010
100046
100191
100301
100427
100553
100679
100804
100929
101054
101180
101305
101430
101556
101682
101808
101933
102059
102185
102313
102441
102567
102693
102820
102947
103075
103203
103330
103458
103584
103710
103835
103960
104084
104210
104337
104466
100000
100000
100000
100000
100001
100001
100001
100001
100001
100001
100001
100002
100002
100002
100002
100002
100002
100002
100003
100003
100003
100003
100003
100003
100004
100004
100004
100004
100004
100004
100004
100005
100005
100005
100005
100005
100005
100005
100006
100006
100006
100006
100006
100006
100006
100007
100007
100007
100007
100007
100007
100007
100008
100008
100008
100008
100008
100008
100009
100010
100033
100190
100299
100427
100552
100678
100804
100930
101055
101180
101305
101430
101556
101681
101807
101932
102058
102185
102313
102441
102567
102692
102819
102946
103074
103202
103330
103457
103584
103710
103835
103960
104085
104211
104338
104466
100000
100000
100000
100000
100001
100001
100001
100001
100001
100001
100001
100002
100002
100002
100002
100002
100002
100002
100003
100003
100003
100003
100003
100003
100004
100004
100004
100004
100004
100004
100004
100005
100005
100005
100005
100005
100005
100005
100006
100006
100006
100006
100006
100006
100006
100007
100007
100007
100007
100007
100007
100007
100008
100008
100008
100008
100008
100008
100009
100009
100022
100191
100298
100427
100551
100676
100801
100927
101052
101179
101305
101430
101555
101681
101807
101934
102059
102186
102313
102441
102568
102692
102817
102944
103073
103202
103330
103457
103583
103710
103835
103959
104085
104212
104339
104466
100000
100000
100000
100000
100001
100001
100001
100001
100001
100001
100001
100002
100002
100002
100002
100002
100002
100002
100003
100003
100003
100003
100003
100003
100004
100004
100004
100004
100004
100004
100004
100005
100005
100005
100005
100005
100005
100005
100006
100006
100006
100006
100006
100006
100006
100007
100007
100007
100007
100007
100007
100007
100008
100008
100008
100008
100008
100008
100009
100009
100018
100194
100298
100427
100551
100675
100801
100926
101052
101177
101303
101429
101555
101680
101807
101934
102061
102188
102315
102442
102568
102693
102817
102943
103071
103201
103330
103457
103584
103710
103835
103960
104086
104213
104339
104466
100000
100000
100000
100000
100001
100001
100001
100001
100001
100001
100001
100002
100002
100002
100002
100002
100002
100002
100003
100003
100003
100003
100003
100003
100004
100004
100004
100004
100004
100004
100004
100005
100005
100005
100005
100005
100005
100005
100006
100006
100006
100006
100006
100006
100006
100007
100007
100007
100007
100007
100007
100007
100008
100008
100008
100008
100008
100008
100009
100009
100017
100196
100299
100428
100552
100676
100801
100927
101053
101178
101303
101428
101554
101681
101808
101935
102061
102188
102315
102442
102568
102692
102816
102942
103070
103200
103331
103458
103584
103710
103836
103961
104087
104213
104340
104466
100000
100000
100000
100000
100001
100001
100001
100001
100001
100001
100001
100002
100002
100002
100002
100002
100002
100002
100003
100003
100003
100003
100003
100003
100004
100004
100004
100004
100004
100004
100004
100005
100005
100005
100005
100005
100005
100005
100006
100006
100006
100006
100006
100006
100006
100007
100007
100007
100007
100007
100007
100007
100008
100008
100008
100008
100008
100008
100009
100009
100018
100197
100303
100431
100555
100678
100802
100928
101053
101179
101305
101429
101555
101681
101808
101934
102061
102188
102315
102442
102567
102691
102815
102941
103069
103199
103330
103459
103585
103710
103836
103962
104088
104214
104340
104466
100000
100000
100000
100000
100001
100001
100001
100001
100001
100001
100001
100002
100002
100002
100002
100002
100002
100002
100003
100003
100003
100003
100003
100003
100004
100004
100004
100004
100004
100004
100004
100005
100005
100005
100005
100005
100005
100005
100006
100006
100006
100006
100006
100006
100006
100007
100007
100007
100007
100007
100007
100007
100008
100008
100008
100008
100008
100008
100009
100009
100021
100202
100309
100434
100558
100681
100804
100929
101056
101181
101306
101431
101556
101682
101808
101935
102061
102188
102315
102441
102567
102691
102815
102941
103069
103199
103330
103459
103585
103711
103836
103962
104088
104214
104340
104466
100000
100000
100000
100000
100001
100001
100001
100001
100001
100001
100001
100002
100002
100002
100002
100002
100002
100002
100003
100003
100003
100003
100003
100003
100004
100004
100004
100004
100004
100004
100004
100005
100005
100005
100005
100005
100005
100005
100006
100006
100006
100006
100006
100006
100006
100007
100007
100007
100007
100007
100007
100007
100008
100008
100008
100008
100008
100008
100009
100009
100026
100212
100317
100436
100561
100684
100807
100931
101055
101181
101308
101434
101559
101683
101809
101935
102062
102188
102315
102441
102567
102691
102815
102940
103069
103199
103330
103459
103585
103711
103836
103962
104088
104214
104340
104466
)
;

boundaryField
{
    outlet
    {
        type            fixedValue;
        value           uniform 100000;
    }
    inlet
    {
        type            fixedFluxPressure;
        gradient        uniform 11.8734;
        value           uniform 104463;
    }
    walls
    {
        type            fixedFluxPressure;
        gradient        nonuniform List<scalar> 
3903
(
0
0
0
0
0
0
0
0
0
0
0
0
0
0
0
0
0
0
0
0
0
0
0
0
0
0
0
0
0
0
0
0
0
0
0
0
0
0
0
0
0
0
0
0
0
0
0
0
0
0
0
0
0
0
0
0
0
0
0
0
0
0
0
0
0
0
0
0
0
0
0
0
0
0
0
0
0
0
0
0
0
0
0
0
0
0
0
0
0
0
0
0
0
0
0
0
0
0
0
0
0
0
0
0
0
0
0
0
0
0
0
0
0
0
0
0
0
0
0
0
0
0
0
0
0
0
0
0
0
0
0
0
0
0
0
0
0
0
0
0
0
0
0
0
0
0
0
0
0
0
0
0
0
0
0
0
0
0
0
0
0
0
0
0
0
0
0
0
0
0
0
0
0
0
0
0
0
0
0
0
0
0
0
0
0
0
0
0
0
0
0
0
10075.8
0
0
0
0
0
0
0
0
0
0
0
0
0
0
0
0
0
0
0
0
0
0
0
0
0
0
0
0
0
0
0
0
0
0
0
0
0
0
0
0
0
0
0
0
0
0
0
0
0
0
0
0
0
0
0
0
0
0
0
0
0
0
0
0
0
0
0
0
0
0
0
0
0
0
0
0
0
0
0
0
0
0
0
0
0
0
0
0
0
0
0
0
0
0
0
0
10075.8
0
0
0
0
0
0
0
0
0
0
0
0
0
0
0
0
0
0
0
0
0
0
0
0
0
0
0
0
0
0
0
0
0
0
0
0
0
0
0
0
0
0
0
0
0
0
0
0
0
0
0
0
0
0
0
0
0
0
0
0
0
0
0
0
0
0
0
0
0
0
0
0
0
0
0
0
0
0
0
0
0
0
0
0
0
0
0
0
0
0
0
0
0
0
0
0
10075.8
0
0
0
0
0
0
0
0
0
0
0
0
0
0
0
0
0
0
0
0
0
0
0
0
0
0
0
0
0
0
0
0
0
0
0
0
0
0
0
0
0
0
0
0
0
0
0
0
0
0
0
0
0
0
0
0
0
0
0
0
0
0
0
0
0
0
0
0
0
0
0
0
0
0
0
0
0
0
0
0
0
0
0
0
0
0
0
0
0
0
0
0
0
0
0
0
10075.8
0
0
0
0
0
0
0
0
0
0
0
0
0
0
0
0
0
0
0
0
0
0
0
0
0
0
0
0
0
0
0
0
0
0
0
0
0
0
0
0
0
0
0
0
0
0
0
0
0
0
0
0
0
0
0
0
0
0
0
0
0
0
0
0
0
0
0
0
0
0
0
0
0
0
0
0
0
0
0
0
0
0
0
0
0
0
0
0
0
0
0
0
0
0
0
0
10075.8
0
0
0
0
0
0
0
0
0
0
0
0
0
0
0
0
0
0
0
0
0
0
0
0
0
0
0
0
0
0
0
0
0
0
0
0
0
0
0
0
0
0
0
0
0
0
0
0
0
0
0
0
0
0
0
0
0
0
0
0
0
0
0
0
0
0
0
0
0
0
0
0
0
0
0
0
0
0
0
0
0
0
0
0
0
0
0
0
0
0
0
0
0
0
0
0
10075.8
0
0
0
0
0
0
0
0
0
0
0
0
0
0
0
0
0
0
0
0
0
0
0
0
0
0
0
0
0
0
0
0
0
0
0
0
0
0
0
0
0
0
0
0
0
0
0
0
0
0
0
0
0
0
0
0
0
0
0
0
0
0
0
0
0
0
0
0
0
0
0
0
0
0
0
0
0
0
0
0
0
0
0
0
0
0
0
0
0
0
0
0
0
0
0
0
10073.9
0
0
0
0
0
0
0
0
0
0
0
0
0
0
0
0
0
0
0
0
0
0
0
0
0
0
0
0
0
0
0
0
0
0
0
0
0
0
0
0
0
0
0
0
0
0
0
0
0
0
0
0
0
0
0
0
0
0
0
0
0
0
0
0
0
0
0
0
0
0
0
0
0
0
0
0
0
0
0
0
0
0
0
0
0
0
0
0
0
0
0
0
0
0
0
0
9641.34
0
0
0
0
0
0
0
0
0
0
0
0
0
0
0
0
0
0
0
0
0
0
0
0
0
0
0
0
0
0
0
0
0
0
0
0
0
0
0
0
0
0
0
0
0
0
0
0
0
0
0
0
0
0
0
0
0
0
0
0
0
0
0
0
0
0
0
0
0
0
0
0
0
0
0
0
0
0
0
0
0
0
0
0
0
0
0
0
0
0
0
0
0
0
0
0
10024
0
0
0
0
0
0
0
0
0
0
0
0
0
0
0
0
0
0
0
0
0
0
0
0
0
0
0
0
0
0
0
0
0
0
0
0
0
0
0
0
0
0
0
0
0
0
0
0
0
0
0
0
0
0
0
0
0
0
0
0
0
0
0
0
0
0
0
0
0
0
0
0
0
0
0
0
0
0
0
0
0
0
0
0
0
0
0
0
0
0
0
0
0
0
0
0
10075.3
0
0
0
0
0
0
0
0
0
0
0
0
0
0
0
0
0
0
0
0
0
0
0
0
0
0
0
0
0
0
0
0
0
0
0
0
0
0
0
0
0
0
0
0
0
0
0
0
0
0
0
0
0
0
0
0
0
0
0
0
0
0
0
0
0
0
0
0
0
0
0
0
0
0
0
0
0
0
0
0
0
0
0
0
0
0
0
0
0
0
0
0
0
0
0
0
10075.8
0
0
0
0
0
0
0
0
0
0
0
0
0
0
0
0
0
0
0
0
0
0
0
0
0
0
0
0
0
0
0
0
0
0
0
0
0
0
0
0
0
0
0
0
0
0
0
0
0
0
0
0
0
0
0
0
0
0
0
0
0
0
0
0
0
0
0
0
0
0
0
0
0
0
0
0
0
0
0
0
0
0
0
0
0
0
0
0
0
0
0
0
0
0
0
0
10075.8
0
0
0
0
0
0
0
0
0
0
0
0
0
0
0
0
0
0
0
0
0
0
0
0
0
0
0
0
0
0
0
0
0
0
0
0
0
0
0
0
0
0
0
0
0
0
0
0
0
0
0
0
0
0
0
0
0
0
0
0
0
0
0
0
0
0
0
0
0
0
0
0
0
0
0
0
0
0
0
0
0
0
0
0
0
0
0
0
0
0
0
0
0
0
0
0
10075.8
0
0
0
0
0
0
0
0
0
0
0
0
0
0
0
0
0
0
0
0
0
0
0
0
0
0
0
0
0
0
0
0
0
0
0
0
0
0
0
0
0
0
0
0
0
0
0
0
0
0
0
0
0
0
0
0
0
0
0
0
0
0
0
0
0
0
0
0
0
0
0
0
0
0
0
0
0
0
0
0
0
0
0
0
0
0
0
0
0
0
0
0
0
0
0
0
10075.8
0
0
0
0
0
0
0
0
0
0
0
0
0
0
0
0
0
0
0
0
0
0
0
0
0
0
0
0
0
0
0
0
0
0
0
0
0
0
0
0
0
0
0
0
0
0
0
0
0
0
0
0
0
0
0
0
0
0
0
0
0
0
0
0
0
0
0
0
0
0
0
0
0
0
0
0
0
0
0
0
0
0
0
0
0
0
0
0
0
0
0
0
0
0
0
0
10075.8
0
0
0
0
0
0
0
0
0
0
0
0
0
0
0
0
0
0
0
0
0
0
0
0
0
0
0
0
0
0
0
0
0
0
0
0
0
0
0
0
0
0
0
0
0
0
0
0
0
0
0
0
0
0
0
0
0
0
0
0
0
0
0
0
0
0
0
0
0
0
0
0
0
0
0
0
0
0
0
0
0
0
0
0
0
0
0
0
0
0
0
0
0
0
0
0
0
0
0
0
0
0
0
0
0
0
0
0
0
0
0
0
0
0
0
0
0
0
0
0
0
0
0
0
0
0
0
0
0
0
0
0
0
0
0
0
0
0
0
0
0
0
0
0
0
0
0
0
0
0
0
0
0
0
0
0
0
0
0
0
0
0
0
0
0
0
0
0
0
0
0
0
0
0
0
0
0
0
0
0
0
0
0
0
0
0
0
0
0
0
0
0
10075.8
0
0
0
0
0
0
0
0
0
0
0
0
0
0
0
0
0
0
0
0
0
0
0
0
0
0
0
0
0
0
0
0
0
0
0
0
0
0
0
0
0
0
0
0
0
0
0
0
0
0
0
0
0
0
0
0
0
0
0
0
0
0
0
0
0
0
0
0
0
0
0
0
0
0
0
0
0
0
0
0
0
0
0
0
0
0
0
0
0
0
0
0
0
0
0
0
10075.8
10075.8
10075.8
10075.8
10075.8
10075.8
10017
9344.23
10067.9
10075.8
10075.8
10075.8
10075.8
10075.8
0
0
0
0
0
0
0
0
0
0
0
0
0
0
0
0
0
0
0
0
0
0
0
0
0
0
0
0
0
0
0
0
0
0
0
0
0
0
0
0
0
0
0
0
0
0
0
0
0
0
0
0
0
0
0
0
0
0
0
0
0
0
0
0
0
0
0
0
0
0
0
0
0
0
0
0
0
0
0
0
0
0
0
0
0
0
0
0
0
0
0
0
0
0
0
0
10075.8
0
0
0
0
0
0
0
0
0
0
0
0
0
0
0
0
0
0
0
0
0
0
0
0
0
0
0
0
0
0
0
0
0
0
0
0
0
0
0
0
0
0
0
0
0
0
0
0
0
0
0
0
0
0
0
0
0
0
0
0
0
0
0
0
0
0
0
0
0
0
0
0
0
0
0
0
0
0
0
0
0
0
0
0
0
0
0
0
0
0
0
0
0
0
0
0
10075.8
10075.8
10075.8
10075.8
10075.8
10075.8
10075.8
10075
10074.2
10075.8
10075.8
10075.8
10075.8
10075.8
10075.8
0
0
0
0
0
0
0
0
0
0
0
0
0
0
0
0
0
0
0
0
0
0
0
0
0
0
0
0
0
0
0
0
0
0
0
0
0
0
0
0
0
0
0
0
0
0
0
0
0
0
0
0
0
0
0
0
0
0
0
0
0
0
0
0
0
0
0
0
0
0
0
0
0
0
0
0
0
0
0
0
0
0
0
0
0
0
0
0
0
0
0
0
0
0
0
0
10075.8
0
0
0
0
0
0
0
0
0
0
0
0
0
0
0
0
0
0
0
0
0
0
0
0
0
0
0
0
0
0
0
0
0
0
0
0
0
0
0
0
0
0
0
0
0
0
0
0
0
0
0
0
0
0
0
0
0
0
0
0
0
0
0
0
0
0
0
0
0
0
0
0
0
0
0
0
0
0
0
0
0
0
0
0
0
0
0
0
0
0
0
0
0
0
0
0
0
0
0
0
0
0
0
0
0
0
0
0
0
0
0
0
0
0
0
0
0
0
0
0
0
0
0
0
0
0
0
0
0
0
0
0
0
0
0
0
0
0
0
0
0
0
0
0
0
0
0
0
0
0
0
0
0
0
0
0
0
0
0
0
0
0
0
0
0
0
0
0
0
0
0
0
0
0
0
0
0
0
0
0
0
0
0
0
0
0
0
0
0
0
0
0
10075.8
0
0
0
0
0
0
0
0
0
0
0
0
0
0
0
0
0
0
0
0
0
0
0
0
0
0
0
0
0
0
0
0
0
0
0
0
0
0
0
0
0
0
0
0
0
0
0
0
0
0
0
0
0
0
0
0
0
0
0
0
0
0
0
0
0
0
0
0
0
0
0
0
0
0
0
0
0
0
0
0
0
0
0
0
0
0
0
0
0
0
0
0
0
0
0
0
10075.8
0
0
0
0
0
0
0
0
0
0
0
0
0
0
0
0
0
0
0
0
0
0
0
0
0
0
0
0
0
0
0
0
0
0
0
0
0
0
0
0
0
0
0
0
0
0
0
0
0
0
0
0
0
0
0
0
0
0
0
0
0
0
0
0
0
0
0
0
0
0
0
0
0
0
0
0
0
0
0
0
0
0
0
0
0
0
0
0
0
0
0
0
0
0
0
0
10075.8
0
0
0
0
0
0
0
0
0
0
0
0
0
0
0
0
0
0
0
0
0
0
0
0
0
0
0
0
0
0
0
0
0
0
0
0
0
0
0
0
0
0
0
0
0
0
0
0
0
0
0
0
0
0
0
0
0
0
0
0
0
0
0
0
0
0
0
0
0
0
0
0
0
0
0
0
0
0
0
0
0
0
0
0
0
0
0
0
0
0
0
0
0
0
0
0
10075.8
0
0
0
0
0
0
0
0
0
0
0
0
0
0
0
0
0
0
0
0
0
0
0
0
0
0
0
0
0
0
0
0
0
0
0
0
0
0
0
0
0
0
0
0
0
0
0
0
0
0
0
0
0
0
0
0
0
0
0
0
0
0
0
0
0
0
0
0
0
0
0
0
0
0
0
0
0
0
0
0
0
0
0
0
0
0
0
0
0
0
0
0
0
0
0
0
10075.8
0
0
0
0
0
0
0
0
0
0
0
0
0
0
0
0
0
0
0
0
0
0
0
0
0
0
0
0
0
0
0
0
0
0
0
0
0
0
0
0
0
0
0
0
0
0
0
0
0
0
0
0
0
0
0
0
0
0
0
0
0
0
0
0
0
0
0
0
0
0
0
0
0
0
0
0
0
0
0
0
0
0
0
0
0
0
0
0
0
0
0
0
0
0
0
0
10075.8
0
0
0
0
0
0
0
0
0
0
0
0
0
0
0
0
0
0
0
0
0
0
0
0
0
0
0
0
0
0
0
0
0
0
0
0
0
0
0
0
0
0
0
0
0
0
0
0
0
0
0
0
0
0
0
0
0
0
0
0
0
0
0
0
0
0
0
0
0
0
0
0
0
0
0
0
0
0
0
0
0
0
0
0
0
0
0
0
0
0
0
0
0
0
0
0
10075.8
0
0
0
0
0
0
0
0
0
0
0
0
0
0
0
0
0
0
0
0
0
0
0
0
0
0
0
0
0
0
0
0
0
0
0
0
0
0
0
0
0
0
0
0
0
0
0
0
0
0
0
0
0
0
0
0
0
0
0
0
0
0
0
0
0
0
0
0
0
0
0
0
0
0
0
0
0
0
0
0
0
0
0
0
0
0
0
0
0
0
0
0
0
0
0
0
10075.8
0
0
0
0
0
0
0
0
0
0
0
0
0
0
0
0
0
0
0
0
0
0
0
0
0
0
0
0
0
0
0
0
0
0
0
0
0
0
0
0
0
0
0
0
0
0
0
0
0
0
0
0
0
0
0
0
0
0
0
0
0
0
0
0
0
0
0
0
0
0
0
0
0
0
0
0
0
0
0
0
0
0
0
0
0
0
0
0
0
0
0
0
0
0
0
0
10075.8
0
0
0
0
0
0
0
0
0
0
0
0
0
0
0
0
0
0
0
0
0
0
0
0
0
0
0
0
0
0
0
0
0
0
0
0
0
0
0
0
0
0
0
0
0
0
0
0
0
0
0
0
0
0
0
0
0
0
0
0
0
0
0
0
0
0
0
0
0
0
0
0
0
0
0
0
0
0
0
0
0
0
0
0
0
0
0
0
0
0
0
0
0
0
0
0
10075.8
0
0
0
0
0
0
0
0
0
0
0
0
0
0
0
0
0
0
0
0
0
0
0
0
0
0
0
0
0
0
0
0
0
0
0
0
0
0
0
0
0
0
0
0
0
0
0
0
0
0
0
0
0
0
0
0
0
0
0
0
0
0
0
0
0
0
0
0
0
0
0
0
0
0
0
0
0
0
0
0
0
0
0
0
0
0
0
0
0
0
0
0
0
0
0
0
10075.8
0
0
0
0
0
0
0
0
0
0
0
0
0
0
0
0
0
0
0
0
0
0
0
0
0
0
0
0
0
0
0
0
0
0
0
0
0
0
0
0
0
0
0
0
0
0
0
0
0
0
0
0
0
0
0
0
0
0
0
0
0
0
0
0
0
0
0
0
0
0
0
0
0
0
0
0
0
0
0
0
0
0
0
0
0
0
0
0
0
0
0
0
0
0
0
0
10075.8
0
0
0
0
0
0
0
0
0
0
0
0
0
0
0
0
0
0
0
0
0
0
0
0
0
0
0
0
0
0
0
0
0
0
0
0
0
0
0
0
0
0
0
0
0
0
0
0
0
0
0
0
0
0
0
0
0
0
0
0
0
0
0
0
0
0
0
0
0
0
0
0
0
0
0
0
0
0
0
0
0
0
0
0
0
0
0
0
0
0
0
0
0
0
0
0
10075.8
0
0
0
0
0
0
0
0
0
0
0
0
0
0
0
0
0
0
0
0
0
0
0
0
0
0
0
0
0
0
0
0
0
0
0
0
0
0
0
0
0
0
0
0
0
0
0
0
0
0
0
0
0
0
0
0
0
0
0
0
0
0
0
0
0
0
0
0
0
0
0
0
0
0
0
0
0
0
0
0
0
0
0
0
0
0
0
0
0
0
0
0
0
0
0
0
10075.8
0
0
0
0
0
0
0
0
0
0
0
0
0
0
0
0
0
0
0
0
0
0
0
0
0
0
0
0
0
0
0
0
0
0
0
0
0
0
0
0
0
0
0
0
0
0
0
0
0
0
0
0
0
0
0
0
0
0
0
0
0
0
0
0
0
0
0
0
0
0
0
0
0
0
0
0
0
0
0
0
0
0
0
0
0
0
0
0
0
0
0
0
0
0
0
0
10075.8
0
0
0
0
0
0
0
0
0
0
0
0
0
0
0
0
0
0
0
0
0
0
0
0
0
0
0
0
0
0
0
0
0
0
0
0
0
0
0
0
0
0
0
0
0
0
0
0
0
0
0
0
0
0
0
0
0
0
0
0
0
0
0
0
0
0
0
0
0
0
0
0
0
0
0
0
0
0
0
0
0
0
0
0
0
0
0
0
0
0
0
0
0
0
0
0
0
0
0
0
0
0
0
0
0
0
0
0
0
0
0
0
0
0
0
0
0
0
0
0
0
0
0
0
0
0
0
0
0
0
0
0
0
0
0
0
0
0
0
0
0
0
0
0
0
0
0
0
0
0
0
0
0
0
0
0
0
0
0
0
0
0
0
0
0
0
0
0
0
0
0
0
0
0
0
0
0
0
0
0
0
0
0
0
0
0
0
0
0
0
0
0
10075.8
)
;
        value           nonuniform List<scalar> 
3903
(
100000
100000
100000
100000
100000
100000
100000
100000
100001
100001
100001
100001
100001
100001
100001
100001
100001
100001
100001
100001
100002
100002
100002
100002
100002
100002
100002
100002
100002
100002
100002
100002
100002
100002
100003
100003
100003
100003
100003
100003
100003
100003
100003
100003
100003
100003
100003
100003
100004
100004
100004
100004
100004
100004
100004
100004
100004
100004
100004
100004
100004
100004
100005
100005
100005
100005
100005
100005
100005
100005
100005
100005
100005
100005
100005
100005
100006
100006
100006
100006
100006
100006
100006
100006
100006
100006
100006
100006
100006
100006
100007
100007
100007
100007
100007
100007
100007
100007
100007
100007
100007
100007
100007
100007
100008
100008
100008
100008
100008
100008
100008
100008
100008
100008
100008
100008
100009
100009
100009
100009
100026
100026
100219
100219
100321
100321
100441
100441
100564
100564
100687
100687
100810
100810
100934
100934
101058
101058
101183
101183
101308
101308
101433
101433
101559
101559
101685
101685
101812
101812
101939
101939
102066
102066
102193
102193
102319
102319
102444
102444
102570
102570
102696
102696
102822
102822
102949
102949
103077
103077
103208
103208
103337
103337
103464
103464
103588
103588
103712
103712
103837
103837
103961
103961
104086
104086
104212
104212
104340
104340
104469
104469
104532
100000
100000
100000
100000
100001
100001
100001
100001
100001
100001
100002
100002
100002
100002
100002
100002
100002
100003
100003
100003
100003
100003
100003
100003
100004
100004
100004
100004
100004
100004
100004
100005
100005
100005
100005
100005
100005
100005
100006
100006
100006
100006
100006
100006
100006
100007
100007
100007
100007
100007
100007
100007
100008
100008
100008
100008
100008
100008
100009
100009
100022
100208
100311
100438
100562
100686
100809
100933
101057
101181
101306
101431
101558
101685
101812
101939
102066
102194
102319
102444
102569
102695
102821
102948
103075
103205
103335
103462
103587
103712
103836
103961
104086
104212
104340
104469
104532
100000
100000
100000
100000
100001
100001
100001
100001
100001
100001
100002
100002
100002
100002
100002
100002
100002
100003
100003
100003
100003
100003
100003
100003
100004
100004
100004
100004
100004
100004
100004
100005
100005
100005
100005
100005
100005
100005
100006
100006
100006
100006
100006
100006
100006
100007
100007
100007
100007
100007
100007
100007
100008
100008
100008
100008
100008
100008
100009
100009
100022
100205
100311
100438
100561
100685
100809
100933
101057
101182
101308
101435
101560
101686
101812
101939
102066
102192
102318
102444
102570
102696
102822
102948
103075
103204
103334
103460
103586
103711
103836
103961
104086
104212
104340
104469
104532
100000
100000
100000
100000
100001
100001
100001
100001
100001
100001
100002
100002
100002
100002
100002
100002
100002
100003
100003
100003
100003
100003
100003
100003
100004
100004
100004
100004
100004
100004
100004
100005
100005
100005
100005
100005
100005
100005
100006
100006
100006
100006
100006
100006
100006
100007
100007
100007
100007
100007
100007
100007
100008
100008
100008
100008
100008
100008
100009
100009
100023
100199
100309
100436
100560
100683
100807
100932
101056
101182
101307
101433
101559
101686
101812
101939
102065
102192
102318
102444
102570
102695
102821
102948
103075
103204
103332
103459
103585
103710
103835
103960
104086
104212
104340
104469
104532
100000
100000
100000
100000
100001
100001
100001
100001
100001
100001
100001
100002
100002
100002
100002
100002
100002
100003
100003
100003
100003
100003
100003
100003
100004
100004
100004
100004
100004
100004
100004
100005
100005
100005
100005
100005
100005
100005
100006
100006
100006
100006
100006
100006
100006
100007
100007
100007
100007
100007
100007
100007
100008
100008
100008
100008
100008
100008
100008
100010
100027
100193
100302
100435
100558
100681
100806
100932
101057
101183
101308
101434
101560
101686
101813
101939
102065
102192
102318
102444
102571
102697
102823
102949
103077
103205
103332
103458
103584
103710
103835
103960
104086
104212
104340
104469
104532
100000
100000
100000
100000
100001
100001
100001
100001
100001
100001
100001
100002
100002
100002
100002
100002
100002
100003
100003
100003
100003
100003
100003
100003
100004
100004
100004
100004
100004
100004
100004
100005
100005
100005
100005
100005
100005
100005
100006
100006
100006
100006
100006
100006
100006
100007
100007
100007
100007
100007
100007
100007
100008
100008
100008
100008
100008
100008
100008
100010
100035
100190
100302
100432
100556
100680
100806
100931
101056
101182
101308
101434
101561
101688
101814
101939
102065
102192
102318
102444
102570
102696
102823
102950
103078
103206
103332
103459
103585
103710
103836
103961
104086
104212
104340
104468
104531
100000
100000
100000
100000
100001
100001
100001
100001
100001
100001
100001
100002
100002
100002
100002
100002
100002
100003
100003
100003
100003
100003
100003
100003
100004
100004
100004
100004
100004
100004
100004
100005
100005
100005
100005
100005
100005
100005
100006
100006
100006
100006
100006
100006
100006
100007
100007
100007
100007
100007
100007
100007
100008
100008
100008
100008
100008
100008
100008
100009
100054
100187
100304
100430
100554
100679
100806
100935
101061
101183
101308
101434
101561
101687
101813
101939
102065
102191
102318
102444
102570
102696
102823
102950
103077
103205
103332
103458
103584
103709
103834
103960
104086
104212
104340
104467
104530
100000
100000
100000
100000
100001
100001
100001
100001
100001
100001
100001
100002
100002
100002
100002
100002
100002
100003
100003
100003
100003
100003
100003
100003
100004
100004
100004
100004
100004
100004
100004
100005
100005
100005
100005
100005
100005
100005
100006
100006
100006
100006
100006
100006
100006
100007
100007
100007
100007
100007
100007
100007
100008
100008
100008
100008
100008
100008
100008
100009
100086
100194
100308
100432
100556
100680
100805
100931
101057
101182
101307
101433
101559
101685
101811
101937
102063
102189
102315
102442
102569
102695
102822
102949
103076
103204
103331
103458
103584
103710
103836
103961
104087
104213
104340
104467
104527
100000
100000
100000
100000
100001
100001
100001
100001
100001
100001
100001
100002
100002
100002
100002
100002
100002
100003
100003
100003
100003
100003
100003
100003
100004
100004
100004
100004
100004
100004
100004
100005
100005
100005
100005
100005
100005
100005
100006
100006
100006
100006
100006
100006
100006
100007
100007
100007
100007
100007
100007
100007
100008
100008
100008
100008
100008
100008
100009
100009
100072
100192
100307
100430
100554
100679
100805
100931
101056
101180
101304
101431
101558
101684
101811
101936
102062
102188
102315
102442
102568
102695
102821
102948
103076
103203
103330
103458
103585
103711
103837
103963
104089
104215
104341
104469
104531
100000
100000
100000
100000
100001
100001
100001
100001
100001
100001
100001
100002
100002
100002
100002
100002
100002
100003
100003
100003
100003
100003
100003
100003
100004
100004
100004
100004
100004
100004
100004
100005
100005
100005
100005
100005
100005
100005
100006
100006
100006
100006
100006
100006
100006
100007
100007
100007
100007
100007
100007
100007
100008
100008
100008
100008
100008
100008
100009
100009
100049
100192
100301
100427
100551
100677
100804
100930
101054
101178
101303
101430
101557
101684
101811
101936
102062
102188
102314
102441
102567
102694
102820
102947
103075
103202
103330
103457
103584
103711
103837
103962
104088
104215
104342
104468
104531
100000
100000
100000
100000
100001
100001
100001
100001
100001
100001
100001
100002
100002
100002
100002
100002
100002
100003
100003
100003
100003
100003
100003
100003
100004
100004
100004
100004
100004
100004
100004
100005
100005
100005
100005
100005
100005
100005
100006
100006
100006
100006
100006
100006
100006
100007
100007
100007
100007
100007
100007
100007
100008
100008
100008
100008
100008
100008
100009
100010
100033
100191
100295
100429
100550
100677
100804
100930
101054
101178
101303
101430
101557
101684
101811
101938
102063
102187
102312
102439
102566
102693
102819
102947
103074
103202
103330
103457
103584
103711
103837
103963
104089
104215
104341
104468
104530
100000
100000
100000
100000
100001
100001
100001
100001
100001
100001
100001
100002
100002
100002
100002
100002
100002
100003
100003
100003
100003
100003
100003
100003
100004
100004
100004
100004
100004
100004
100004
100005
100005
100005
100005
100005
100005
100005
100006
100006
100006
100006
100006
100006
100006
100007
100007
100007
100007
100007
100007
100007
100008
100008
100008
100008
100008
100008
100009
100010
100022
100190
100292
100428
100549
100677
100803
100929
101054
101179
101304
101430
101557
101684
101810
101937
102063
102190
102314
102439
102565
102692
102819
102946
103073
103202
103331
103458
103584
103711
103837
103963
104088
104214
104341
104467
104530
100000
100000
100000
100000
100001
100001
100001
100001
100001
100001
100001
100002
100002
100002
100002
100002
100002
100002
100003
100003
100003
100003
100003
100003
100004
100004
100004
100004
100004
100004
100004
100005
100005
100005
100005
100005
100005
100005
100006
100006
100006
100006
100006
100006
100006
100007
100007
100007
100007
100007
100007
100007
100008
100008
100008
100008
100008
100008
100009
100009
100018
100194
100290
100427
100550
100677
100803
100929
101054
101179
101304
101430
101556
101682
101809
101936
102063
102189
102315
102440
102566
102692
102818
102945
103073
103202
103332
103459
103585
103711
103837
103963
104088
104214
104340
104466
104529
100000
100000
100000
100000
100001
100001
100001
100001
100001
100001
100001
100002
100002
100002
100002
100002
100002
100002
100003
100003
100003
100003
100003
100003
100004
100004
100004
100004
100004
100004
100004
100005
100005
100005
100005
100005
100005
100005
100006
100006
100006
100006
100006
100006
100006
100007
100007
100007
100007
100007
100007
100007
100008
100008
100008
100008
100008
100008
100009
100009
100020
100198
100291
100438
100556
100679
100805
100930
101055
101180
101306
101431
101556
101682
101809
101936
102062
102189
102315
102441
102566
102691
102817
102943
103071
103201
103332
103460
103586
103711
103837
103963
104088
104214
104340
104466
104529
100000
100000
100000
100000
100001
100001
100001
100001
100001
100001
100001
100002
100002
100002
100002
100002
100002
100002
100003
100003
100003
100003
100003
100003
100004
100004
100004
100004
100004
100004
100004
100005
100005
100005
100005
100005
100005
100005
100006
100006
100006
100006
100006
100006
100006
100007
100007
100007
100007
100007
100007
100007
100008
100008
100008
100008
100008
100008
100009
100009
100021
100198
100289
100437
100555
100678
100804
100929
101055
101181
101306
101432
101557
101683
101809
101936
102063
102189
102315
102441
102566
102691
102816
102942
103070
103201
103331
103460
103586
103712
103837
103963
104088
104214
104340
104466
104529
100000
100000
100000
100000
100000
100000
100000
100000
100001
100001
100001
100001
100001
100001
100001
100001
100001
100001
100001
100001
100001
100001
100002
100002
100002
100002
100002
100002
100002
100002
100002
100002
100002
100002
100002
100002
100003
100003
100003
100003
100003
100003
100003
100003
100003
100003
100003
100003
100004
100004
100004
100004
100004
100004
100004
100004
100004
100004
100004
100004
100004
100004
100005
100005
100005
100005
100005
100005
100005
100005
100005
100005
100005
100005
100005
100005
100006
100006
100006
100006
100006
100006
100006
100006
100006
100006
100006
100006
100006
100006
100007
100007
100007
100007
100007
100007
100007
100007
100007
100007
100007
100007
100007
100007
100008
100008
100008
100008
100008
100008
100008
100008
100008
100008
100008
100008
100009
100009
100009
100009
100026
100026
100209
100209
100305
100305
100433
100433
100557
100557
100680
100680
100805
100805
100931
100931
101056
101056
101182
101182
101307
101307
101433
101433
101558
101558
101684
101684
101810
101810
101937
101937
102063
102063
102189
102189
102315
102315
102441
102441
102566
102566
102691
102691
102816
102816
102941
102941
103069
103069
103200
103200
103331
103331
103460
103460
103587
103587
103712
103712
103837
103837
103963
103963
104089
104089
104214
104214
104340
104340
104466
104466
104529
100000
100000
100000
100000
100001
100001
100001
100001
100001
100001
100002
100002
100002
100002
100002
100002
100002
100003
100003
100003
100003
100003
100003
100003
100004
100004
100004
100004
100004
100004
100004
100005
100005
100005
100005
100005
100005
100005
100006
100006
100006
100006
100006
100006
100006
100007
100007
100007
100007
100007
100007
100007
100008
100008
100008
100008
100008
100008
100009
100009
100022
100203
100308
100438
100563
100686
100810
100933
101057
101182
101307
101433
101559
101685
101812
101939
102066
102192
102319
102445
102570
102695
102821
102948
103077
103207
103336
103464
103589
103712
103836
103960
104084
104210
104337
104467
104530
104530
104531
104531
104531
104530
104529
104522
104530
104530
104529
104529
104528
104529
100000
100000
100000
100000
100001
100001
100001
100001
100001
100001
100001
100002
100002
100002
100002
100002
100002
100002
100003
100003
100003
100003
100003
100003
100004
100004
100004
100004
100004
100004
100004
100005
100005
100005
100005
100005
100005
100005
100006
100006
100006
100006
100006
100006
100006
100007
100007
100007
100007
100007
100007
100007
100008
100008
100008
100008
100008
100008
100009
100009
100024
100203
100308
100433
100557
100681
100805
100930
101055
101181
101306
101432
101557
101683
101809
101936
102062
102189
102315
102441
102565
102689
102813
102938
103065
103197
103330
103460
103586
103711
103837
103963
104088
104214
104340
104466
104529
100000
100000
100000
100000
100001
100001
100001
100001
100001
100001
100002
100002
100002
100002
100002
100002
100002
100003
100003
100003
100003
100003
100003
100003
100004
100004
100004
100004
100004
100004
100004
100005
100005
100005
100005
100005
100005
100005
100006
100006
100006
100006
100006
100006
100006
100007
100007
100007
100007
100007
100007
100007
100008
100008
100008
100008
100008
100008
100009
100009
100022
100203
100308
100438
100563
100687
100810
100933
101057
101183
101309
101435
101561
101686
101812
101939
102067
102194
102319
102444
102569
102695
102820
102947
103076
103205
103333
103461
103587
103712
103836
103959
104082
104208
104338
104469
104532
104532
104532
104532
104532
104532
104531
104529
104529
104529
104530
104529
104529
104529
104529
100000
100000
100000
100000
100001
100001
100001
100001
100001
100001
100001
100002
100002
100002
100002
100002
100002
100002
100003
100003
100003
100003
100003
100003
100004
100004
100004
100004
100004
100004
100004
100005
100005
100005
100005
100005
100005
100005
100006
100006
100006
100006
100006
100006
100006
100007
100007
100007
100007
100007
100007
100007
100008
100008
100008
100008
100008
100008
100009
100009
100022
100200
100313
100435
100559
100683
100806
100930
101055
101181
101306
101432
101557
101683
101809
101936
102062
102188
102315
102441
102567
102689
102812
102937
103065
103196
103328
103458
103585
103711
103836
103962
104088
104214
104340
104466
104529
100000
100000
100000
100000
100000
100000
100000
100000
100001
100001
100001
100001
100001
100001
100001
100001
100001
100001
100001
100001
100002
100002
100002
100002
100002
100002
100002
100002
100002
100002
100002
100002
100002
100002
100003
100003
100003
100003
100003
100003
100003
100003
100003
100003
100003
100003
100003
100003
100004
100004
100004
100004
100004
100004
100004
100004
100004
100004
100004
100004
100004
100004
100005
100005
100005
100005
100005
100005
100005
100005
100005
100005
100005
100005
100005
100005
100006
100006
100006
100006
100006
100006
100006
100006
100006
100006
100006
100006
100006
100006
100007
100007
100007
100007
100007
100007
100007
100007
100007
100007
100007
100007
100007
100007
100008
100008
100008
100008
100008
100008
100008
100008
100008
100008
100008
100008
100009
100009
100009
100009
100022
100022
100213
100213
100317
100317
100440
100440
100565
100565
100688
100688
100811
100811
100934
100934
101057
101057
101183
101183
101310
101310
101436
101436
101561
101561
101685
101685
101811
101811
101938
101938
102067
102067
102194
102194
102320
102320
102444
102444
102569
102569
102693
102693
102820
102820
102947
102947
103077
103077
103205
103205
103332
103332
103460
103460
103587
103587
103712
103712
103836
103836
103960
103960
104085
104085
104212
104212
104341
104341
104472
104472
104535
100000
100000
100000
100000
100001
100001
100001
100001
100001
100001
100001
100002
100002
100002
100002
100002
100002
100003
100003
100003
100003
100003
100003
100003
100004
100004
100004
100004
100004
100004
100004
100005
100005
100005
100005
100005
100005
100005
100006
100006
100006
100006
100006
100006
100006
100007
100007
100007
100007
100007
100007
100007
100008
100008
100008
100008
100008
100008
100009
100009
100018
100203
100310
100438
100564
100687
100809
100932
101056
101182
101309
101436
101561
101685
101811
101938
102067
102194
102319
102444
102568
102692
102818
102947
103076
103204
103331
103460
103587
103712
103836
103960
104085
104212
104342
104472
104535
100000
100000
100000
100000
100001
100001
100001
100001
100001
100001
100001
100002
100002
100002
100002
100002
100002
100003
100003
100003
100003
100003
100003
100003
100004
100004
100004
100004
100004
100004
100004
100005
100005
100005
100005
100005
100005
100005
100006
100006
100006
100006
100006
100006
100006
100007
100007
100007
100007
100007
100007
100007
100008
100008
100008
100008
100008
100008
100009
100009
100017
100200
100310
100437
100563
100686
100807
100930
101054
101181
101309
101437
101561
101686
101811
101938
102066
102193
102318
102443
102568
102693
102819
102946
103074
103202
103331
103460
103586
103711
103835
103960
104085
104212
104342
104473
104535
100000
100000
100000
100000
100001
100001
100001
100001
100001
100001
100001
100002
100002
100002
100002
100002
100002
100003
100003
100003
100003
100003
100003
100003
100004
100004
100004
100004
100004
100004
100004
100005
100005
100005
100005
100005
100005
100005
100006
100006
100006
100006
100006
100006
100006
100007
100007
100007
100007
100007
100007
100007
100008
100008
100008
100008
100008
100008
100009
100009
100018
100197
100311
100437
100564
100687
100808
100931
101055
101180
101307
101434
101560
101686
101812
101938
102065
102192
102317
102443
102568
102694
102821
102948
103076
103204
103332
103459
103585
103710
103835
103960
104085
104213
104342
104472
104535
100000
100000
100000
100000
100001
100001
100001
100001
100001
100001
100001
100002
100002
100002
100002
100002
100002
100003
100003
100003
100003
100003
100003
100003
100004
100004
100004
100004
100004
100004
100004
100005
100005
100005
100005
100005
100005
100005
100006
100006
100006
100006
100006
100006
100006
100007
100007
100007
100007
100007
100007
100007
100008
100008
100008
100008
100008
100008
100009
100009
100021
100193
100311
100436
100565
100688
100810
100933
101057
101183
101309
101434
101560
101685
101811
101938
102064
102191
102317
102443
102569
102695
102822
102949
103076
103204
103332
103459
103585
103710
103835
103960
104085
104213
104342
104472
104535
100000
100000
100000
100000
100001
100001
100001
100001
100001
100001
100001
100002
100002
100002
100002
100002
100002
100003
100003
100003
100003
100003
100003
100003
100004
100004
100004
100004
100004
100004
100004
100005
100005
100005
100005
100005
100005
100005
100006
100006
100006
100006
100006
100006
100006
100007
100007
100007
100007
100007
100007
100007
100008
100008
100008
100008
100008
100008
100008
100009
100027
100188
100307
100434
100563
100688
100810
100933
101057
101182
101308
101433
101558
101684
101810
101937
102063
102189
102315
102442
102568
102694
102821
102948
103076
103204
103331
103458
103584
103710
103835
103960
104085
104212
104341
104471
104534
100000
100000
100000
100000
100001
100001
100001
100001
100001
100001
100001
100002
100002
100002
100002
100002
100002
100003
100003
100003
100003
100003
100003
100003
100004
100004
100004
100004
100004
100004
100004
100005
100005
100005
100005
100005
100005
100005
100006
100006
100006
100006
100006
100006
100006
100007
100007
100007
100007
100007
100007
100007
100008
100008
100008
100008
100008
100008
100008
100010
100038
100185
100301
100431
100561
100686
100809
100933
101056
101181
101306
101431
101557
101683
101810
101936
102062
102188
102315
102441
102568
102694
102821
102948
103076
103203
103331
103458
103584
103710
103835
103959
104085
104212
104340
104469
104532
100000
100000
100000
100000
100001
100001
100001
100001
100001
100001
100001
100002
100002
100002
100002
100002
100002
100003
100003
100003
100003
100003
100003
100003
100004
100004
100004
100004
100004
100004
100004
100005
100005
100005
100005
100005
100005
100005
100006
100006
100006
100006
100006
100006
100006
100007
100007
100007
100007
100007
100007
100007
100008
100008
100008
100008
100008
100008
100008
100010
100050
100186
100298
100428
100555
100682
100806
100930
101055
101180
101305
101430
101557
101683
101809
101935
102061
102187
102314
102441
102568
102694
102821
102948
103076
103204
103331
103458
103584
103710
103835
103959
104084
104210
104338
104467
104530
100000
100000
100000
100000
100001
100001
100001
100001
100001
100001
100001
100002
100002
100002
100002
100002
100002
100002
100003
100003
100003
100003
100003
100003
100004
100004
100004
100004
100004
100004
100004
100005
100005
100005
100005
100005
100005
100005
100006
100006
100006
100006
100006
100006
100006
100007
100007
100007
100007
100007
100007
100007
100008
100008
100008
100008
100008
100008
100008
100010
100046
100191
100301
100427
100553
100679
100804
100929
101054
101180
101305
101430
101556
101682
101808
101933
102059
102185
102313
102441
102567
102693
102820
102947
103075
103203
103330
103458
103584
103710
103835
103960
104084
104210
104337
104466
104529
100000
100000
100000
100000
100001
100001
100001
100001
100001
100001
100001
100002
100002
100002
100002
100002
100002
100002
100003
100003
100003
100003
100003
100003
100004
100004
100004
100004
100004
100004
100004
100005
100005
100005
100005
100005
100005
100005
100006
100006
100006
100006
100006
100006
100006
100007
100007
100007
100007
100007
100007
100007
100008
100008
100008
100008
100008
100008
100009
100010
100033
100190
100299
100427
100552
100678
100804
100930
101055
101180
101305
101430
101556
101681
101807
101932
102058
102185
102313
102441
102567
102692
102819
102946
103074
103202
103330
103457
103584
103710
103835
103960
104085
104211
104338
104466
104529
100000
100000
100000
100000
100001
100001
100001
100001
100001
100001
100001
100002
100002
100002
100002
100002
100002
100002
100003
100003
100003
100003
100003
100003
100004
100004
100004
100004
100004
100004
100004
100005
100005
100005
100005
100005
100005
100005
100006
100006
100006
100006
100006
100006
100006
100007
100007
100007
100007
100007
100007
100007
100008
100008
100008
100008
100008
100008
100009
100009
100022
100191
100298
100427
100551
100676
100801
100927
101052
101179
101305
101430
101555
101681
101807
101934
102059
102186
102313
102441
102568
102692
102817
102944
103073
103202
103330
103457
103583
103710
103835
103959
104085
104212
104339
104466
104529
100000
100000
100000
100000
100001
100001
100001
100001
100001
100001
100001
100002
100002
100002
100002
100002
100002
100002
100003
100003
100003
100003
100003
100003
100004
100004
100004
100004
100004
100004
100004
100005
100005
100005
100005
100005
100005
100005
100006
100006
100006
100006
100006
100006
100006
100007
100007
100007
100007
100007
100007
100007
100008
100008
100008
100008
100008
100008
100009
100009
100018
100194
100298
100427
100551
100675
100801
100926
101052
101177
101303
101429
101555
101680
101807
101934
102061
102188
102315
102442
102568
102693
102817
102943
103071
103201
103330
103457
103584
103710
103835
103960
104086
104213
104339
104466
104529
100000
100000
100000
100000
100001
100001
100001
100001
100001
100001
100001
100002
100002
100002
100002
100002
100002
100002
100003
100003
100003
100003
100003
100003
100004
100004
100004
100004
100004
100004
100004
100005
100005
100005
100005
100005
100005
100005
100006
100006
100006
100006
100006
100006
100006
100007
100007
100007
100007
100007
100007
100007
100008
100008
100008
100008
100008
100008
100009
100009
100017
100196
100299
100428
100552
100676
100801
100927
101053
101178
101303
101428
101554
101681
101808
101935
102061
102188
102315
102442
102568
102692
102816
102942
103070
103200
103331
103458
103584
103710
103836
103961
104087
104213
104340
104466
104529
100000
100000
100000
100000
100001
100001
100001
100001
100001
100001
100001
100002
100002
100002
100002
100002
100002
100002
100003
100003
100003
100003
100003
100003
100004
100004
100004
100004
100004
100004
100004
100005
100005
100005
100005
100005
100005
100005
100006
100006
100006
100006
100006
100006
100006
100007
100007
100007
100007
100007
100007
100007
100008
100008
100008
100008
100008
100008
100009
100009
100018
100197
100303
100431
100555
100678
100802
100928
101053
101179
101305
101429
101555
101681
101808
101934
102061
102188
102315
102442
102567
102691
102815
102941
103069
103199
103330
103459
103585
103710
103836
103962
104088
104214
104340
104466
104529
100000
100000
100000
100000
100001
100001
100001
100001
100001
100001
100001
100002
100002
100002
100002
100002
100002
100002
100003
100003
100003
100003
100003
100003
100004
100004
100004
100004
100004
100004
100004
100005
100005
100005
100005
100005
100005
100005
100006
100006
100006
100006
100006
100006
100006
100007
100007
100007
100007
100007
100007
100007
100008
100008
100008
100008
100008
100008
100009
100009
100021
100202
100309
100434
100558
100681
100804
100929
101056
101181
101306
101431
101556
101682
101808
101935
102061
102188
102315
102441
102567
102691
102815
102941
103069
103199
103330
103459
103585
103711
103836
103962
104088
104214
104340
104466
104529
100000
100000
100000
100000
100000
100000
100000
100000
100001
100001
100001
100001
100001
100001
100001
100001
100001
100001
100001
100001
100001
100001
100002
100002
100002
100002
100002
100002
100002
100002
100002
100002
100002
100002
100002
100002
100003
100003
100003
100003
100003
100003
100003
100003
100003
100003
100003
100003
100004
100004
100004
100004
100004
100004
100004
100004
100004
100004
100004
100004
100004
100004
100005
100005
100005
100005
100005
100005
100005
100005
100005
100005
100005
100005
100005
100005
100006
100006
100006
100006
100006
100006
100006
100006
100006
100006
100006
100006
100006
100006
100007
100007
100007
100007
100007
100007
100007
100007
100007
100007
100007
100007
100007
100007
100008
100008
100008
100008
100008
100008
100008
100008
100008
100008
100008
100008
100009
100009
100009
100009
100026
100026
100212
100212
100317
100317
100436
100436
100561
100561
100684
100684
100807
100807
100931
100931
101055
101055
101181
101181
101308
101308
101434
101434
101559
101559
101683
101683
101809
101809
101935
101935
102062
102062
102188
102188
102315
102315
102441
102441
102567
102567
102691
102691
102815
102815
102940
102940
103069
103069
103199
103199
103330
103330
103459
103459
103585
103585
103711
103711
103836
103836
103962
103962
104088
104088
104214
104214
104340
104340
104466
104466
104529
)
;
    }
}


// ************************************************************************* //
