/*--------------------------------*- C++ -*----------------------------------*\
| =========                 |                                                 |
| \\      /  F ield         | OpenFOAM: The Open Source CFD Toolbox           |
|  \\    /   O peration     | Version:  2.3.0                                 |
|   \\  /    A nd           | Web:      www.OpenFOAM.org                      |
|    \\/     M anipulation  |                                                 |
\*---------------------------------------------------------------------------*/
FoamFile
{
    version     2.0;
    format      ascii;
    class       volScalarField;
    location    "41";
    object      dsauter;
}
// * * * * * * * * * * * * * * * * * * * * * * * * * * * * * * * * * * * * * //

dimensions      [0 0 0 0 0 0 0];

internalField   nonuniform List<scalar> 
6144
(
0.00833335
0.00833335
0.00833335
0.00833335
0.00833335
0.00833335
0.00833335
0.00833335
0.00833335
0.00833335
0.00833335
0.00833335
0.00833335
0.00833335
0.00833335
0.00833335
0.00833335
0.00833335
0.00833335
0.00833335
0.00833335
0.00833335
0.00833335
0.00833335
0.00833335
0.00833335
0.00833335
0.00833335
0.00833335
0.00833335
0.00833335
0.00833335
0.00833335
0.00833335
0.00833335
0.00833335
0.00833335
0.00833335
0.00833335
0.00833335
0.00833335
0.00833335
0.00833335
0.00833335
0.00833335
0.00833335
0.00833335
0.00833335
0.00833335
0.00833335
0.00833335
0.00833335
0.00833335
0.00833335
0.00833335
0.00833335
0.00833335
0.00833335
0.008327
0.00834177
0.00833622
0.00833305
0.0001
0.0001
0.0001
0.0001
0.0001
0.0001
0.0001
0.0001
0.0001
0.0001
0.0001
0.0001
0.0001
0.0001
0.0001
0.0001
0.0001
0.0001
0.0001
0.0001
0.0001
0.0001
0.0001
0.0001
0.0001
0.0001
0.0001
0.0001
0.0001
0.0001
0.0001
0.0001
0.0001
0.0001
0.00833335
0.00833335
0.00833335
0.00833335
0.00833335
0.00833335
0.00833335
0.00833335
0.00833335
0.00833335
0.00833335
0.00833335
0.00833335
0.00833335
0.00833335
0.00833335
0.00833335
0.00833335
0.00833335
0.00833335
0.00833335
0.00833335
0.00833335
0.00833335
0.00833335
0.00833335
0.00833335
0.00833335
0.00833335
0.00833335
0.00833335
0.00833335
0.00833335
0.00833335
0.00833335
0.00833335
0.00833335
0.00833335
0.00833335
0.00833335
0.00833335
0.00833335
0.00833335
0.00833335
0.00833335
0.00833335
0.00833335
0.00833335
0.00833335
0.00833335
0.00833335
0.00833335
0.00833335
0.00833335
0.00833335
0.00833335
0.00833335
0.00833301
0.00832052
0.00834828
0.00831768
0.0083345
0.0001
0.0001
0.0001
0.0001
0.0001
0.0001
0.0001
0.0001
0.0001
0.0001
0.0001
0.0001
0.0001
0.0001
0.0001
0.0001
0.0001
0.0001
0.0001
0.0001
0.0001
0.0001
0.0001
0.0001
0.0001
0.0001
0.0001
0.0001
0.0001
0.0001
0.0001
0.0001
0.0001
0.0001
0.00833335
0.00833335
0.00833335
0.00833335
0.00833335
0.00833335
0.00833335
0.00833335
0.00833335
0.00833335
0.00833335
0.00833335
0.00833335
0.00833335
0.00833335
0.00833335
0.00833335
0.00833335
0.00833335
0.00833335
0.00833335
0.00833335
0.00833335
0.00833335
0.00833335
0.00833335
0.00833335
0.00833335
0.00833335
0.00833335
0.00833335
0.00833335
0.00833335
0.00833335
0.00833335
0.00833335
0.00833335
0.00833335
0.00833335
0.00833335
0.00833335
0.00833335
0.00833335
0.00833335
0.00833335
0.00833335
0.00833335
0.00833335
0.00833335
0.00833335
0.00833335
0.00833335
0.00833335
0.00833335
0.00833335
0.00833335
0.00833335
0.00833335
0.00833386
0.00835933
0.00754828
0.00833319
0.0001
0.0001
0.0001
0.0001
0.0001
0.0001
0.0001
0.0001
0.0001
0.0001
0.0001
0.0001
0.0001
0.0001
0.0001
0.0001
0.0001
0.0001
0.0001
0.0001
0.0001
0.0001
0.0001
0.0001
0.0001
0.0001
0.0001
0.0001
0.0001
0.0001
0.0001
0.0001
0.0001
0.0001
0.00833335
0.00833335
0.00833335
0.00833335
0.00833335
0.00833335
0.00833335
0.00833335
0.00833335
0.00833335
0.00833335
0.00833335
0.00833335
0.00833335
0.00833335
0.00833335
0.00833335
0.00833335
0.00833335
0.00833335
0.00833335
0.00833335
0.00833335
0.00833335
0.00833335
0.00833335
0.00833335
0.00833335
0.00833335
0.00833335
0.00833335
0.00833335
0.00833335
0.00833335
0.00833335
0.00833335
0.00833335
0.00833335
0.00833335
0.00833335
0.00833335
0.00833335
0.00833335
0.00833335
0.00833335
0.00833335
0.00833335
0.00833335
0.00833335
0.00833335
0.00833335
0.00833335
0.00833335
0.00833335
0.00833335
0.00833335
0.00833335
0.00833335
0.00833335
0.00833335
0.00833395
0.0079357
0.00833335
0.0001
0.0001
0.0001
0.0001
0.0001
0.0001
0.0001
0.0001
0.0001
0.00833348
0.00833296
0.0001
0.0001
0.00833267
0.00833335
0.00832885
0.00833944
0.00833428
0.00833235
0.00833335
0.0001
0.00833334
0.00833337
0.00833335
0.0001
0.0001
0.0001
0.0001
0.0001
0.0001
0.0001
0.0001
0.0001
0.00833335
0.00833335
0.00833335
0.00833335
0.00833335
0.00833335
0.00833335
0.00833335
0.00833335
0.00833335
0.00833335
0.00833335
0.00833335
0.00833335
0.00833335
0.00833335
0.00833335
0.00833335
0.00833335
0.00833335
0.00833335
0.00833335
0.00833335
0.00833335
0.00833335
0.00833335
0.00833335
0.00833335
0.00833335
0.00833335
0.00833335
0.00833335
0.00833335
0.00833335
0.00833335
0.00833335
0.00833335
0.00833335
0.00833335
0.00833335
0.00833335
0.00833335
0.00833335
0.00833335
0.00833335
0.00833335
0.00833335
0.00833335
0.00833335
0.00833335
0.00833335
0.00833335
0.00833335
0.00833335
0.00833335
0.00833335
0.00833335
0.00833335
0.00833334
0.00836359
0.00746385
0.00834902
0.00833375
0.00833335
0.00833326
0.00833054
0.0083415
0.00833256
0.0083252
0.00833305
0.00828426
0.00837963
0.00826446
0.0081549
0.00831522
0.00800461
0.0087635
0.00837238
0.00877354
0.00850652
0.00831125
0.00833345
0.00833336
0.00833335
0.00833335
0.00833317
0.00834528
0.00831697
0.00833347
0.00833302
0.0001
0.0001
0.0001
0.0001
0.0001
0.0001
0.00833335
0.00833335
0.00833335
0.00833335
0.00833335
0.00833335
0.00833335
0.00833335
0.00833335
0.00833335
0.00833335
0.00833335
0.00833335
0.00833335
0.00833335
0.00833335
0.00833335
0.00833335
0.00833335
0.00833335
0.00833335
0.00833335
0.00833335
0.00833335
0.00833335
0.00833335
0.00833335
0.00833335
0.00833335
0.00833335
0.00833335
0.00833335
0.00833335
0.00833335
0.00833335
0.00833335
0.00833335
0.00833335
0.00833335
0.00833335
0.00833335
0.00833335
0.00833335
0.00833335
0.00833335
0.00833335
0.00833335
0.00833335
0.00833335
0.00833335
0.00833335
0.00833335
0.00833335
0.00833335
0.00833335
0.00833335
0.00833335
0.00833335
0.00833335
0.00836539
0.00746035
0.00802335
0.00810516
0.00836021
0.0083811
0.00829373
0.00817888
0.00762595
0.00910436
0.00821938
0.00853101
0.00883102
0.00878221
0.00836481
0.00832228
0.00831345
0.00835993
0.00833272
0.0083289
0.00834839
0.00830747
0.00830539
0.00881751
0.00829014
0.00829805
0.01
0.00816709
0.00840723
0.00833401
0.00833335
0.00833308
0.00833392
0.0001
0.0001
0.0001
0.0001
0.00833335
0.00833335
0.00833335
0.00833335
0.00833335
0.00833335
0.00833335
0.00833335
0.00833335
0.00833335
0.00833335
0.00833335
0.00833335
0.00833335
0.00833335
0.00833335
0.00833335
0.00833335
0.00833335
0.00833335
0.00833335
0.00833335
0.00833335
0.00833335
0.00833335
0.00833335
0.00833335
0.00833335
0.00833335
0.00833335
0.00833335
0.00833335
0.00833335
0.00833335
0.00833335
0.00833335
0.00833335
0.00833335
0.00833335
0.00833335
0.00833335
0.00833335
0.00833335
0.00833335
0.00833335
0.00833335
0.00833335
0.00833335
0.00833335
0.00833335
0.00833335
0.00833335
0.00833335
0.00833335
0.00833335
0.00833335
0.00833335
0.00833334
0.00833345
0.00833191
0.00834461
0.01
0.00609921
0.00832931
0.00834521
0.00826332
0.00426969
0.00708393
0.00835609
0.00679425
0.0097552
0.00727867
0.01
0.00615931
0.00891669
0.00812766
0.00891409
0.00801867
0.00828149
0.00833324
0.00625118
0.01
0.00838416
0.00809581
0.0001
0.0001
0.00833347
0.00833357
0.00837525
0.00830222
0.00834762
0.00833414
0.00834142
0.00857399
0.00833353
0.0083319
0.00833335
0.00833335
0.00833335
0.00833335
0.00833335
0.00833335
0.00833335
0.00833335
0.00833335
0.00833335
0.00833335
0.00833335
0.00833335
0.00833335
0.00833335
0.00833335
0.00833335
0.00833335
0.00833335
0.00833335
0.00833335
0.00833335
0.00833335
0.00833335
0.00833335
0.00833335
0.00833335
0.00833335
0.00833335
0.00833335
0.00833335
0.00833335
0.00833335
0.00833335
0.00833335
0.00833335
0.00833335
0.00833335
0.00833335
0.00833335
0.00833335
0.00833335
0.00833335
0.00833335
0.00833335
0.00833335
0.00833335
0.00833335
0.00833335
0.00833335
0.00833335
0.00833335
0.00833335
0.00833335
0.00833335
0.00833335
0.00833335
0.00833323
0.00833555
0.00833032
0.00831765
0.00735805
0.00826918
0.00831259
0.00830135
0.01
0.01
0.01
0.00164058
0.00766501
0.00916078
0.00846261
0.00829246
0.0083089
0.00831797
0.00830187
0.00791824
0.00881157
0.00833668
0.00833336
0.00839353
0.00843704
0.0087481
0.00726572
0.00895312
0.00661962
0.0001
0.0001
0.0001
0.0001
0.0001
0.0001
0.0001
0.01
0.00836764
0.0083331
0.00833335
0.00833335
0.00833335
0.00833335
0.00833335
0.00833335
0.00833335
0.00833335
0.00833335
0.00833335
0.00833335
0.00833335
0.00833335
0.00833335
0.00833335
0.00833335
0.00833335
0.00833335
0.00833335
0.00833335
0.00833335
0.00833335
0.00833335
0.00833335
0.00833335
0.00833335
0.00833335
0.00833335
0.00833335
0.00833335
0.00833335
0.00833335
0.00833335
0.00833335
0.00833335
0.00833335
0.00833335
0.00833335
0.00833335
0.00833335
0.00833335
0.00833335
0.00833335
0.00833335
0.00833335
0.00833335
0.00833335
0.00833335
0.00833335
0.00833335
0.00833335
0.00833335
0.00833335
0.00833335
0.00833335
0.00833335
0.00833335
0.00833335
0.00833321
0.00833335
0.00951845
0.00734446
0.01
0.00552523
0.00807302
0.00789453
0.00670856
0.01
0.00768281
0.00576292
0.01
0.00196861
0.00896615
0.0081159
0.00861647
0.00834044
0.00833404
0.0083549
0.00888048
0.01
0.00391444
0.00465757
0.00572521
0.01
0.01
0.008634
0.00634419
0.00898165
0.00780214
0.00837248
0.00833675
0.00833069
0.00833345
0.00833342
0.00837969
0.0082738
0.00833335
0.00833335
0.00833335
0.00833335
0.00833335
0.00833335
0.00833335
0.00833335
0.00833335
0.00833335
0.00833335
0.00833335
0.00833335
0.00833335
0.00833335
0.00833335
0.00833335
0.00833335
0.00833335
0.00833335
0.00833335
0.00833335
0.00833335
0.00833335
0.00833335
0.00833335
0.00833335
0.00833335
0.00833335
0.00833335
0.00833335
0.00833335
0.00833335
0.00833335
0.00833335
0.00833335
0.00833335
0.00833335
0.00833335
0.00833335
0.00833335
0.00833335
0.00833335
0.00833335
0.00833335
0.00833335
0.00833335
0.00833335
0.00833335
0.00833335
0.00833335
0.00833335
0.00833335
0.00833335
0.00833335
0.00833335
0.00833335
0.00833335
0.00833335
0.00833335
0.00853344
0.00580079
0.01
0.0057908
0.00569455
0.01
0.00410723
0.00844437
0.00639829
0.00826753
0.00910407
0.00565395
0.01
0.0085078
0.00834253
0.00833135
0.00832408
0.00789896
0.00836141
0.00844846
0.0074912
0.00825765
0.00826167
0.00835784
0.00528565
0.00810197
0.00810444
0.00859545
0.00798058
0.00623778
0.01
0.00876613
0.00830471
0.00833335
0.00835019
0.00830737
0.00833335
0.00833335
0.00833335
0.00833335
0.00833335
0.00833335
0.00833335
0.00833335
0.00833335
0.00833335
0.00833335
0.00833335
0.00833335
0.00833335
0.00833335
0.00833335
0.00833335
0.00833335
0.00833335
0.00833335
0.00833335
0.00833335
0.00833335
0.00833335
0.00833335
0.00833335
0.00833335
0.00833335
0.00833335
0.00833335
0.00833335
0.00833335
0.00833335
0.00833335
0.00833335
0.00833335
0.00833335
0.00833335
0.00833335
0.00833335
0.00833335
0.00833335
0.00833335
0.00833335
0.00833335
0.00833335
0.00833335
0.00833335
0.00833335
0.00833335
0.00833335
0.00833335
0.00833335
0.00833335
0.00833335
0.00833335
0.00833335
0.00833387
0.00832474
0.00833559
0.00833394
0.00838308
0.00814805
0.00922211
0.00755917
0.00813308
0.00724078
0.00817186
0.00876825
0.00810654
0.00824337
0.00744086
0.00928634
0.0022879
0.00833334
0.00833327
0.00833336
0.00832668
0.0083334
0.0083386
0.00834492
0.00846374
0.0082202
0.00835907
0.00830256
0.00833328
0.00833446
0.0083998
0.00833056
0.00835317
0.00833333
0.0083885
0.00833343
0.00833321
0.0001
0.00833335
0.00833335
0.00833335
0.00833335
0.00833335
0.00833335
0.00833335
0.00833335
0.00833335
0.00833335
0.00833335
0.00833335
0.00833335
0.00833335
0.00833335
0.00833335
0.00833335
0.00833335
0.00833335
0.00833335
0.00833335
0.00833335
0.00833335
0.00833335
0.00833335
0.00833335
0.00833335
0.00833335
0.00833335
0.00833335
0.00833335
0.00833335
0.00833335
0.00833335
0.00833335
0.00833335
0.00833335
0.00833335
0.00833335
0.00833335
0.00833335
0.00833335
0.00833335
0.00833335
0.00833335
0.00833335
0.00833335
0.00833335
0.00833335
0.00833335
0.00833335
0.00833335
0.00833335
0.00833335
0.00833335
0.00833335
0.00833335
0.00833335
0.00833336
0.00833286
0.00834467
0.00833044
0.00863459
0.00833362
0.00827836
0.00837878
0.00833678
0.0084947
0.0081917
0.00834111
0.00832082
0.00833333
0.00828744
0.00833354
0.0001
0.0001
0.0001
0.0001
0.0001
0.0001
0.0001
0.0001
0.0001
0.0001
0.0001
0.0001
0.0001
0.0001
0.0001
0.0001
0.0001
0.0001
0.0001
0.0001
0.0001
0.0001
0.0001
0.00833335
0.00833335
0.00833335
0.00833335
0.00833335
0.00833335
0.00833335
0.00833335
0.00833335
0.00833335
0.00833335
0.00833335
0.00833335
0.00833335
0.00833335
0.00833335
0.00833335
0.00833335
0.00833335
0.00833335
0.00833335
0.00833335
0.00833335
0.00833335
0.00833335
0.00833335
0.00833335
0.00833335
0.00833335
0.00833335
0.00833335
0.00833335
0.00833335
0.00833335
0.00833335
0.00833335
0.00833335
0.00833335
0.00833335
0.00833335
0.00833335
0.00833335
0.00833335
0.00833335
0.00833335
0.00833335
0.00833335
0.00833335
0.00833335
0.00833335
0.00833335
0.00833335
0.00833335
0.00833335
0.00833335
0.00833335
0.00833335
0.00833335
0.00833335
0.00832882
0.00834034
0.00833279
0.0001
0.00833375
0.0001
0.0001
0.0001
0.0001
0.0001
0.0001
0.0001
0.0001
0.0001
0.0001
0.0001
0.0001
0.0001
0.0001
0.0001
0.0001
0.0001
0.0001
0.0001
0.0001
0.0001
0.0001
0.0001
0.0001
0.0001
0.0001
0.0001
0.0001
0.0001
0.0001
0.0001
0.0001
0.00833335
0.00833335
0.00833335
0.00833335
0.00833335
0.00833335
0.00833335
0.00833335
0.00833335
0.00833335
0.00833335
0.00833335
0.00833335
0.00833335
0.00833335
0.00833335
0.00833335
0.00833335
0.00833335
0.00833335
0.00833335
0.00833335
0.00833335
0.00833335
0.00833335
0.00833335
0.00833335
0.00833335
0.00833335
0.00833335
0.00833335
0.00833335
0.00833335
0.00833335
0.00833335
0.00833335
0.00833335
0.00833335
0.00833335
0.00833335
0.00833335
0.00833335
0.00833335
0.00833335
0.00833335
0.00833335
0.00833335
0.00833335
0.00833335
0.00833335
0.00833335
0.00833335
0.00833335
0.00833335
0.00833335
0.00833335
0.00833335
0.00833335
0.00833335
0.00833371
0.00833256
0.00833331
0.0001
0.0001
0.0001
0.0001
0.0001
0.0001
0.0001
0.0001
0.0001
0.0001
0.0001
0.0001
0.0001
0.0001
0.0001
0.0001
0.0001
0.0001
0.0001
0.0001
0.0001
0.0001
0.0001
0.0001
0.0001
0.0001
0.0001
0.0001
0.0001
0.0001
0.0001
0.0001
0.0001
0.0001
0.00833335
0.00833335
0.00833335
0.00833335
0.00833335
0.00833335
0.00833335
0.00833335
0.00833335
0.00833335
0.00833335
0.00833335
0.00833335
0.00833335
0.00833335
0.00833335
0.00833335
0.00833335
0.00833335
0.00833335
0.00833335
0.00833335
0.00833335
0.00833335
0.00833335
0.00833335
0.00833335
0.00833335
0.00833335
0.00833335
0.00833335
0.00833335
0.00833335
0.00833335
0.00833335
0.00833335
0.00833335
0.00833335
0.00833335
0.00833335
0.00833335
0.00833335
0.00833335
0.00833335
0.00833335
0.00833335
0.00833335
0.00833335
0.00833335
0.00833335
0.00833335
0.00833335
0.00833335
0.00833335
0.00833335
0.00833335
0.00833335
0.00833335
0.00833285
0.0082991
0.0091139
0.00758372
0.0001
0.0001
0.0001
0.0001
0.0001
0.0001
0.0001
0.0001
0.0001
0.0001
0.0001
0.0001
0.0001
0.0001
0.0001
0.0001
0.0001
0.0001
0.0001
0.0001
0.0001
0.0001
0.0001
0.0001
0.0001
0.0001
0.0001
0.0001
0.0001
0.0001
0.0001
0.0001
0.0001
0.0001
0.00833335
0.00833335
0.00833335
0.00833335
0.00833335
0.00833335
0.00833335
0.00833335
0.00833335
0.00833335
0.00833335
0.00833335
0.00833335
0.00833335
0.00833335
0.00833335
0.00833335
0.00833335
0.00833335
0.00833335
0.00833335
0.00833335
0.00833335
0.00833335
0.00833335
0.00833335
0.00833335
0.00833335
0.00833335
0.00833335
0.00833335
0.00833335
0.00833335
0.00833335
0.00833335
0.00833335
0.00833335
0.00833335
0.00833335
0.00833335
0.00833335
0.00833335
0.00833335
0.00833335
0.00833335
0.00833335
0.00833335
0.00833335
0.00833335
0.00833335
0.00833335
0.00833335
0.00833335
0.00833335
0.00833335
0.00833335
0.00833335
0.00833335
0.00833332
0.00833335
0.00834213
0.00833285
0.0001
0.0001
0.0001
0.0001
0.0001
0.0001
0.0001
0.0001
0.0001
0.0001
0.0001
0.0001
0.0001
0.0001
0.0001
0.0001
0.0001
0.0001
0.0001
0.0001
0.0001
0.0001
0.0001
0.0001
0.0001
0.0001
0.0001
0.0001
0.0001
0.0001
0.0001
0.0001
0.0001
0.0001
0.00833335
0.00833335
0.00833335
0.00833335
0.00833335
0.00833335
0.00833335
0.00833335
0.00833335
0.00833335
0.00833335
0.00833335
0.00833335
0.00833335
0.00833335
0.00833335
0.00833335
0.00833335
0.00833335
0.00833335
0.00833335
0.00833335
0.00833335
0.00833335
0.00833335
0.00833335
0.00833335
0.00833335
0.00833335
0.00833335
0.00833335
0.00833335
0.00833335
0.00833335
0.00833335
0.00833335
0.00833335
0.00833335
0.00833335
0.00833335
0.00833335
0.00833335
0.00833335
0.00833335
0.00833335
0.00833335
0.00833335
0.00833335
0.00833335
0.00833335
0.00833335
0.00833335
0.00833335
0.00833335
0.00833335
0.00833335
0.00833335
0.00833296
0.00833365
0.00833193
0.00833315
0.00833341
0.0001
0.0001
0.0001
0.0001
0.0001
0.0001
0.0001
0.0001
0.0001
0.0001
0.0001
0.0001
0.0001
0.0001
0.0001
0.0001
0.0001
0.0001
0.0001
0.0001
0.0001
0.0001
0.0001
0.0001
0.0001
0.0001
0.0001
0.0001
0.0001
0.0001
0.0001
0.0001
0.0001
0.0001
0.00833335
0.00833335
0.00833335
0.00833335
0.00833335
0.00833335
0.00833335
0.00833335
0.00833335
0.00833335
0.00833335
0.00833335
0.00833335
0.00833335
0.00833335
0.00833335
0.00833335
0.00833335
0.00833335
0.00833335
0.00833335
0.00833335
0.00833335
0.00833335
0.00833335
0.00833335
0.00833335
0.00833335
0.00833335
0.00833335
0.00833335
0.00833335
0.00833335
0.00833335
0.00833335
0.00833335
0.00833335
0.00833335
0.00833335
0.00833335
0.00833335
0.00833335
0.00833335
0.00833335
0.00833335
0.00833335
0.00833335
0.00833335
0.00833335
0.00833335
0.00833335
0.00833335
0.00833335
0.00833335
0.00833335
0.00833335
0.00833335
0.00833334
0.00833337
0.00833338
0.00833015
0.00833358
0.0001
0.0001
0.0001
0.0001
0.0001
0.0001
0.0001
0.0001
0.0001
0.0001
0.0001
0.0001
0.0001
0.0001
0.0001
0.0001
0.0001
0.0001
0.0001
0.0001
0.0001
0.0001
0.0001
0.0001
0.0001
0.0001
0.0001
0.0001
0.0001
0.0001
0.0001
0.0001
0.0001
0.0001
0.00833335
0.00833335
0.00833335
0.00833335
0.00833335
0.00833335
0.00833335
0.00833335
0.00833335
0.00833335
0.00833335
0.00833335
0.00833335
0.00833335
0.00833335
0.00833335
0.00833335
0.00833335
0.00833335
0.00833335
0.00833335
0.00833335
0.00833335
0.00833335
0.00833335
0.00833335
0.00833335
0.00833335
0.00833335
0.00833335
0.00833335
0.00833335
0.00833335
0.00833335
0.00833335
0.00833335
0.00833335
0.00833335
0.00833335
0.00833335
0.00833335
0.00833335
0.00833335
0.00833335
0.00833335
0.00833335
0.00833335
0.00833335
0.00833335
0.00833335
0.00833335
0.00833335
0.00833335
0.00833335
0.00833335
0.00833335
0.00833335
0.00833335
0.00833668
0.00832977
0.00834419
0.00833865
0.00833335
0.0001
0.0001
0.0001
0.0001
0.0001
0.0001
0.0001
0.0001
0.0001
0.0001
0.0001
0.0001
0.0001
0.0001
0.0001
0.0001
0.0001
0.0001
0.0001
0.0001
0.0001
0.0001
0.0001
0.0001
0.0001
0.0001
0.0001
0.0001
0.0001
0.0001
0.0001
0.0001
0.0001
0.00833335
0.00833335
0.00833335
0.00833335
0.00833335
0.00833335
0.00833335
0.00833335
0.00833335
0.00833335
0.00833335
0.00833335
0.00833335
0.00833335
0.00833335
0.00833335
0.00833335
0.00833335
0.00833335
0.00833335
0.00833335
0.00833335
0.00833335
0.00833335
0.00833335
0.00833335
0.00833335
0.00833335
0.00833335
0.00833335
0.00833335
0.00833335
0.00833335
0.00833335
0.00833335
0.00833335
0.00833335
0.00833335
0.00833335
0.00833335
0.00833335
0.00833335
0.00833335
0.00833335
0.00833335
0.00833335
0.00833335
0.00833335
0.00833335
0.00833335
0.00833335
0.00833335
0.00833335
0.00833335
0.00833335
0.00833335
0.00833335
0.00833335
0.00833335
0.00834484
0.00722101
0.00839574
0.00835309
0.00833332
0.00833335
0.00833341
0.00832208
0.00833334
0.00833321
0.00833234
0.00833335
0.00833778
0.0084365
0.00832663
0.00832533
0.00834314
0.00833341
0.00833279
0.00862937
0.00848885
0.008334
0.00833351
0.00833337
0.00833335
0.0001
0.0001
0.0001
0.0001
0.0001
0.0001
0.0001
0.0001
0.0001
0.0001
0.0001
0.0001
0.00833335
0.00833335
0.00833335
0.00833335
0.00833335
0.00833335
0.00833335
0.00833335
0.00833335
0.00833335
0.00833335
0.00833335
0.00833335
0.00833335
0.00833335
0.00833335
0.00833335
0.00833335
0.00833335
0.00833335
0.00833335
0.00833335
0.00833335
0.00833335
0.00833335
0.00833335
0.00833335
0.00833335
0.00833335
0.00833335
0.00833335
0.00833335
0.00833335
0.00833335
0.00833335
0.00833335
0.00833335
0.00833335
0.00833335
0.00833335
0.00833335
0.00833335
0.00833335
0.00833335
0.00833335
0.00833335
0.00833335
0.00833335
0.00833335
0.00833335
0.00833335
0.00833335
0.00833335
0.00833335
0.00833335
0.00833335
0.00833335
0.00833335
0.00833334
0.00834195
0.0072392
0.00249667
0.00876973
0.00823714
0.00853917
0.00837901
0.00914959
0.00789203
0.00850864
0.00737037
0.00831627
0.00364078
0.01
0.00939705
0.0081354
0.00845396
0.00752943
0.00703483
0.01
0.00830879
0.00832562
0.00834485
0.00850426
0.00834451
0.00976361
0.00310418
0.00836551
0.00829076
0.00833276
0.0001
0.0001
0.0001
0.0001
0.0001
0.0001
0.0001
0.00833335
0.00833335
0.00833335
0.00833335
0.00833335
0.00833335
0.00833335
0.00833335
0.00833335
0.00833335
0.00833335
0.00833335
0.00833335
0.00833335
0.00833335
0.00833335
0.00833335
0.00833335
0.00833335
0.00833335
0.00833335
0.00833335
0.00833335
0.00833335
0.00833335
0.00833335
0.00833335
0.00833335
0.00833335
0.00833335
0.00833335
0.00833335
0.00833335
0.00833335
0.00833335
0.00833335
0.00833335
0.00833335
0.00833335
0.00833335
0.00833335
0.00833335
0.00833335
0.00833335
0.00833335
0.00833335
0.00833335
0.00833335
0.00833335
0.00833335
0.00833335
0.00833335
0.00833335
0.00833335
0.00833335
0.00833335
0.00833335
0.00833336
0.00833349
0.00831326
0.0095443
0.00758398
0.00833354
0.00864302
0.00925026
0.00530458
0.0034683
0.01
0.00858007
0.00838135
0.00841571
0.00221719
0.01
0.00839107
0.0083358
0.00889503
0.00781935
0.00841463
0.00821495
0.00832996
0.00824009
0.00837064
0.01
0.00849115
0.01
0.00210409
0.00694503
0.00724815
0.0078467
0.00719395
0.0082342
0.0082762
0.0001
0.0001
0.0001
0.0001
0.00833335
0.00833335
0.00833335
0.00833335
0.00833335
0.00833335
0.00833335
0.00833335
0.00833335
0.00833335
0.00833335
0.00833335
0.00833335
0.00833335
0.00833335
0.00833335
0.00833335
0.00833335
0.00833335
0.00833335
0.00833335
0.00833335
0.00833335
0.00833335
0.00833335
0.00833335
0.00833335
0.00833335
0.00833335
0.00833335
0.00833335
0.00833335
0.00833335
0.00833335
0.00833335
0.00833335
0.00833335
0.00833335
0.00833335
0.00833335
0.00833335
0.00833335
0.00833335
0.00833335
0.00833335
0.00833335
0.00833335
0.00833335
0.00833335
0.00833335
0.00833335
0.00833335
0.00833335
0.00833335
0.00833335
0.00833335
0.00833335
0.00833334
0.00833334
0.00828798
0.00937836
0.00829836
0.00835035
0.00833346
0.00833465
0.00834989
0.0081034
0.00840168
0.00834173
0.00826199
0.00902757
0.01
0.00774323
0.00852445
0.0083004
0.00832741
0.00831856
0.00833131
0.00833552
0.00833871
0.00835643
0.00834559
0.00601758
0.00845461
0.00811183
0.00833354
0.00833356
0.00832827
0.00820716
0.00861308
0.00663199
0.01
0.00833191
0.00799434
0.00880696
0.00828537
0.00833335
0.00833335
0.00833335
0.00833335
0.00833335
0.00833335
0.00833335
0.00833335
0.00833335
0.00833335
0.00833335
0.00833335
0.00833335
0.00833335
0.00833335
0.00833335
0.00833335
0.00833335
0.00833335
0.00833335
0.00833335
0.00833335
0.00833335
0.00833335
0.00833335
0.00833335
0.00833335
0.00833335
0.00833335
0.00833335
0.00833335
0.00833335
0.00833335
0.00833335
0.00833335
0.00833335
0.00833335
0.00833335
0.00833335
0.00833335
0.00833335
0.00833335
0.00833335
0.00833335
0.00833335
0.00833335
0.00833335
0.00833335
0.00833335
0.00833335
0.00833335
0.00833335
0.00833335
0.00833335
0.00833335
0.00833335
0.00833334
0.00833336
0.00833324
0.00828687
0.00888422
0.00884713
0.00780836
0.00840681
0.00821142
0.00821138
0.00800036
0.00849504
0.00829352
0.00836913
0.00830283
0.00842428
0.00829943
0.00833496
0.00833187
0.00832695
0.00830926
0.00833369
0.00832954
0.00833506
0.00834853
0.00832759
0.00836936
0.00836594
0.00832562
0.0083381
0.00831419
0.0082924
0.00840419
0.00786853
0.00853439
0.00835031
0.00840178
0.00822306
0.00835847
0.00833335
0.00833335
0.00833335
0.00833335
0.00833335
0.00833335
0.00833335
0.00833335
0.00833335
0.00833335
0.00833335
0.00833335
0.00833335
0.00833335
0.00833335
0.00833335
0.00833335
0.00833335
0.00833335
0.00833335
0.00833335
0.00833335
0.00833335
0.00833335
0.00833335
0.00833335
0.00833335
0.00833335
0.00833335
0.00833335
0.00833335
0.00833335
0.00833335
0.00833335
0.00833335
0.00833335
0.00833335
0.00833335
0.00833335
0.00833335
0.00833335
0.00833335
0.00833335
0.00833335
0.00833335
0.00833335
0.00833335
0.00833335
0.00833335
0.00833335
0.00833335
0.00833335
0.00833335
0.00833335
0.00833335
0.00833335
0.00833335
0.00833335
0.00833335
0.00833355
0.00833358
0.00713718
0.00978923
0.00830065
0.00836921
0.00831898
0.00831307
0.00833385
0.00697381
0.00471402
0.00659535
0.00927507
0.00807781
0.00829395
0.00836164
0.00838482
0.00835646
0.01
0.00617483
0.00855502
0.00838289
0.008311
0.00819263
0.00854662
0.00822613
0.00857289
0.00817689
0.00843799
0.00828049
0.00840436
0.0054935
0.00719608
0.00850217
0.00828664
0.00833478
0.00833214
0.00833362
0.00833335
0.00833335
0.00833335
0.00833335
0.00833335
0.00833335
0.00833335
0.00833335
0.00833335
0.00833335
0.00833335
0.00833335
0.00833335
0.00833335
0.00833335
0.00833335
0.00833335
0.00833335
0.00833335
0.00833335
0.00833335
0.00833335
0.00833335
0.00833335
0.00833335
0.00833335
0.00833335
0.00833335
0.00833335
0.00833335
0.00833335
0.00833335
0.00833335
0.00833335
0.00833335
0.00833335
0.00833335
0.00833335
0.00833335
0.00833335
0.00833335
0.00833335
0.00833335
0.00833335
0.00833335
0.00833335
0.00833335
0.00833335
0.00833335
0.00833335
0.00833335
0.00833335
0.00833335
0.00833335
0.00833335
0.00833335
0.00833335
0.00833335
0.00833334
0.00833367
0.00933268
0.00638361
0.00995642
0.00839848
0.00893039
0.00632602
0.01
0.00874093
0.00338728
0.00390818
0.00145898
0.00931185
0.00957283
0.00666804
0.0087519
0.00813049
0.00964893
0.00159426
0.01
0.00847942
0.00841259
0.00769666
0.00853152
0.008335
0.00832053
0.00857416
0.00832116
0.00797439
0.00873714
0.00868884
0.00852552
0.00826697
0.00833319
0.00835031
0.00829368
0.00833291
0.00833335
0.00833335
0.00833335
0.00833335
0.00833335
0.00833335
0.00833335
0.00833335
0.00833335
0.00833335
0.00833335
0.00833335
0.00833335
0.00833335
0.00833335
0.00833335
0.00833335
0.00833335
0.00833335
0.00833335
0.00833335
0.00833335
0.00833335
0.00833335
0.00833335
0.00833335
0.00833335
0.00833335
0.00833335
0.00833335
0.00833335
0.00833335
0.00833335
0.00833335
0.00833335
0.00833335
0.00833335
0.00833335
0.00833335
0.00833335
0.00833335
0.00833335
0.00833335
0.00833335
0.00833335
0.00833335
0.00833335
0.00833335
0.00833335
0.00833335
0.00833335
0.00833335
0.00833335
0.00833335
0.00833335
0.00833335
0.00833335
0.0083333
0.00833276
0.00833334
0.00838334
0.00830663
0.00841632
0.00917031
0.00749334
0.00832356
0.00842443
0.00886167
0.00684876
0.01
0.0084265
0.00806317
0.00834038
0.00826276
0.00833699
0.00833333
0.00833321
0.00833335
0.00833236
0.00833107
0.00797471
0.00833324
0.00819392
0.00825576
0.00833398
0.00833339
0.00833501
0.00833084
0.00839868
0.00833914
0.00833335
0.00833359
0.00833359
0.0001
0.0083193
0.0001
0.00833335
0.00833335
0.00833335
0.00833335
0.00833335
0.00833335
0.00833335
0.00833335
0.00833335
0.00833335
0.00833335
0.00833335
0.00833335
0.00833335
0.00833335
0.00833335
0.00833335
0.00833335
0.00833335
0.00833335
0.00833335
0.00833335
0.00833335
0.00833335
0.00833335
0.00833335
0.00833335
0.00833335
0.00833335
0.00833335
0.00833335
0.00833335
0.00833335
0.00833335
0.00833335
0.00833335
0.00833335
0.00833335
0.00833335
0.00833335
0.00833335
0.00833335
0.00833335
0.00833335
0.00833335
0.00833335
0.00833335
0.00833335
0.00833335
0.00833335
0.00833335
0.00833335
0.00833335
0.00833335
0.00833335
0.00833335
0.00833335
0.00833335
0.00834736
0.00831962
0.00863158
0.00834587
0.00833423
0.00833302
0.0083348
0.00833152
0.00832898
0.00838478
0.00809882
0.00833373
0.00832998
0.0001
0.0001
0.0001
0.0001
0.0001
0.0001
0.0001
0.0001
0.0001
0.0001
0.0001
0.0001
0.0001
0.0001
0.0001
0.0001
0.0001
0.0001
0.0001
0.0001
0.0001
0.0001
0.0001
0.0001
0.0001
0.00833335
0.00833335
0.00833335
0.00833335
0.00833335
0.00833335
0.00833335
0.00833335
0.00833335
0.00833335
0.00833335
0.00833335
0.00833335
0.00833335
0.00833335
0.00833335
0.00833335
0.00833335
0.00833335
0.00833335
0.00833335
0.00833335
0.00833335
0.00833335
0.00833335
0.00833335
0.00833335
0.00833335
0.00833335
0.00833335
0.00833335
0.00833335
0.00833335
0.00833335
0.00833335
0.00833335
0.00833335
0.00833335
0.00833335
0.00833335
0.00833335
0.00833335
0.00833335
0.00833335
0.00833335
0.00833335
0.00833335
0.00833335
0.00833335
0.00833335
0.00833335
0.00833335
0.00833335
0.00833335
0.00833335
0.00833335
0.00833335
0.00833335
0.00833265
0.00832564
0.00855473
0.0001
0.0001
0.0001
0.0001
0.0001
0.0001
0.0001
0.0001
0.0001
0.0001
0.0001
0.0001
0.0001
0.0001
0.0001
0.0001
0.0001
0.0001
0.0001
0.0001
0.0001
0.0001
0.0001
0.0001
0.0001
0.0001
0.0001
0.0001
0.0001
0.0001
0.0001
0.0001
0.0001
0.0001
0.0001
0.00833335
0.00833335
0.00833335
0.00833335
0.00833335
0.00833335
0.00833335
0.00833335
0.00833335
0.00833335
0.00833335
0.00833335
0.00833335
0.00833335
0.00833335
0.00833335
0.00833335
0.00833335
0.00833335
0.00833335
0.00833335
0.00833335
0.00833335
0.00833335
0.00833335
0.00833335
0.00833335
0.00833335
0.00833335
0.00833335
0.00833335
0.00833335
0.00833335
0.00833335
0.00833335
0.00833335
0.00833335
0.00833335
0.00833335
0.00833335
0.00833335
0.00833335
0.00833335
0.00833335
0.00833335
0.00833335
0.00833335
0.00833335
0.00833335
0.00833335
0.00833335
0.00833335
0.00833335
0.00833335
0.00833335
0.00833335
0.00833335
0.00833335
0.0083334
0.00833958
0.00811873
0.0001
0.0001
0.0001
0.0001
0.0001
0.0001
0.0001
0.0001
0.0001
0.0001
0.0001
0.0001
0.0001
0.0001
0.0001
0.0001
0.0001
0.0001
0.0001
0.0001
0.0001
0.0001
0.0001
0.0001
0.0001
0.0001
0.0001
0.0001
0.0001
0.0001
0.0001
0.0001
0.0001
0.0001
0.0001
0.00833335
0.00833335
0.00833335
0.00833335
0.00833335
0.00833335
0.00833335
0.00833335
0.00833335
0.00833335
0.00833335
0.00833335
0.00833335
0.00833335
0.00833335
0.00833335
0.00833335
0.00833335
0.00833335
0.00833335
0.00833335
0.00833335
0.00833335
0.00833335
0.00833335
0.00833335
0.00833335
0.00833335
0.00833335
0.00833335
0.00833335
0.00833335
0.00833335
0.00833335
0.00833335
0.00833335
0.00833335
0.00833335
0.00833335
0.00833335
0.00833335
0.00833335
0.00833335
0.00833335
0.00833335
0.00833335
0.00833335
0.00833335
0.00833335
0.00833335
0.00833335
0.00833335
0.00833335
0.00833335
0.00833335
0.00833335
0.00833335
0.00833323
0.00832451
0.00835008
0.00819011
0.0001
0.0001
0.0001
0.0001
0.0001
0.0001
0.0001
0.0001
0.0001
0.0001
0.0001
0.0001
0.0001
0.0001
0.0001
0.0001
0.0001
0.0001
0.0001
0.0001
0.0001
0.0001
0.0001
0.0001
0.0001
0.0001
0.0001
0.0001
0.0001
0.0001
0.0001
0.0001
0.0001
0.0001
0.0001
0.00833335
0.00833335
0.00833335
0.00833335
0.00833335
0.00833335
0.00833335
0.00833335
0.00833335
0.00833335
0.00833335
0.00833335
0.00833335
0.00833335
0.00833335
0.00833335
0.00833335
0.00833335
0.00833335
0.00833335
0.00833335
0.00833335
0.00833335
0.00833335
0.00833335
0.00833335
0.00833335
0.00833335
0.00833335
0.00833335
0.00833335
0.00833335
0.00833335
0.00833335
0.00833335
0.00833335
0.00833335
0.00833335
0.00833335
0.00833335
0.00833335
0.00833335
0.00833335
0.00833335
0.00833335
0.00833335
0.00833335
0.00833335
0.00833335
0.00833335
0.00833335
0.00833335
0.00833335
0.00833335
0.00833335
0.00833335
0.00833335
0.00833335
0.00833331
0.00833338
0.0083333
0.0083333
0.0001
0.0001
0.0001
0.0001
0.0001
0.0001
0.0001
0.0001
0.0001
0.0001
0.0001
0.0001
0.0001
0.0001
0.0001
0.0001
0.0001
0.0001
0.0001
0.0001
0.0001
0.0001
0.0001
0.0001
0.0001
0.0001
0.0001
0.0001
0.0001
0.0001
0.0001
0.0001
0.0001
0.0001
0.00833335
0.00833335
0.00833335
0.00833335
0.00833335
0.00833335
0.00833335
0.00833335
0.00833335
0.00833335
0.00833335
0.00833335
0.00833335
0.00833335
0.00833335
0.00833335
0.00833335
0.00833335
0.00833335
0.00833335
0.00833335
0.00833335
0.00833335
0.00833335
0.00833335
0.00833335
0.00833335
0.00833335
0.00833335
0.00833335
0.00833335
0.00833335
0.00833335
0.00833335
0.00833335
0.00833335
0.00833335
0.00833335
0.00833335
0.00833335
0.00833335
0.00833335
0.00833335
0.00833335
0.00833335
0.00833335
0.00833335
0.00833335
0.00833335
0.00833335
0.00833335
0.00833335
0.00833335
0.00833335
0.00833335
0.00833335
0.00833335
0.00833335
0.00833335
0.00833336
0.00834272
0.00915833
0.0001
0.0001
0.0001
0.0001
0.0001
0.0001
0.0001
0.0001
0.0001
0.0001
0.0001
0.0001
0.0001
0.0001
0.0001
0.0001
0.0001
0.0001
0.0001
0.0001
0.0001
0.0001
0.0001
0.0001
0.0001
0.0001
0.0001
0.0001
0.0001
0.0001
0.0001
0.0001
0.0001
0.0001
0.00833335
0.00833335
0.00833335
0.00833335
0.00833335
0.00833335
0.00833335
0.00833335
0.00833335
0.00833335
0.00833335
0.00833335
0.00833335
0.00833335
0.00833335
0.00833335
0.00833335
0.00833335
0.00833335
0.00833335
0.00833335
0.00833335
0.00833335
0.00833335
0.00833335
0.00833335
0.00833335
0.00833335
0.00833335
0.00833335
0.00833335
0.00833335
0.00833335
0.00833335
0.00833335
0.00833335
0.00833335
0.00833335
0.00833335
0.00833335
0.00833335
0.00833335
0.00833335
0.00833335
0.00833335
0.00833335
0.00833335
0.00833335
0.00833335
0.00833335
0.00833335
0.00833335
0.00833335
0.00833335
0.00833335
0.00833335
0.00833335
0.00833335
0.00833325
0.00833461
0.00830701
0.00780927
0.0001
0.0001
0.0001
0.0001
0.0001
0.0001
0.0001
0.0001
0.0001
0.0001
0.0001
0.0001
0.0001
0.0001
0.0001
0.0001
0.0001
0.0001
0.0001
0.0001
0.0001
0.0001
0.0001
0.0001
0.0001
0.0001
0.0001
0.0001
0.0001
0.0001
0.0001
0.0001
0.0001
0.0001
0.00833335
0.00833335
0.00833335
0.00833335
0.00833335
0.00833335
0.00833335
0.00833335
0.00833335
0.00833335
0.00833335
0.00833335
0.00833335
0.00833335
0.00833335
0.00833335
0.00833335
0.00833335
0.00833335
0.00833335
0.00833335
0.00833335
0.00833335
0.00833335
0.00833335
0.00833335
0.00833335
0.00833335
0.00833335
0.00833335
0.00833335
0.00833335
0.00833335
0.00833335
0.00833335
0.00833335
0.00833335
0.00833335
0.00833335
0.00833335
0.00833335
0.00833335
0.00833335
0.00833335
0.00833335
0.00833335
0.00833335
0.00833335
0.00833335
0.00833335
0.00833335
0.00833335
0.00833335
0.00833335
0.00833335
0.00833335
0.00833335
0.00833335
0.00833347
0.00833203
0.00833354
0.00806945
0.0001
0.0001
0.0001
0.0001
0.0001
0.0001
0.0001
0.0001
0.0001
0.0001
0.0001
0.0001
0.0001
0.0001
0.0001
0.0001
0.0001
0.0001
0.0001
0.0001
0.0001
0.0001
0.0001
0.0001
0.0001
0.0001
0.0001
0.0001
0.0001
0.0001
0.0001
0.0001
0.0001
0.0001
0.00833335
0.00833335
0.00833335
0.00833335
0.00833335
0.00833335
0.00833335
0.00833335
0.00833335
0.00833335
0.00833335
0.00833335
0.00833335
0.00833335
0.00833335
0.00833335
0.00833335
0.00833335
0.00833335
0.00833335
0.00833335
0.00833335
0.00833335
0.00833335
0.00833335
0.00833335
0.00833335
0.00833335
0.00833335
0.00833335
0.00833335
0.00833335
0.00833335
0.00833335
0.00833335
0.00833335
0.00833335
0.00833335
0.00833335
0.00833335
0.00833335
0.00833335
0.00833335
0.00833335
0.00833335
0.00833335
0.00833335
0.00833335
0.00833335
0.00833335
0.00833335
0.00833335
0.00833335
0.00833335
0.00833335
0.00833335
0.00833335
0.00833335
0.00833318
0.00833321
0.00831666
0.00835993
0.00833613
0.00832634
0.00832805
0.00833334
0.00835198
0.00833335
0.00833457
0.00834116
0.00833334
0.00833346
0.00832718
0.0083298
0.0083334
0.00833915
0.0001
0.00833461
0.00864278
0.00838574
0.00824955
0.0001
0.0001
0.0001
0.0001
0.0001
0.0001
0.0001
0.0001
0.0001
0.0001
0.0001
0.0001
0.0001
0.0001
0.0001
0.00833335
0.00833335
0.00833335
0.00833335
0.00833335
0.00833335
0.00833335
0.00833335
0.00833335
0.00833335
0.00833335
0.00833335
0.00833335
0.00833335
0.00833335
0.00833335
0.00833335
0.00833335
0.00833335
0.00833335
0.00833335
0.00833335
0.00833335
0.00833335
0.00833335
0.00833335
0.00833335
0.00833335
0.00833335
0.00833335
0.00833335
0.00833335
0.00833335
0.00833335
0.00833335
0.00833335
0.00833335
0.00833335
0.00833335
0.00833335
0.00833335
0.00833335
0.00833335
0.00833335
0.00833335
0.00833335
0.00833335
0.00833335
0.00833335
0.00833335
0.00833335
0.00833335
0.00833335
0.00833335
0.00833335
0.00833335
0.00833335
0.00833335
0.0083328
0.00833408
0.00830188
0.00828051
0.00832544
0.00855384
0.00820385
0.00832438
0.00837838
0.00833287
0.00832511
0.00832542
0.00826592
0.00842448
0.00830517
0.00838323
0.00828438
0.00834793
0.01
0.00654812
0.00803107
0.00828633
0.00866566
0.00809248
0.00885844
0.00833462
0.00827782
0.00833278
0.00833317
0.0001
0.0001
0.0001
0.0001
0.0001
0.0001
0.0001
0.0001
0.0001
0.00833335
0.00833335
0.00833335
0.00833335
0.00833335
0.00833335
0.00833335
0.00833335
0.00833335
0.00833335
0.00833335
0.00833335
0.00833335
0.00833335
0.00833335
0.00833335
0.00833335
0.00833335
0.00833335
0.00833335
0.00833335
0.00833335
0.00833335
0.00833335
0.00833335
0.00833335
0.00833335
0.00833335
0.00833335
0.00833335
0.00833335
0.00833335
0.00833335
0.00833335
0.00833335
0.00833335
0.00833335
0.00833335
0.00833335
0.00833335
0.00833335
0.00833335
0.00833335
0.00833335
0.00833335
0.00833335
0.00833335
0.00833335
0.00833335
0.00833335
0.00833335
0.00833335
0.00833335
0.00833335
0.00833335
0.00833335
0.00833335
0.00833336
0.00834287
0.00832098
0.00822015
0.00427805
0.00856995
0.00635545
0.01
0.00825451
0.00934487
0.00838596
0.00827672
0.00833411
0.00833147
0.00867143
0.00827246
0.008353
0.00994404
0.01
0.00305731
0.00559955
0.00436892
0.00555471
0.00948161
0.00757198
0.00831818
0.00758275
0.00966538
0.00838636
0.00844763
0.00851648
0.00826432
0.00833586
0.0001
0.0001
0.0001
0.0001
0.0001
0.0001
0.00833335
0.00833335
0.00833335
0.00833335
0.00833335
0.00833335
0.00833335
0.00833335
0.00833335
0.00833335
0.00833335
0.00833335
0.00833335
0.00833335
0.00833335
0.00833335
0.00833335
0.00833335
0.00833335
0.00833335
0.00833335
0.00833335
0.00833335
0.00833335
0.00833335
0.00833335
0.00833335
0.00833335
0.00833335
0.00833335
0.00833335
0.00833335
0.00833335
0.00833335
0.00833335
0.00833335
0.00833335
0.00833335
0.00833335
0.00833335
0.00833335
0.00833335
0.00833335
0.00833335
0.00833335
0.00833335
0.00833335
0.00833335
0.00833335
0.00833335
0.00833335
0.00833335
0.00833335
0.00833335
0.00833335
0.00833335
0.00833335
0.00833337
0.00833354
0.00833362
0.0083015
0.00819002
0.00779922
0.0085021
0.00856972
0.00973081
0.00762965
0.00727996
0.00831058
0.00840556
0.00803431
0.00884346
0.00838742
0.00732893
0.01
0.00582318
0.00843693
0.00833592
0.00839408
0.00823174
0.00834544
0.00837789
0.00835985
0.00837137
0.00830196
0.00835205
0.00890294
0.00651888
0.00912013
0.01
0.00588698
0.0085347
0.00127655
0.00834195
0.00837536
0.0001
0.00833335
0.00833335
0.00833335
0.00833335
0.00833335
0.00833335
0.00833335
0.00833335
0.00833335
0.00833335
0.00833335
0.00833335
0.00833335
0.00833335
0.00833335
0.00833335
0.00833335
0.00833335
0.00833335
0.00833335
0.00833335
0.00833335
0.00833335
0.00833335
0.00833335
0.00833335
0.00833335
0.00833335
0.00833335
0.00833335
0.00833335
0.00833335
0.00833335
0.00833335
0.00833335
0.00833335
0.00833335
0.00833335
0.00833335
0.00833335
0.00833335
0.00833335
0.00833335
0.00833335
0.00833335
0.00833335
0.00833335
0.00833335
0.00833335
0.00833335
0.00833335
0.00833335
0.00833335
0.00833335
0.00833335
0.00833335
0.00833335
0.00833333
0.00833319
0.00829955
0.00952316
0.01
0.0094216
0.01
0.00345686
0.00833351
0.00837203
0.00832623
0.00931647
0.00691328
0.00829972
0.00835513
0.00827062
0.00790495
0.00834271
0.00828053
0.00831241
0.00835548
0.00835174
0.00821314
0.00794523
0.00875773
0.00834623
0.00819936
0.00836054
0.0080987
0.0088645
0.00842906
0.00868372
0.01
0.01
0.00217524
0.00100593
0.0001
0.00866896
0.00831342
0.00833335
0.00833335
0.00833335
0.00833335
0.00833335
0.00833335
0.00833335
0.00833335
0.00833335
0.00833335
0.00833335
0.00833335
0.00833335
0.00833335
0.00833335
0.00833335
0.00833335
0.00833335
0.00833335
0.00833335
0.00833335
0.00833335
0.00833335
0.00833335
0.00833335
0.00833335
0.00833335
0.00833335
0.00833335
0.00833335
0.00833335
0.00833335
0.00833335
0.00833335
0.00833335
0.00833335
0.00833335
0.00833335
0.00833335
0.00833335
0.00833335
0.00833335
0.00833335
0.00833335
0.00833335
0.00833335
0.00833335
0.00833335
0.00833335
0.00833335
0.00833335
0.00833335
0.00833335
0.00833335
0.00833335
0.00833335
0.00833335
0.00833336
0.00834576
0.00834115
0.00774972
0.00842994
0.0081868
0.00845192
0.00862427
0.00389498
0.01
0.00801807
0.00854101
0.00796806
0.00895772
0.00935098
0.01
0.00447887
0.0085789
0.00838464
0.00847227
0.0083768
0.00832744
0.00835804
0.00828752
0.00859393
0.00862091
0.00848629
0.00448491
0.01
0.00781396
0.00833634
0.01
0.01
0.01
0.01
0.01
0.00890056
0.0083008
0.00836852
0.00833335
0.00833335
0.00833335
0.00833335
0.00833335
0.00833335
0.00833335
0.00833335
0.00833335
0.00833335
0.00833335
0.00833335
0.00833335
0.00833335
0.00833335
0.00833335
0.00833335
0.00833335
0.00833335
0.00833335
0.00833335
0.00833335
0.00833335
0.00833335
0.00833335
0.00833335
0.00833335
0.00833335
0.00833335
0.00833335
0.00833335
0.00833335
0.00833335
0.00833335
0.00833335
0.00833335
0.00833335
0.00833335
0.00833335
0.00833335
0.00833335
0.00833335
0.00833335
0.00833335
0.00833335
0.00833335
0.00833335
0.00833335
0.00833335
0.00833335
0.00833335
0.00833335
0.00833335
0.00833335
0.00833335
0.00833335
0.00833335
0.00833338
0.00833371
0.00833373
0.00832282
0.00858637
0.00852533
0.00855681
0.01
0.01
0.00826595
0.0083532
0.00903949
0.00857416
0.00831443
0.0081497
0.00729701
0.00821734
0.00876897
0.00892692
0.00776413
0.00995235
0.00833426
0.00831821
0.00804301
0.00862113
0.00807603
0.00824462
0.0068973
0.01
0.00789076
0.00833183
0.00751315
0.000445999
0.01
0.00930652
0.00836625
0.00833389
0.00833335
0.0001
0.00833335
0.00833335
0.00833335
0.00833335
0.00833335
0.00833335
0.00833335
0.00833335
0.00833335
0.00833335
0.00833335
0.00833335
0.00833335
0.00833335
0.00833335
0.00833335
0.00833335
0.00833335
0.00833335
0.00833335
0.00833335
0.00833335
0.00833335
0.00833335
0.00833335
0.00833335
0.00833335
0.00833335
0.00833335
0.00833335
0.00833335
0.00833335
0.00833335
0.00833335
0.00833335
0.00833335
0.00833335
0.00833335
0.00833335
0.00833335
0.00833335
0.00833335
0.00833335
0.00833335
0.00833335
0.00833335
0.00833335
0.00833335
0.00833335
0.00833335
0.00833335
0.00833335
0.00833335
0.00833335
0.00833335
0.00833335
0.00833335
0.00833335
0.0083333
0.00833413
0.00833824
0.00825467
0.00293383
0.00869437
0.0083398
0.00868011
0.00793759
0.00824119
0.00839253
0.00834562
0.00849632
0.00832923
0.00822894
0.00849331
0.00832991
0.00833959
0.00839081
0.00833324
0.00833335
0.00833334
0.00833375
0.00832762
0.00835254
0.00833359
0.008331
0.00826886
0.00833277
0.00828161
0.00834559
0.00833609
0.0001
0.0001
0.0001
0.0001
0.0001
0.0001
0.00833335
0.00833335
0.00833335
0.00833335
0.00833335
0.00833335
0.00833335
0.00833335
0.00833335
0.00833335
0.00833335
0.00833335
0.00833335
0.00833335
0.00833335
0.00833335
0.00833335
0.00833335
0.00833335
0.00833335
0.00833335
0.00833335
0.00833335
0.00833335
0.00833335
0.00833335
0.00833335
0.00833335
0.00833335
0.00833335
0.00833335
0.00833335
0.00833335
0.00833335
0.00833335
0.00833335
0.00833335
0.00833335
0.00833335
0.00833335
0.00833335
0.00833335
0.00833335
0.00833335
0.00833335
0.00833335
0.00833335
0.00833335
0.00833335
0.00833335
0.00833335
0.00833335
0.00833335
0.00833335
0.00833335
0.00833335
0.00833335
0.00833335
0.00833408
0.00832305
0.009856
0.00830311
0.0083359
0.00835
0.00833425
0.00833351
0.00833705
0.00833411
0.00833336
0.0001
0.0001
0.00833339
0.00833321
0.0001
0.0001
0.0001
0.0001
0.0001
0.0001
0.0001
0.0001
0.0001
0.0001
0.0001
0.0001
0.0001
0.0001
0.0001
0.0001
0.0001
0.0001
0.0001
0.0001
0.0001
0.0001
0.0001
0.00833335
0.00833335
0.00833335
0.00833335
0.00833335
0.00833335
0.00833335
0.00833335
0.00833335
0.00833335
0.00833335
0.00833335
0.00833335
0.00833335
0.00833335
0.00833335
0.00833335
0.00833335
0.00833335
0.00833335
0.00833335
0.00833335
0.00833335
0.00833335
0.00833335
0.00833335
0.00833335
0.00833335
0.00833335
0.00833335
0.00833335
0.00833335
0.00833335
0.00833335
0.00833335
0.00833335
0.00833335
0.00833335
0.00833335
0.00833335
0.00833335
0.00833335
0.00833335
0.00833335
0.00833335
0.00833335
0.00833335
0.00833335
0.00833335
0.00833335
0.00833335
0.00833335
0.00833335
0.00833335
0.00833335
0.00833335
0.00833335
0.00833335
0.0083328
0.00833296
0.00834855
0.0001
0.00833127
0.0001
0.0001
0.0001
0.0001
0.0001
0.0001
0.0001
0.0001
0.0001
0.0001
0.0001
0.0001
0.0001
0.0001
0.0001
0.0001
0.0001
0.0001
0.0001
0.0001
0.0001
0.0001
0.0001
0.0001
0.0001
0.0001
0.0001
0.0001
0.0001
0.0001
0.0001
0.0001
0.0001
0.00833335
0.00833335
0.00833335
0.00833335
0.00833335
0.00833335
0.00833335
0.00833335
0.00833335
0.00833335
0.00833335
0.00833335
0.00833335
0.00833335
0.00833335
0.00833335
0.00833335
0.00833335
0.00833335
0.00833335
0.00833335
0.00833335
0.00833335
0.00833335
0.00833335
0.00833335
0.00833335
0.00833335
0.00833335
0.00833335
0.00833335
0.00833335
0.00833335
0.00833335
0.00833335
0.00833335
0.00833335
0.00833335
0.00833335
0.00833335
0.00833335
0.00833335
0.00833335
0.00833335
0.00833335
0.00833335
0.00833335
0.00833335
0.00833335
0.00833335
0.00833335
0.00833335
0.00833335
0.00833335
0.00833335
0.00833335
0.00833335
0.00833326
0.00833351
0.00833374
0.00831702
0.0001
0.0001
0.0001
0.0001
0.0001
0.0001
0.0001
0.0001
0.0001
0.0001
0.0001
0.0001
0.0001
0.0001
0.0001
0.0001
0.0001
0.0001
0.0001
0.0001
0.0001
0.0001
0.0001
0.0001
0.0001
0.0001
0.0001
0.0001
0.0001
0.0001
0.0001
0.0001
0.0001
0.0001
0.0001
0.00833335
0.00833335
0.00833335
0.00833335
0.00833335
0.00833335
0.00833335
0.00833335
0.00833335
0.00833335
0.00833335
0.00833335
0.00833335
0.00833335
0.00833335
0.00833335
0.00833335
0.00833335
0.00833335
0.00833335
0.00833335
0.00833335
0.00833335
0.00833335
0.00833335
0.00833335
0.00833335
0.00833335
0.00833335
0.00833335
0.00833335
0.00833335
0.00833335
0.00833335
0.00833335
0.00833335
0.00833335
0.00833335
0.00833335
0.00833335
0.00833335
0.00833335
0.00833335
0.00833335
0.00833335
0.00833335
0.00833335
0.00833335
0.00833335
0.00833335
0.00833335
0.00833335
0.00833335
0.00833335
0.00833335
0.00833335
0.00833335
0.00833335
0.00832516
0.0083311
0.0084982
0.0001
0.0001
0.0001
0.0001
0.0001
0.0001
0.0001
0.0001
0.0001
0.0001
0.0001
0.0001
0.0001
0.0001
0.0001
0.0001
0.0001
0.0001
0.0001
0.0001
0.0001
0.0001
0.0001
0.0001
0.0001
0.0001
0.0001
0.0001
0.0001
0.0001
0.0001
0.0001
0.0001
0.0001
0.0001
0.00833335
0.00833335
0.00833335
0.00833335
0.00833335
0.00833335
0.00833335
0.00833335
0.00833335
0.00833335
0.00833335
0.00833335
0.00833335
0.00833335
0.00833335
0.00833335
0.00833335
0.00833335
0.00833335
0.00833335
0.00833335
0.00833335
0.00833335
0.00833335
0.00833335
0.00833335
0.00833335
0.00833335
0.00833335
0.00833335
0.00833335
0.00833335
0.00833335
0.00833335
0.00833335
0.00833335
0.00833335
0.00833335
0.00833335
0.00833335
0.00833335
0.00833335
0.00833335
0.00833335
0.00833335
0.00833335
0.00833335
0.00833335
0.00833335
0.00833335
0.00833335
0.00833335
0.00833335
0.00833335
0.00833335
0.00833335
0.00833335
0.00833316
0.00833355
0.00833352
0.0083376
0.00833295
0.0001
0.0001
0.0001
0.0001
0.0001
0.0001
0.0001
0.0001
0.0001
0.0001
0.0001
0.0001
0.0001
0.0001
0.0001
0.0001
0.0001
0.0001
0.0001
0.0001
0.0001
0.0001
0.0001
0.0001
0.0001
0.0001
0.0001
0.0001
0.0001
0.0001
0.0001
0.0001
0.0001
0.0001
0.00833335
0.00833335
0.00833335
0.00833335
0.00833335
0.00833335
0.00833335
0.00833335
0.00833335
0.00833335
0.00833335
0.00833335
0.00833335
0.00833335
0.00833335
0.00833335
0.00833335
0.00833335
0.00833335
0.00833335
0.00833335
0.00833335
0.00833335
0.00833335
0.00833335
0.00833335
0.00833335
0.00833335
0.00833335
0.00833335
0.00833335
0.00833335
0.00833335
0.00833335
0.00833335
0.00833335
0.00833335
0.00833335
0.00833335
0.00833335
0.00833335
0.00833335
0.00833335
0.00833335
0.00833335
0.00833335
0.00833335
0.00833335
0.00833335
0.00833335
0.00833335
0.00833335
0.00833335
0.00833335
0.00833335
0.00833335
0.00833335
0.00833335
0.0083331
0.00829756
0.0093063
0.00825963
0.0001
0.0001
0.0001
0.0001
0.0001
0.0001
0.0001
0.0001
0.0001
0.0001
0.0001
0.0001
0.0001
0.0001
0.0001
0.0001
0.0001
0.0001
0.0001
0.0001
0.0001
0.0001
0.0001
0.0001
0.0001
0.0001
0.0001
0.0001
0.0001
0.0001
0.0001
0.0001
0.0001
0.0001
0.00833335
0.00833335
0.00833335
0.00833335
0.00833335
0.00833335
0.00833335
0.00833335
0.00833335
0.00833335
0.00833335
0.00833335
0.00833335
0.00833335
0.00833335
0.00833335
0.00833335
0.00833335
0.00833335
0.00833335
0.00833335
0.00833335
0.00833335
0.00833335
0.00833335
0.00833335
0.00833335
0.00833335
0.00833335
0.00833335
0.00833335
0.00833335
0.00833335
0.00833335
0.00833335
0.00833335
0.00833335
0.00833335
0.00833335
0.00833335
0.00833335
0.00833335
0.00833335
0.00833335
0.00833335
0.00833335
0.00833335
0.00833335
0.00833335
0.00833335
0.00833335
0.00833335
0.00833335
0.00833335
0.00833335
0.00833335
0.00833335
0.00833335
0.00833338
0.00833521
0.00833597
0.00769023
0.0001
0.0001
0.0001
0.0001
0.0001
0.0001
0.0001
0.0001
0.0001
0.0001
0.0001
0.0001
0.0001
0.0001
0.0001
0.0001
0.0001
0.0001
0.0001
0.0001
0.0001
0.0001
0.0001
0.0001
0.0001
0.0001
0.0001
0.0001
0.0001
0.0001
0.0001
0.0001
0.0001
0.0001
0.00833335
0.00833335
0.00833335
0.00833335
0.00833335
0.00833335
0.00833335
0.00833335
0.00833335
0.00833335
0.00833335
0.00833335
0.00833335
0.00833335
0.00833335
0.00833335
0.00833335
0.00833335
0.00833335
0.00833335
0.00833335
0.00833335
0.00833335
0.00833335
0.00833335
0.00833335
0.00833335
0.00833335
0.00833335
0.00833335
0.00833335
0.00833335
0.00833335
0.00833335
0.00833335
0.00833335
0.00833335
0.00833335
0.00833335
0.00833335
0.00833335
0.00833335
0.00833335
0.00833335
0.00833335
0.00833335
0.00833335
0.00833335
0.00833335
0.00833335
0.00833335
0.00833335
0.00833335
0.00833335
0.00833335
0.00833335
0.00833335
0.00833335
0.00833365
0.00833368
0.008324
0.00900813
0.0001
0.0001
0.0001
0.0001
0.0001
0.0001
0.0001
0.0001
0.0001
0.0001
0.0001
0.0001
0.0001
0.0001
0.0001
0.0001
0.0001
0.0001
0.0001
0.0001
0.0001
0.0001
0.0001
0.0001
0.0001
0.0001
0.0001
0.0001
0.0001
0.0001
0.0001
0.0001
0.0001
0.0001
0.00833335
0.00833335
0.00833335
0.00833335
0.00833335
0.00833335
0.00833335
0.00833335
0.00833335
0.00833335
0.00833335
0.00833335
0.00833335
0.00833335
0.00833335
0.00833335
0.00833335
0.00833335
0.00833335
0.00833335
0.00833335
0.00833335
0.00833335
0.00833335
0.00833335
0.00833335
0.00833335
0.00833335
0.00833335
0.00833335
0.00833335
0.00833335
0.00833335
0.00833335
0.00833335
0.00833335
0.00833335
0.00833335
0.00833335
0.00833335
0.00833335
0.00833335
0.00833335
0.00833335
0.00833335
0.00833335
0.00833335
0.00833335
0.00833335
0.00833335
0.00833335
0.00833335
0.00833335
0.00833335
0.00833335
0.00833335
0.00833335
0.00833335
0.00832428
0.00834283
0.00835964
0.00833338
0.0001
0.0001
0.0001
0.0001
0.0001
0.0001
0.0001
0.0001
0.0001
0.0001
0.0001
0.0001
0.0001
0.0001
0.0001
0.0001
0.0001
0.0001
0.0001
0.0001
0.0001
0.0001
0.0001
0.0001
0.0001
0.0001
0.0001
0.0001
0.0001
0.0001
0.0001
0.0001
0.0001
0.0001
0.00833335
0.00833335
0.00833335
0.00833335
0.00833335
0.00833335
0.00833335
0.00833335
0.00833335
0.00833335
0.00833335
0.00833335
0.00833335
0.00833335
0.00833335
0.00833335
0.00833335
0.00833335
0.00833335
0.00833335
0.00833335
0.00833335
0.00833335
0.00833335
0.00833335
0.00833335
0.00833335
0.00833335
0.00833335
0.00833335
0.00833335
0.00833335
0.00833335
0.00833335
0.00833335
0.00833335
0.00833335
0.00833335
0.00833335
0.00833335
0.00833335
0.00833335
0.00833335
0.00833335
0.00833335
0.00833335
0.00833335
0.00833335
0.00833335
0.00833335
0.00833335
0.00833335
0.00833335
0.00833335
0.00833335
0.00833335
0.00833335
0.00833336
0.00833302
0.00833444
0.00831504
0.00833259
0.0081653
0.00833071
0.00833315
0.00833206
0.00832352
0.00834172
0.00833172
0.008351
0.00833329
0.00833309
0.00829986
0.00833437
0.0001
0.0001
0.0001
0.00839238
0.00833217
0.00833536
0.0001
0.0001
0.00833311
0.0001
0.0001
0.0001
0.0001
0.0001
0.0001
0.0001
0.0001
0.0001
0.0001
0.0001
0.0001
0.0001
0.00833335
0.00833335
0.00833335
0.00833335
0.00833335
0.00833335
0.00833335
0.00833335
0.00833335
0.00833335
0.00833335
0.00833335
0.00833335
0.00833335
0.00833335
0.00833335
0.00833335
0.00833335
0.00833335
0.00833335
0.00833335
0.00833335
0.00833335
0.00833335
0.00833335
0.00833335
0.00833335
0.00833335
0.00833335
0.00833335
0.00833335
0.00833335
0.00833335
0.00833335
0.00833335
0.00833335
0.00833335
0.00833335
0.00833335
0.00833335
0.00833335
0.00833335
0.00833335
0.00833335
0.00833335
0.00833335
0.00833335
0.00833335
0.00833335
0.00833335
0.00833335
0.00833335
0.00833335
0.00833335
0.00833335
0.00833335
0.00833335
0.00833339
0.00833265
0.00833322
0.00832873
0.0081658
0.00814655
0.00802363
0.00838625
0.00832973
0.00835779
0.00830105
0.00833204
0.00833299
0.00833353
0.00833548
0.00823279
0.00822981
0.00898425
0.00834163
0.00838304
0.00828875
0.00835556
0.0083244
0.00827626
0.00834364
0.00832991
0.00841009
0.00821291
0.00833336
0.00833326
0.0001
0.0001
0.0001
0.0001
0.0001
0.0001
0.0001
0.0001
0.0001
0.00833335
0.00833335
0.00833335
0.00833335
0.00833335
0.00833335
0.00833335
0.00833335
0.00833335
0.00833335
0.00833335
0.00833335
0.00833335
0.00833335
0.00833335
0.00833335
0.00833335
0.00833335
0.00833335
0.00833335
0.00833335
0.00833335
0.00833335
0.00833335
0.00833335
0.00833335
0.00833335
0.00833335
0.00833335
0.00833335
0.00833335
0.00833335
0.00833335
0.00833335
0.00833335
0.00833335
0.00833335
0.00833335
0.00833335
0.00833335
0.00833335
0.00833335
0.00833335
0.00833335
0.00833335
0.00833335
0.00833335
0.00833335
0.00833335
0.00833335
0.00833335
0.00833335
0.00833335
0.00833335
0.00833335
0.00833335
0.00833334
0.00833318
0.00833575
0.00833086
0.00834434
0.00813258
0.00835564
0.0087583
0.01
0.00559408
0.00754375
0.0085049
0.00855652
0.00812665
0.00727767
0.00741178
0.0094735
0.00684318
0.00752167
0.00948502
0.00784059
0.00846206
0.00789398
0.00833384
0.00842091
0.00761833
0.00867888
0.00874903
0.00938357
0.008361
0.00832262
0.00834444
0.00833331
0.0001
0.0001
0.0001
0.0001
0.0001
0.0001
0.0001
0.00833335
0.00833335
0.00833335
0.00833335
0.00833335
0.00833335
0.00833335
0.00833335
0.00833335
0.00833335
0.00833335
0.00833335
0.00833335
0.00833335
0.00833335
0.00833335
0.00833335
0.00833335
0.00833335
0.00833335
0.00833335
0.00833335
0.00833335
0.00833335
0.00833335
0.00833335
0.00833335
0.00833335
0.00833335
0.00833335
0.00833335
0.00833335
0.00833335
0.00833335
0.00833335
0.00833335
0.00833335
0.00833335
0.00833335
0.00833335
0.00833335
0.00833335
0.00833335
0.00833335
0.00833335
0.00833335
0.00833335
0.00833335
0.00833335
0.00833335
0.00833335
0.00833335
0.00833335
0.00833335
0.00833335
0.00833335
0.00833335
0.00833327
0.00833021
0.00833702
0.00833317
0.00831485
0.00843469
0.00831904
0.00868461
0.00794599
0.00815074
0.00824154
0.00886088
0.00827629
0.00833348
0.00827777
0.0084581
0.00844171
0.00793875
0.00859247
0.00846594
0.00821667
0.00833638
0.00833329
0.00718641
0.0094532
0.00814505
0.00908099
0.00580086
0.01
0.00879122
0.00834167
0.00820477
0.00851857
0.0001
0.0001
0.0001
0.0001
0.0001
0.0001
0.00833335
0.00833335
0.00833335
0.00833335
0.00833335
0.00833335
0.00833335
0.00833335
0.00833335
0.00833335
0.00833335
0.00833335
0.00833335
0.00833335
0.00833335
0.00833335
0.00833335
0.00833335
0.00833335
0.00833335
0.00833335
0.00833335
0.00833335
0.00833335
0.00833335
0.00833335
0.00833335
0.00833335
0.00833335
0.00833335
0.00833335
0.00833335
0.00833335
0.00833335
0.00833335
0.00833335
0.00833335
0.00833335
0.00833335
0.00833335
0.00833335
0.00833335
0.00833335
0.00833335
0.00833335
0.00833335
0.00833335
0.00833335
0.00833335
0.00833335
0.00833335
0.00833335
0.00833335
0.00833335
0.00833335
0.00833335
0.00833335
0.00833335
0.00832938
0.00833746
0.00832662
0.00833341
0.00833332
0.00833321
0.00886266
0.00824131
0.00831263
0.0085562
0.00821531
0.00833048
0.00836523
0.0079157
0.00899329
0.00806585
0.00904629
0.00826317
0.00835468
0.00831226
0.00829673
0.00803131
0.00873765
0.00826838
0.00834958
0.0083536
0.00819217
0.00840214
0.00833075
0.00833335
0.00852066
0.00842315
0.01
0.00850868
0.0001
0.0001
0.0001
0.0001
0.00833335
0.00833335
0.00833335
0.00833335
0.00833335
0.00833335
0.00833335
0.00833335
0.00833335
0.00833335
0.00833335
0.00833335
0.00833335
0.00833335
0.00833335
0.00833335
0.00833335
0.00833335
0.00833335
0.00833335
0.00833335
0.00833335
0.00833335
0.00833335
0.00833335
0.00833335
0.00833335
0.00833335
0.00833335
0.00833335
0.00833335
0.00833335
0.00833335
0.00833335
0.00833335
0.00833335
0.00833335
0.00833335
0.00833335
0.00833335
0.00833335
0.00833335
0.00833335
0.00833335
0.00833335
0.00833335
0.00833335
0.00833335
0.00833335
0.00833335
0.00833335
0.00833335
0.00833335
0.00833335
0.00833335
0.00833335
0.00833335
0.00833335
0.00833336
0.00831468
0.00972868
0.00830591
0.00833318
0.00761172
0.0077182
0.00718579
0.00713474
0.01
0.00534898
0.01
0.0086832
0.00785512
0.00825537
0.00768969
0.00837813
0.0084787
0.0081467
0.00837872
0.00833343
0.00833335
0.0083685
0.00833339
0.00833364
0.00833581
0.00836054
0.0082865
0.00834462
0.00833329
0.00833289
0.00833199
0.00822944
0.0001
0.0001
0.0001
0.0001
0.0001
0.00833335
0.00833335
0.00833335
0.00833335
0.00833335
0.00833335
0.00833335
0.00833335
0.00833335
0.00833335
0.00833335
0.00833335
0.00833335
0.00833335
0.00833335
0.00833335
0.00833335
0.00833335
0.00833335
0.00833335
0.00833335
0.00833335
0.00833335
0.00833335
0.00833335
0.00833335
0.00833335
0.00833335
0.00833335
0.00833335
0.00833335
0.00833335
0.00833335
0.00833335
0.00833335
0.00833335
0.00833335
0.00833335
0.00833335
0.00833335
0.00833335
0.00833335
0.00833335
0.00833335
0.00833335
0.00833335
0.00833335
0.00833335
0.00833335
0.00833335
0.00833335
0.00833335
0.00833335
0.00833335
0.00833335
0.00833335
0.00833335
0.00833338
0.00833268
0.00835821
0.00737239
0.00833335
0.00828693
0.00642744
0.01
0.00428964
0.00929289
0.00820098
0.00849191
0.00833275
0.00815681
0.00854975
0.00797115
0.00850387
0.00794896
0.00833305
0.00833268
0.0001
0.0001
0.0001
0.0001
0.0001
0.0001
0.0001
0.0001
0.0001
0.0001
0.0001
0.0001
0.0001
0.0001
0.0001
0.0001
0.0001
0.0001
0.0001
0.00833335
0.00833335
0.00833335
0.00833335
0.00833335
0.00833335
0.00833335
0.00833335
0.00833335
0.00833335
0.00833335
0.00833335
0.00833335
0.00833335
0.00833335
0.00833335
0.00833335
0.00833335
0.00833335
0.00833335
0.00833335
0.00833335
0.00833335
0.00833335
0.00833335
0.00833335
0.00833335
0.00833335
0.00833335
0.00833335
0.00833335
0.00833335
0.00833335
0.00833335
0.00833335
0.00833335
0.00833335
0.00833335
0.00833335
0.00833335
0.00833335
0.00833335
0.00833335
0.00833335
0.00833335
0.00833335
0.00833335
0.00833335
0.00833335
0.00833335
0.00833335
0.00833335
0.00833335
0.00833335
0.00833335
0.00833335
0.00833335
0.00833335
0.00833332
0.00833672
0.00835252
0.00761955
0.00837225
0.0083011
0.00901528
0.00835849
0.0082804
0.00833362
0.00834666
0.00840353
0.00833338
0.00833334
0.00832884
0.00833335
0.0001
0.0001
0.0001
0.0001
0.0001
0.0001
0.0001
0.0001
0.0001
0.0001
0.0001
0.0001
0.0001
0.0001
0.0001
0.0001
0.0001
0.0001
0.0001
0.0001
0.0001
0.0001
0.00833335
0.00833335
0.00833335
0.00833335
0.00833335
0.00833335
0.00833335
0.00833335
0.00833335
0.00833335
0.00833335
0.00833335
0.00833335
0.00833335
0.00833335
0.00833335
0.00833335
0.00833335
0.00833335
0.00833335
0.00833335
0.00833335
0.00833335
0.00833335
0.00833335
0.00833335
0.00833335
0.00833335
0.00833335
0.00833335
0.00833335
0.00833335
0.00833335
0.00833335
0.00833335
0.00833335
0.00833335
0.00833335
0.00833335
0.00833335
0.00833335
0.00833335
0.00833335
0.00833335
0.00833335
0.00833335
0.00833335
0.00833335
0.00833335
0.00833335
0.00833335
0.00833335
0.00833335
0.00833335
0.00833335
0.00833335
0.00833335
0.00833332
0.00833312
0.00833335
0.00833116
0.00913813
0.00835278
0.00833334
0.00830235
0.00832888
0.00833335
0.0001
0.00833256
0.00833448
0.0001
0.0001
0.0001
0.0001
0.0001
0.0001
0.0001
0.0001
0.0001
0.0001
0.0001
0.0001
0.0001
0.0001
0.0001
0.0001
0.0001
0.0001
0.0001
0.0001
0.0001
0.0001
0.0001
0.0001
0.0001
0.0001
0.00833335
0.00833335
0.00833335
0.00833335
0.00833335
0.00833335
0.00833335
0.00833335
0.00833335
0.00833335
0.00833335
0.00833335
0.00833335
0.00833335
0.00833335
0.00833335
0.00833335
0.00833335
0.00833335
0.00833335
0.00833335
0.00833335
0.00833335
0.00833335
0.00833335
0.00833335
0.00833335
0.00833335
0.00833335
0.00833335
0.00833335
0.00833335
0.00833335
0.00833335
0.00833335
0.00833335
0.00833335
0.00833335
0.00833335
0.00833335
0.00833335
0.00833335
0.00833335
0.00833335
0.00833335
0.00833335
0.00833335
0.00833335
0.00833335
0.00833335
0.00833335
0.00833335
0.00833335
0.00833335
0.00833335
0.00833335
0.00833335
0.00833337
0.00832516
0.00834201
0.00833639
0.00759482
0.0001
0.0001
0.0001
0.0001
0.0001
0.0001
0.0001
0.0001
0.0001
0.0001
0.0001
0.0001
0.0001
0.0001
0.0001
0.0001
0.0001
0.0001
0.0001
0.0001
0.0001
0.0001
0.0001
0.0001
0.0001
0.0001
0.0001
0.0001
0.0001
0.0001
0.0001
0.0001
0.0001
0.0001
0.00833335
0.00833335
0.00833335
0.00833335
0.00833335
0.00833335
0.00833335
0.00833335
0.00833335
0.00833335
0.00833335
0.00833335
0.00833335
0.00833335
0.00833335
0.00833335
0.00833335
0.00833335
0.00833335
0.00833335
0.00833335
0.00833335
0.00833335
0.00833335
0.00833335
0.00833335
0.00833335
0.00833335
0.00833335
0.00833335
0.00833335
0.00833335
0.00833335
0.00833335
0.00833335
0.00833335
0.00833335
0.00833335
0.00833335
0.00833335
0.00833335
0.00833335
0.00833335
0.00833335
0.00833335
0.00833335
0.00833335
0.00833335
0.00833335
0.00833335
0.00833335
0.00833335
0.00833335
0.00833335
0.00833335
0.00833335
0.00833335
0.00833334
0.00833334
0.00833365
0.00834498
0.00833342
0.0001
0.0001
0.0001
0.0001
0.0001
0.0001
0.0001
0.0001
0.0001
0.0001
0.0001
0.0001
0.0001
0.0001
0.0001
0.0001
0.0001
0.0001
0.0001
0.0001
0.0001
0.0001
0.0001
0.0001
0.0001
0.0001
0.0001
0.0001
0.0001
0.0001
0.0001
0.0001
0.0001
0.0001
0.00833335
0.00833335
0.00833335
0.00833335
0.00833335
0.00833335
0.00833335
0.00833335
0.00833335
0.00833335
0.00833335
0.00833335
0.00833335
0.00833335
0.00833335
0.00833335
0.00833335
0.00833335
0.00833335
0.00833335
0.00833335
0.00833335
0.00833335
0.00833335
0.00833335
0.00833335
0.00833335
0.00833335
0.00833335
0.00833335
0.00833335
0.00833335
0.00833335
0.00833335
0.00833335
0.00833335
0.00833335
0.00833335
0.00833335
0.00833335
0.00833335
0.00833335
0.00833335
0.00833335
0.00833335
0.00833335
0.00833335
0.00833335
0.00833335
0.00833335
0.00833335
0.00833335
0.00833335
0.00833335
0.00833335
0.00833335
0.00833335
0.0083335
0.00832474
0.00831348
0.00928852
0.00891801
0.0001
0.0001
0.0001
0.0001
0.0001
0.0001
0.0001
0.0001
0.0001
0.0001
0.0001
0.0001
0.0001
0.0001
0.0001
0.0001
0.0001
0.0001
0.0001
0.0001
0.0001
0.0001
0.0001
0.0001
0.0001
0.0001
0.0001
0.0001
0.0001
0.0001
0.0001
0.0001
0.0001
0.0001
)
;

boundaryField
{
    outlet
    {
        type            zeroGradient;
    }
    inlet
    {
        type            fixedValue;
        value           uniform 0.005;
    }
    walls
    {
        type            zeroGradient;
    }
}


// ************************************************************************* //
