/*--------------------------------*- C++ -*----------------------------------*\
| =========                 |                                                 |
| \\      /  F ield         | OpenFOAM: The Open Source CFD Toolbox           |
|  \\    /   O peration     | Version:  2.3.0                                 |
|   \\  /    A nd           | Web:      www.OpenFOAM.org                      |
|    \\/     M anipulation  |                                                 |
\*---------------------------------------------------------------------------*/
FoamFile
{
    version     2.0;
    format      ascii;
    class       volScalarField;
    location    "50";
    object      rho;
}
// * * * * * * * * * * * * * * * * * * * * * * * * * * * * * * * * * * * * * //

dimensions      [1 -3 0 0 0 0 0];

internalField   nonuniform List<scalar> 
6144
(
1.16259
1.1632
1.1637
1.16414
1.16459
1.16546
1.16657
1.16758
1.16839
1.16879
1.16886
1.16888
1.16888
1.16889
1.16889
1.1689
1.1689
1.1689
1.1689
1.1689
1.1689
1.16891
1.16891
1.16891
1.16891
1.16891
1.16891
1.16891
1.16891
1.16891
1.16892
1.16892
1.16892
1.16892
1.16892
1.16892
1.16892
1.16892
1.16892
1.16892
1.16893
1.16893
1.16897
1.16988
1.17609
1.19203
1.21531
1.23547
1.24737
1.26027
1.27134
1.27573
1.27668
1.27808
1.27772
1.27925
1.27763
1.28326
1.71772
48.9086
966.176
1026.66
1027.09
1027.1
1027.1
1027.1
1027.1
1027.1
1027.1
1027.1
1027.1
1027.1
1027.1
1027.1
1027.1
1027.1
1027.1
1027.1
1027.1
1027.1
1027.1
1027.1
1027.1
1027.1
1027.1
1027.1
1027.1
1027.1
1027.1
1027.1
1027.1
1027.1
1027.1
1027.1
1027.1
1027.1
1.16224
1.16294
1.16387
1.16434
1.165
1.16579
1.1667
1.16764
1.16841
1.16877
1.16886
1.16887
1.16888
1.16889
1.1689
1.1689
1.16891
1.16891
1.16891
1.16891
1.16891
1.16891
1.16891
1.16891
1.16892
1.16892
1.16892
1.16892
1.16892
1.16892
1.16892
1.16893
1.16893
1.16893
1.16893
1.16893
1.16893
1.16893
1.16893
1.16893
1.16893
1.16894
1.16907
1.17154
1.18246
1.19759
1.20903
1.2199
1.23845
1.26368
1.27727
1.27889
1.27932
1.27967
1.27853
1.28003
1.27567
1.28031
1.41741
31.9629
967.187
1026.73
1027.09
1027.1
1027.1
1027.1
1027.1
1027.1
1027.1
1027.1
1027.1
1027.1
1027.1
1027.1
1027.1
1027.1
1027.1
1027.1
1027.1
1027.1
1027.1
1027.1
1027.1
1027.1
1027.1
1027.1
1027.1
1027.1
1027.1
1027.1
1027.1
1027.1
1027.1
1027.1
1027.1
1027.1
1.16211
1.1626
1.1636
1.16421
1.16518
1.16598
1.16683
1.16769
1.16828
1.16862
1.16876
1.16883
1.16886
1.16888
1.16889
1.1689
1.1689
1.16891
1.16891
1.16891
1.16891
1.16891
1.16891
1.16892
1.16892
1.16892
1.16892
1.16892
1.16892
1.16892
1.16892
1.16893
1.16893
1.16893
1.16893
1.16893
1.16893
1.16893
1.16893
1.16893
1.16894
1.16897
1.16924
1.17149
1.17893
1.188
1.19593
1.20803
1.23466
1.26748
1.27864
1.27982
1.28093
1.28173
1.28132
1.28084
1.27523
1.28429
1.37726
23.9268
968.732
1026.76
1027.09
1027.09
1027.09
1027.1
1027.1
1027.1
1027.1
1027.1
1027.1
1027.1
1027.1
1027.1
1027.1
1027.1
1027.1
1027.1
1027.1
1027.1
1027.1
1027.1
1027.1
1027.1
1027.1
1027.1
1027.1
1027.1
1027.1
1027.1
1027.1
1027.1
1027.1
1027.1
1027.1
1027.1
1.16207
1.16232
1.16327
1.16389
1.16519
1.16601
1.16683
1.16758
1.16817
1.16853
1.16871
1.1688
1.16885
1.16888
1.16889
1.1689
1.1689
1.1689
1.1689
1.16891
1.16891
1.16891
1.16891
1.16891
1.16891
1.16891
1.16891
1.16891
1.16892
1.16892
1.16892
1.16892
1.16892
1.16892
1.16892
1.16892
1.16892
1.16893
1.16893
1.16893
1.16894
1.16903
1.16941
1.17088
1.17513
1.18095
1.18674
1.19784
1.22392
1.26624
1.27869
1.28056
1.28176
1.28299
1.28359
1.28161
1.27611
1.3056
1.34037
20.7511
979.151
1026.84
1027.06
1027.06
1027.08
1027.08
1027.09
1027.09
1027.09
1027.09
1027.09
1027.09
1027.09
1027.1
1027.1
1027.1
1027.1
1027.1
1027.1
1027.1
1027.1
1027.1
1027.1
1027.1
1027.1
1027.1
1027.1
1027.1
1027.1
1027.1
1027.1
1027.1
1027.1
1027.1
1027.1
1027.1
1.16203
1.16215
1.16296
1.1635
1.16477
1.16566
1.16669
1.16748
1.16805
1.16845
1.16866
1.16879
1.16885
1.16888
1.16889
1.1689
1.1689
1.16891
1.16891
1.16891
1.16891
1.16891
1.16891
1.16891
1.16892
1.16892
1.16892
1.16892
1.16892
1.16892
1.16892
1.16892
1.16892
1.16892
1.16892
1.16893
1.16893
1.16893
1.16893
1.16893
1.16895
1.16908
1.1696
1.17072
1.17288
1.17664
1.18302
1.19337
1.21368
1.25326
1.27843
1.28097
1.28188
1.28296
1.2845
1.28502
1.28244
1.32878
1.32695
32.786
993.717
1026.71
1026.82
1026.84
1026.84
1026.84
1026.86
1026.87
1026.89
1026.93
1026.98
1027.05
1027.08
1027.1
1027.1
1027.1
1027.1
1027.1
1027.1
1027.1
1027.1
1027.1
1027.1
1027.1
1027.1
1027.1
1027.1
1027.1
1027.1
1027.1
1027.1
1027.1
1027.1
1027.1
1027.1
1027.1
1.16197
1.16209
1.16269
1.1631
1.16437
1.16523
1.16637
1.16734
1.16792
1.16836
1.16862
1.16877
1.16884
1.16887
1.16889
1.16889
1.1689
1.1689
1.1689
1.1689
1.1689
1.16891
1.16891
1.16891
1.16891
1.16891
1.16891
1.16891
1.16892
1.16892
1.16892
1.16892
1.16892
1.16892
1.16892
1.16892
1.16892
1.16892
1.16893
1.16893
1.16894
1.16906
1.16954
1.17058
1.17225
1.17528
1.18157
1.1916
1.21074
1.23937
1.27304
1.28126
1.28222
1.28248
1.28415
1.28534
1.28531
1.33448
1.67928
65.9158
997.194
1025.81
1026.06
1026.33
1026.35
1026.32
1026.35
1026.35
1026.44
1026.53
1026.58
1026.57
1026.54
1026.55
1026.6
1026.59
1026.68
1026.72
1026.74
1026.72
1026.71
1026.74
1026.79
1026.88
1026.96
1027.03
1027.08
1027.09
1027.09
1027.09
1027.1
1027.1
1027.1
1027.1
1027.1
1027.1
1.16189
1.16207
1.16252
1.16281
1.16404
1.1649
1.16585
1.16712
1.16781
1.16829
1.16858
1.16876
1.16884
1.16888
1.16889
1.1689
1.1689
1.1689
1.16891
1.16891
1.16891
1.16891
1.16891
1.16891
1.16891
1.16891
1.16891
1.16892
1.16892
1.16892
1.16892
1.16892
1.16892
1.16892
1.16892
1.16892
1.16892
1.16893
1.16893
1.16893
1.16894
1.16903
1.16942
1.17034
1.1719
1.17501
1.18171
1.19288
1.21562
1.24733
1.26618
1.2802
1.28275
1.28296
1.28172
1.27909
1.27676
1.29118
1.77612
104.046
985.206
1020.38
1021.47
1023.57
1023.36
1023.11
1022.83
1022.47
1022.07
1021.7
1021.39
1021
1020.47
1019.94
1019.4
1018.87
1018.31
1017.79
1017.38
1017.11
1017
1017.52
1018.27
1019.19
1020.1
1021.17
1022.22
1023.01
1023.62
1024.22
1025.22
1026.23
1026.95
1027.08
1027.1
1027.09
1.16176
1.16209
1.16246
1.16266
1.16382
1.16472
1.16563
1.16684
1.16768
1.16823
1.16856
1.16875
1.16884
1.16887
1.16889
1.1689
1.1689
1.1689
1.16891
1.16891
1.16891
1.16891
1.16891
1.16891
1.16892
1.16892
1.16892
1.16892
1.16892
1.16892
1.16892
1.16892
1.16893
1.16893
1.16893
1.16893
1.16893
1.16893
1.16893
1.16893
1.16894
1.16903
1.16942
1.17035
1.17206
1.1756
1.18292
1.19675
1.21981
1.26317
1.28122
1.28309
1.28333
1.28411
1.28371
1.2819
1.277
1.27965
1.26872
168.876
978.36
1005.5
1003.25
1002.93
1002.69
1001.7
1000.54
999.319
998.233
997.233
996.292
995.483
994.936
994.478
994.245
994.206
994.205
993.96
993.801
993.525
992.937
992.614
992.414
992.229
992.128
992.101
991.639
991.115
990.912
991.015
991.998
992.972
994.007
996.171
999.66
1005.17
1.16147
1.16211
1.16243
1.16262
1.16368
1.16466
1.16597
1.16665
1.16752
1.16815
1.16852
1.16873
1.16883
1.16887
1.16888
1.16889
1.1689
1.1689
1.1689
1.1689
1.1689
1.16891
1.16891
1.16891
1.16891
1.16891
1.16891
1.16892
1.16892
1.16892
1.16892
1.16892
1.16892
1.16892
1.16892
1.16892
1.16893
1.16893
1.16893
1.16893
1.16896
1.16911
1.16963
1.17084
1.17304
1.17715
1.18492
1.20166
1.218
1.26508
1.28355
1.28481
1.28324
1.2841
1.28299
1.28487
1.27715
1.28248
1.26872
287.15
991.223
1004.36
1003.79
1003.88
1005.14
1005.68
1006.69
1007.82
1009.12
1010.22
1011.1
1011.73
1012.19
1012.51
1012.71
1013.01
1013.5
1014.08
1014.42
1014.51
1014
1013.52
1013.18
1013.03
1013.01
1013.26
1013.42
1013.73
1014.07
1014.56
1015.19
1016.23
1017.6
1019.78
1022.44
1024.57
1.16114
1.16171
1.16211
1.16246
1.16357
1.16469
1.16616
1.16668
1.16745
1.16815
1.16851
1.16872
1.16882
1.16887
1.16888
1.1689
1.1689
1.1689
1.16891
1.16891
1.16891
1.16891
1.16891
1.16891
1.16891
1.16892
1.16892
1.16892
1.16892
1.16892
1.16892
1.16892
1.16892
1.16892
1.16892
1.16892
1.16893
1.16893
1.16893
1.16893
1.16898
1.16922
1.1699
1.17132
1.17373
1.17797
1.18618
1.20407
1.22143
1.25257
1.2801
1.28833
1.28682
1.28599
1.2836
1.28725
1.27701
1.28754
1.26872
315.324
1002.45
1012.47
1013.67
1015.82
1018.27
1020.44
1022.25
1023.53
1024.48
1024.96
1025.06
1024.91
1024.9
1025.03
1025.23
1025.44
1025.64
1025.74
1025.77
1025.78
1025.75
1025.73
1025.73
1025.83
1025.94
1026.02
1026.09
1026.19
1026.29
1026.38
1026.5
1026.63
1026.77
1026.91
1027.02
1027.06
1.16086
1.16135
1.1617
1.16208
1.16328
1.16458
1.16611
1.167
1.16749
1.16816
1.16852
1.16871
1.1688
1.16886
1.16887
1.16889
1.1689
1.1689
1.1689
1.1689
1.16891
1.16891
1.16891
1.16891
1.16891
1.16891
1.16892
1.16892
1.16892
1.16892
1.16892
1.16892
1.16892
1.16892
1.16892
1.16892
1.16893
1.16893
1.16893
1.16893
1.16898
1.16922
1.16987
1.1713
1.17384
1.17849
1.18765
1.20593
1.22872
1.23569
1.2651
1.28486
1.28739
1.2883
1.28732
1.28826
1.27748
1.28978
1.26872
328.147
1018.13
1023.55
1024.51
1025.63
1026.32
1026.76
1026.97
1027.04
1027.06
1027.07
1027.05
1027.05
1027.05
1027.06
1027.07
1027.08
1027.09
1027.09
1027.09
1027.09
1027.09
1027.09
1027.09
1027.09
1027.09
1027.09
1027.09
1027.09
1027.1
1027.1
1027.1
1027.1
1027.1
1027.1
1027.1
1027.1
1.16067
1.161
1.16119
1.16145
1.16257
1.164
1.1659
1.16715
1.16762
1.16821
1.16858
1.16872
1.16879
1.16883
1.16886
1.16888
1.1689
1.1689
1.1689
1.1689
1.16891
1.16891
1.16891
1.16891
1.16891
1.16892
1.16892
1.16892
1.16892
1.16892
1.16892
1.16892
1.16892
1.16893
1.16893
1.16893
1.16893
1.16893
1.16893
1.16893
1.16897
1.16915
1.16976
1.17112
1.17386
1.17916
1.18903
1.20723
1.23017
1.23617
1.24628
1.26941
1.28113
1.28605
1.28557
1.28724
1.2804
1.29011
1.26872
238.24
1021.2
1026.88
1026.98
1027.07
1027.09
1027.09
1027.1
1027.1
1027.1
1027.1
1027.1
1027.1
1027.1
1027.1
1027.1
1027.1
1027.1
1027.1
1027.1
1027.1
1027.1
1027.1
1027.1
1027.1
1027.1
1027.1
1027.1
1027.1
1027.1
1027.1
1027.1
1027.1
1027.1
1027.1
1027.1
1027.1
1.16049
1.16078
1.16085
1.16097
1.16168
1.16292
1.16497
1.16688
1.16789
1.1683
1.16863
1.16876
1.16881
1.16884
1.16886
1.16889
1.1689
1.16891
1.16891
1.16891
1.16891
1.16891
1.16891
1.16892
1.16892
1.16892
1.16892
1.16892
1.16892
1.16892
1.16892
1.16893
1.16893
1.16893
1.16893
1.16893
1.16893
1.16893
1.16893
1.16893
1.16895
1.16908
1.16966
1.17124
1.17439
1.18011
1.18998
1.20781
1.2282
1.24377
1.24669
1.25476
1.2671
1.27685
1.27888
1.28365
1.27848
1.28719
1.35683
149.692
1020.41
1027.09
1027.09
1027.1
1027.09
1027.1
1027.1
1027.1
1027.1
1027.1
1027.1
1027.1
1027.1
1027.1
1027.1
1027.1
1027.1
1027.1
1027.1
1027.1
1027.1
1027.1
1027.1
1027.1
1027.1
1027.1
1027.1
1027.1
1027.1
1027.1
1027.1
1027.1
1027.1
1027.1
1027.1
1027.1
1.16045
1.16071
1.1607
1.16079
1.1611
1.16198
1.16381
1.16624
1.16805
1.16844
1.16867
1.16876
1.1688
1.16883
1.16885
1.16889
1.16891
1.16891
1.16891
1.16891
1.16891
1.16892
1.16892
1.16892
1.16892
1.16892
1.16892
1.16892
1.16893
1.16893
1.16893
1.16893
1.16893
1.16893
1.16893
1.16893
1.16893
1.16893
1.16893
1.16894
1.16895
1.16904
1.16959
1.1715
1.17562
1.18202
1.19179
1.20768
1.22648
1.24432
1.25042
1.25233
1.25827
1.26715
1.27152
1.27961
1.27681
1.28681
1.80552
93.2089
1018.71
1027.09
1027.09
1027.09
1027.1
1027.1
1027.1
1027.1
1027.1
1027.1
1027.1
1027.1
1027.1
1027.1
1027.1
1027.1
1027.1
1027.1
1027.1
1027.1
1027.1
1027.1
1027.1
1027.1
1027.1
1027.1
1027.1
1027.1
1027.1
1027.1
1027.1
1027.1
1027.1
1027.1
1027.1
1027.1
1.16051
1.16103
1.16111
1.16114
1.16107
1.1617
1.16295
1.1654
1.16791
1.16854
1.16869
1.16875
1.16878
1.16881
1.16884
1.16888
1.16891
1.16891
1.16891
1.16891
1.16891
1.16891
1.16892
1.16892
1.16892
1.16892
1.16892
1.16892
1.16892
1.16892
1.16893
1.16893
1.16893
1.16893
1.16893
1.16893
1.16893
1.16893
1.16893
1.16894
1.16895
1.16901
1.16944
1.17152
1.17676
1.18434
1.19367
1.20654
1.22239
1.24094
1.25007
1.25027
1.25175
1.25791
1.26224
1.27295
1.27138
1.28311
2.19594
75.6569
1006.8
1027.07
1027.09
1027.1
1027.1
1027.1
1027.1
1027.1
1027.1
1027.1
1027.1
1027.1
1027.1
1027.1
1027.1
1027.1
1027.1
1027.1
1027.1
1027.1
1027.1
1027.1
1027.1
1027.1
1027.1
1027.1
1027.1
1027.1
1027.1
1027.1
1027.1
1027.1
1027.1
1027.1
1027.1
1027.1
1.16014
1.16027
1.16104
1.16174
1.1619
1.1621
1.16311
1.16531
1.16782
1.16855
1.16868
1.16872
1.16875
1.16879
1.16883
1.16889
1.16891
1.16892
1.16892
1.16892
1.16892
1.16892
1.16892
1.16892
1.16893
1.16893
1.16893
1.16893
1.16893
1.16893
1.16893
1.16893
1.16893
1.16894
1.16894
1.16894
1.16894
1.16894
1.16894
1.16895
1.16895
1.16899
1.1692
1.17101
1.1768
1.18512
1.1935
1.20292
1.2157
1.23785
1.25447
1.25306
1.25182
1.25395
1.25584
1.26174
1.26539
1.26664
3.06793
77.7567
988.886
1026.86
1027.09
1027.1
1027.1
1027.1
1027.1
1027.1
1027.1
1027.1
1027.1
1027.1
1027.1
1027.1
1027.1
1027.1
1027.1
1027.1
1027.1
1027.1
1027.1
1027.1
1027.1
1027.1
1027.1
1027.1
1027.1
1027.1
1027.1
1027.1
1027.1
1027.1
1027.1
1027.1
1027.1
1027.1
1.16194
1.16301
1.16374
1.16423
1.16469
1.16564
1.16681
1.1678
1.16849
1.16874
1.1688
1.16884
1.16887
1.16889
1.16891
1.16892
1.16892
1.16892
1.16892
1.16892
1.16892
1.16893
1.16893
1.16893
1.16893
1.16893
1.16893
1.16893
1.16893
1.16894
1.16894
1.16894
1.16894
1.16894
1.16894
1.16894
1.16894
1.16895
1.16895
1.16895
1.16896
1.16898
1.16903
1.16985
1.17582
1.19116
1.21408
1.23593
1.24663
1.25232
1.26232
1.27158
1.27404
1.27669
1.2767
1.27868
1.27626
1.29397
1.55426
33.8273
963.526
1026.82
1027.09
1027.1
1027.1
1027.1
1027.1
1027.1
1027.1
1027.1
1027.1
1027.1
1027.1
1027.1
1027.1
1027.1
1027.1
1027.1
1027.1
1027.1
1027.1
1027.1
1027.1
1027.1
1027.1
1027.1
1027.1
1027.1
1027.1
1027.1
1027.1
1027.1
1027.1
1027.1
1027.1
1027.1
1.16123
1.16248
1.16414
1.16471
1.16537
1.16618
1.16716
1.16786
1.16828
1.1685
1.16865
1.16877
1.16884
1.16888
1.16889
1.16891
1.16891
1.16892
1.16892
1.16892
1.16892
1.16892
1.16892
1.16893
1.16893
1.16893
1.16893
1.16893
1.16893
1.16893
1.16893
1.16894
1.16894
1.16894
1.16894
1.16894
1.16894
1.16894
1.16894
1.16895
1.16902
1.16933
1.16989
1.17154
1.18061
1.19688
1.21148
1.22105
1.22897
1.24352
1.26811
1.27692
1.27779
1.27876
1.27764
1.27834
1.27501
1.28596
1.36351
54.7957
999.325
1027.07
1027.1
1027.1
1027.1
1027.1
1027.1
1027.1
1027.1
1027.1
1027.1
1027.1
1027.1
1027.1
1027.1
1027.1
1027.1
1027.1
1027.1
1027.1
1027.1
1027.1
1027.1
1027.1
1027.1
1027.1
1027.1
1027.1
1027.1
1027.1
1027.1
1027.1
1027.1
1027.1
1027.1
1027.1
1.16099
1.16172
1.16364
1.16453
1.16536
1.16603
1.16683
1.16751
1.168
1.16833
1.16856
1.16873
1.16883
1.16887
1.16889
1.1689
1.16891
1.16891
1.16891
1.16892
1.16892
1.16892
1.16892
1.16892
1.16892
1.16892
1.16893
1.16893
1.16893
1.16893
1.16893
1.16893
1.16893
1.16893
1.16893
1.16893
1.16893
1.16894
1.16894
1.16895
1.16904
1.16953
1.17088
1.17319
1.17704
1.1852
1.19463
1.20406
1.2205
1.25145
1.27775
1.28017
1.28027
1.28035
1.27746
1.27837
1.27517
1.28227
1.31138
48.0139
1010.14
1027.09
1027.09
1027.1
1027.1
1027.1
1027.1
1027.1
1027.09
1027.1
1027.1
1027.09
1027.1
1027.1
1027.1
1027.1
1027.1
1027.1
1027.1
1027.1
1027.1
1027.1
1027.1
1027.1
1027.1
1027.1
1027.1
1027.1
1027.1
1027.1
1027.1
1027.1
1027.1
1027.1
1027.1
1027.1
1.1609
1.16112
1.16285
1.16385
1.16477
1.16557
1.16643
1.1672
1.16782
1.16825
1.16853
1.16871
1.16882
1.16887
1.16888
1.1689
1.16891
1.16891
1.16891
1.16891
1.16891
1.16892
1.16892
1.16892
1.16892
1.16892
1.16892
1.16892
1.16893
1.16893
1.16893
1.16893
1.16893
1.16893
1.16893
1.16893
1.16893
1.16893
1.16894
1.16894
1.16903
1.16945
1.17044
1.17205
1.1745
1.17928
1.18239
1.1912
1.21535
1.2619
1.27928
1.28115
1.28176
1.2811
1.27743
1.27818
1.28112
1.28739
1.27988
47.8271
1014.58
1027.04
1027.05
1027.06
1027.06
1027.07
1027.06
1027.06
1027.05
1027.05
1027.04
1027.05
1027.04
1027.03
1027.03
1027.03
1027.03
1027.04
1027.06
1027.07
1027.08
1027.09
1027.09
1027.1
1027.1
1027.1
1027.1
1027.1
1027.1
1027.1
1027.1
1027.1
1027.1
1027.1
1027.1
1027.1
1.16083
1.16075
1.16213
1.16325
1.1643
1.16518
1.16614
1.16698
1.16769
1.1682
1.16851
1.16871
1.16882
1.16887
1.16888
1.1689
1.16891
1.16891
1.16891
1.16891
1.16891
1.16891
1.16892
1.16892
1.16892
1.16892
1.16892
1.16892
1.16892
1.16892
1.16893
1.16893
1.16893
1.16893
1.16893
1.16893
1.16893
1.16893
1.16894
1.16894
1.169
1.16927
1.16999
1.17122
1.17305
1.17574
1.18031
1.18672
1.21129
1.2625
1.27969
1.28341
1.28601
1.2842
1.27743
1.28092
1.28762
1.2911
1.26872
90.0231
1017.42
1026.17
1026.21
1026.3
1026.31
1026.28
1026.19
1026.09
1025.97
1025.82
1025.67
1025.53
1025.44
1025.37
1025.32
1025.25
1025.24
1025.5
1025.77
1026.05
1026.31
1026.54
1026.74
1026.89
1027
1027.06
1027.08
1027.1
1027.1
1027.1
1027.1
1027.1
1027.1
1027.1
1027.1
1027.1
1.16077
1.16052
1.16152
1.16265
1.16385
1.16486
1.16593
1.16684
1.16761
1.16817
1.1685
1.16871
1.16882
1.16886
1.16888
1.1689
1.16891
1.16891
1.16891
1.16891
1.16891
1.16891
1.16891
1.16892
1.16892
1.16892
1.16892
1.16892
1.16892
1.16892
1.16893
1.16893
1.16893
1.16893
1.16893
1.16893
1.16893
1.16893
1.16894
1.16894
1.16896
1.16908
1.16954
1.17052
1.17224
1.17505
1.18053
1.18846
1.22669
1.27215
1.27887
1.28528
1.29211
1.29354
1.28766
1.29717
1.31078
1.33273
1.34395
134.484
1013.49
1022.86
1022.82
1022.76
1022.75
1022.49
1022.28
1022.04
1021.56
1021.02
1020.53
1020.12
1019.67
1019.13
1018.76
1018.56
1018.36
1018.3
1018.71
1019.24
1019.86
1020.63
1021.54
1022.51
1023.53
1024.51
1025.35
1026.03
1026.51
1026.78
1026.93
1027.03
1027.09
1027.1
1027.1
1027.1
1.16075
1.16035
1.16106
1.16204
1.16344
1.16458
1.16578
1.16675
1.16757
1.16816
1.1685
1.16871
1.16882
1.16886
1.16888
1.1689
1.16891
1.16891
1.16891
1.16891
1.16891
1.16891
1.16891
1.16892
1.16892
1.16892
1.16892
1.16892
1.16892
1.16892
1.16892
1.16893
1.16893
1.16893
1.16893
1.16893
1.16893
1.16893
1.16893
1.16894
1.16895
1.169
1.16929
1.17014
1.17183
1.17504
1.18169
1.19262
1.23977
1.27955
1.27816
1.28695
1.29734
1.30568
1.30958
1.31853
1.32779
1.3333
1.33436
226.395
1008.08
1018.04
1018.19
1018.39
1018.45
1017.91
1017.44
1017
1016.61
1016.12
1015.64
1015.08
1014.54
1014.09
1013.9
1013.84
1013.46
1012.8
1012.27
1011.88
1011.62
1011.36
1011.02
1010.52
1010.03
1009.77
1009.66
1010.27
1011.18
1012.86
1015.03
1017.92
1021.46
1024.87
1026.99
1027.05
1.16072
1.16025
1.1607
1.16142
1.16285
1.16426
1.16565
1.16668
1.16755
1.16816
1.1685
1.16871
1.16882
1.16887
1.16888
1.1689
1.16891
1.16891
1.16891
1.16891
1.16891
1.16891
1.16891
1.16892
1.16892
1.16892
1.16892
1.16892
1.16892
1.16892
1.16893
1.16893
1.16893
1.16893
1.16893
1.16893
1.16893
1.16893
1.16893
1.16894
1.16894
1.16898
1.16924
1.17008
1.17182
1.17564
1.18298
1.19661
1.244
1.28682
1.28797
1.28737
1.29035
1.29621
1.29711
1.29278
1.28781
1.29654
1.26872
341.793
999.696
1007.67
1006.65
1006.23
1006.62
1006.75
1006.91
1007.29
1007.99
1008.84
1009.71
1010.49
1011.31
1012.21
1013.02
1013.62
1013.93
1013.11
1012.3
1011.61
1011.07
1010.61
1009.79
1007.88
1004.86
1000.97
997.124
992.827
987.644
980.966
971.837
959.592
943.296
917.775
863.032
658.852
1.16062
1.16019
1.16043
1.16086
1.16212
1.16373
1.16544
1.16662
1.16753
1.16816
1.16851
1.16871
1.16883
1.16887
1.16888
1.1689
1.16891
1.16891
1.16891
1.16891
1.16891
1.16891
1.16892
1.16892
1.16892
1.16892
1.16892
1.16892
1.16892
1.16893
1.16893
1.16893
1.16893
1.16893
1.16893
1.16893
1.16893
1.16893
1.16893
1.16894
1.16894
1.16898
1.16926
1.17028
1.17231
1.17653
1.18434
1.1995
1.2291
1.28754
1.29241
1.29083
1.28744
1.28739
1.28773
1.28501
1.28017
1.29597
1.26872
282.675
1006.2
1015.81
1016.08
1016.84
1017.94
1019.39
1020.34
1020.54
1020.29
1019.83
1019.51
1019.47
1019.7
1020.34
1021.12
1022.05
1022.92
1023.32
1023.26
1022.67
1022.56
1022.72
1022.93
1023.15
1023
1021.89
1020.77
1019.27
1017.47
1015.13
1012.15
1008.39
1004.44
1001.3
1000.07
1002.35
1.16048
1.16014
1.16023
1.16046
1.16138
1.16308
1.16519
1.16656
1.16752
1.16816
1.16851
1.16872
1.16883
1.16887
1.16888
1.1689
1.16891
1.16891
1.16891
1.16891
1.16891
1.16892
1.16892
1.16892
1.16892
1.16892
1.16892
1.16892
1.16893
1.16893
1.16893
1.16893
1.16893
1.16893
1.16893
1.16893
1.16893
1.16893
1.16894
1.16894
1.16894
1.16898
1.16927
1.1704
1.17266
1.17696
1.18484
1.19992
1.21991
1.26798
1.29184
1.2928
1.28849
1.28387
1.2836
1.28667
1.2829
1.28853
1.26872
232.66
1015.26
1024.15
1024.87
1025.54
1025.88
1026.08
1026.09
1026.01
1025.96
1025.83
1025.73
1025.72
1025.95
1026.15
1026.36
1026.52
1026.6
1026.62
1026.6
1026.57
1026.55
1026.55
1026.6
1026.65
1026.68
1026.68
1026.64
1026.61
1026.57
1026.51
1026.44
1026.36
1026.33
1026.41
1026.7
1026.95
1.16036
1.16008
1.16008
1.16018
1.1609
1.16243
1.16478
1.16641
1.16751
1.16816
1.16851
1.16873
1.16884
1.16887
1.16888
1.1689
1.16891
1.16891
1.16891
1.16891
1.16892
1.16892
1.16892
1.16892
1.16892
1.16892
1.16892
1.16893
1.16893
1.16893
1.16893
1.16893
1.16893
1.16893
1.16893
1.16893
1.16893
1.16894
1.16894
1.16894
1.16895
1.16899
1.16927
1.17043
1.17284
1.17718
1.18524
1.19949
1.22224
1.2389
1.27613
1.29128
1.29172
1.28864
1.28403
1.28806
1.28229
1.29241
1.27527
233.394
1023.2
1026.64
1026.88
1027.03
1027.04
1027.04
1027.04
1027.04
1027.04
1027.03
1027.03
1027.04
1027.05
1027.06
1027.07
1027.08
1027.08
1027.09
1027.09
1027.09
1027.09
1027.09
1027.09
1027.09
1027.09
1027.1
1027.1
1027.1
1027.1
1027.1
1027.1
1027.1
1027.1
1027.1
1027.1
1027.1
1.16027
1.16002
1.15999
1.15999
1.16053
1.16191
1.16423
1.16624
1.16753
1.16818
1.16853
1.16874
1.16884
1.16887
1.16888
1.1689
1.16891
1.16891
1.16891
1.16891
1.16892
1.16892
1.16892
1.16892
1.16892
1.16892
1.16892
1.16893
1.16893
1.16893
1.16893
1.16893
1.16893
1.16893
1.16893
1.16893
1.16893
1.16894
1.16894
1.16894
1.16895
1.16899
1.16927
1.17045
1.17294
1.1773
1.18541
1.1992
1.21918
1.24246
1.25447
1.27483
1.28615
1.28789
1.28772
1.28808
1.28256
1.29316
1.34862
202.238
1025.99
1027.07
1027.08
1027.09
1027.09
1027.09
1027.09
1027.1
1027.1
1027.1
1027.09
1027.09
1027.1
1027.1
1027.1
1027.1
1027.1
1027.1
1027.1
1027.1
1027.1
1027.1
1027.1
1027.1
1027.1
1027.1
1027.1
1027.1
1027.1
1027.1
1027.1
1027.1
1027.1
1027.1
1027.1
1027.1
1.16024
1.16008
1.15996
1.15991
1.16005
1.16088
1.16294
1.16567
1.16757
1.16823
1.16855
1.16875
1.16885
1.16886
1.16887
1.1689
1.16891
1.16891
1.16891
1.16891
1.16892
1.16892
1.16892
1.16892
1.16892
1.16892
1.16892
1.16893
1.16893
1.16893
1.16893
1.16893
1.16893
1.16893
1.16893
1.16893
1.16893
1.16893
1.16894
1.16894
1.16895
1.16899
1.16928
1.17056
1.17316
1.1779
1.18686
1.20001
1.21675
1.23994
1.25809
1.2636
1.27183
1.27886
1.28003
1.28427
1.27885
1.29339
1.54574
126.175
1017.76
1027.09
1027.09
1027.1
1027.09
1027.1
1027.1
1027.1
1027.1
1027.1
1027.1
1027.1
1027.1
1027.1
1027.1
1027.1
1027.1
1027.1
1027.1
1027.1
1027.1
1027.1
1027.1
1027.1
1027.1
1027.1
1027.1
1027.1
1027.1
1027.1
1027.1
1027.1
1027.1
1027.1
1027.1
1027.1
1.16032
1.16045
1.16019
1.16007
1.15986
1.16001
1.16099
1.16386
1.16739
1.16835
1.1686
1.16876
1.16883
1.16883
1.16885
1.16889
1.1689
1.16891
1.16891
1.16891
1.16891
1.16891
1.16892
1.16892
1.16892
1.16892
1.16892
1.16892
1.16892
1.16892
1.16892
1.16892
1.16892
1.16892
1.16892
1.16893
1.16893
1.16893
1.16893
1.16893
1.16894
1.16899
1.16926
1.17077
1.17405
1.1796
1.18867
1.20055
1.21518
1.23665
1.25781
1.26552
1.2686
1.27301
1.27573
1.28211
1.27559
1.28883
2.04287
79.6489
1012.17
1027.09
1027.09
1027.09
1027.1
1027.1
1027.1
1027.1
1027.1
1027.1
1027.1
1027.1
1027.1
1027.1
1027.1
1027.1
1027.1
1027.1
1027.1
1027.1
1027.1
1027.1
1027.1
1027.1
1027.1
1027.1
1027.1
1027.1
1027.1
1027.1
1027.1
1027.1
1027.1
1027.1
1027.1
1027.1
1.16045
1.16069
1.16068
1.16058
1.1601
1.16001
1.16017
1.16204
1.16654
1.16849
1.16867
1.16876
1.16878
1.16879
1.16882
1.16888
1.1689
1.16891
1.16891
1.16891
1.16891
1.16891
1.16891
1.16892
1.16892
1.16892
1.16892
1.16892
1.16892
1.16892
1.16892
1.16892
1.16892
1.16892
1.16892
1.16892
1.16892
1.16893
1.16893
1.16893
1.16894
1.16898
1.16922
1.17079
1.17528
1.18231
1.19092
1.20105
1.21396
1.23176
1.25211
1.26023
1.26366
1.26918
1.2722
1.2784
1.27328
1.28373
2.78411
84.278
1001.15
1027.09
1027.09
1027.09
1027.1
1027.1
1027.1
1027.1
1027.1
1027.1
1027.1
1027.1
1027.1
1027.1
1027.1
1027.1
1027.1
1027.1
1027.1
1027.1
1027.1
1027.1
1027.1
1027.1
1027.1
1027.1
1027.1
1027.1
1027.1
1027.1
1027.1
1027.1
1027.1
1027.1
1027.1
1027.1
1.16011
1.16043
1.16085
1.16094
1.16027
1.16012
1.1602
1.16174
1.16616
1.16855
1.16871
1.16874
1.16875
1.16877
1.16881
1.16888
1.16891
1.16891
1.16891
1.16891
1.16892
1.16892
1.16892
1.16892
1.16892
1.16892
1.16892
1.16892
1.16893
1.16893
1.16893
1.16893
1.16893
1.16893
1.16893
1.16893
1.16894
1.16894
1.16894
1.16894
1.16895
1.16898
1.16914
1.17054
1.17565
1.18369
1.19192
1.20087
1.2131
1.23197
1.25328
1.25548
1.25425
1.25697
1.25869
1.26269
1.26463
1.2736
3.34941
81.471
987.973
1026.9
1027.09
1027.1
1027.1
1027.1
1027.1
1027.1
1027.1
1027.1
1027.1
1027.1
1027.1
1027.1
1027.1
1027.1
1027.1
1027.1
1027.1
1027.1
1027.1
1027.1
1027.1
1027.1
1027.1
1027.1
1027.1
1027.1
1027.1
1027.1
1027.1
1027.1
1027.1
1027.1
1027.1
1027.1
1.1616
1.16261
1.16361
1.16418
1.16466
1.16557
1.16675
1.1678
1.16853
1.16875
1.16881
1.16885
1.16887
1.16889
1.1689
1.16891
1.16891
1.16891
1.16891
1.16892
1.16892
1.16892
1.16892
1.16892
1.16892
1.16892
1.16892
1.16893
1.16893
1.16893
1.16893
1.16893
1.16893
1.16893
1.16893
1.16894
1.16894
1.16894
1.16894
1.16894
1.16894
1.16895
1.16901
1.16969
1.17448
1.18774
1.20948
1.23363
1.24701
1.25366
1.25973
1.26583
1.26756
1.26986
1.27143
1.27514
1.2728
1.3005
1.59775
31.6487
944.497
1026.58
1027.09
1027.1
1027.1
1027.1
1027.1
1027.1
1027.1
1027.1
1027.1
1027.1
1027.1
1027.1
1027.1
1027.1
1027.1
1027.1
1027.1
1027.1
1027.1
1027.1
1027.1
1027.1
1027.1
1027.1
1027.1
1027.1
1027.1
1027.1
1027.1
1027.1
1027.1
1027.1
1027.1
1027.1
1.16074
1.16158
1.1641
1.16458
1.16508
1.16595
1.16703
1.16802
1.16847
1.16864
1.16873
1.1688
1.16885
1.16888
1.16889
1.1689
1.16891
1.16891
1.16891
1.16891
1.16892
1.16892
1.16892
1.16892
1.16892
1.16892
1.16892
1.16893
1.16893
1.16893
1.16893
1.16893
1.16893
1.16893
1.16893
1.16893
1.16893
1.16893
1.16893
1.16894
1.16896
1.16907
1.1693
1.17052
1.17742
1.19205
1.2092
1.22662
1.24004
1.25064
1.25984
1.26931
1.27081
1.26938
1.26816
1.27002
1.26887
1.30516
1.44901
37.3147
981.95
1027.03
1027.1
1027.1
1027.1
1027.1
1027.1
1027.1
1027.1
1027.1
1027.1
1027.1
1027.1
1027.1
1027.1
1027.1
1027.1
1027.1
1027.1
1027.1
1027.1
1027.1
1027.1
1027.1
1027.1
1027.1
1027.1
1027.1
1027.1
1027.1
1027.1
1027.1
1027.1
1027.1
1027.1
1027.1
1.16056
1.16077
1.16395
1.1648
1.16542
1.1662
1.16714
1.16795
1.16832
1.1685
1.16865
1.16877
1.16884
1.16887
1.16888
1.1689
1.1689
1.1689
1.1689
1.16891
1.16891
1.16891
1.16891
1.16891
1.16891
1.16892
1.16892
1.16892
1.16892
1.16892
1.16892
1.16892
1.16892
1.16892
1.16892
1.16892
1.16892
1.16892
1.16893
1.16893
1.16897
1.16923
1.16989
1.17166
1.17773
1.18983
1.20485
1.21914
1.23008
1.23894
1.26315
1.27632
1.27756
1.27783
1.27606
1.27499
1.27644
1.31433
1.34305
43.0482
1006.76
1027.08
1027.09
1027.09
1027.1
1027.1
1027.1
1027.1
1027.1
1027.1
1027.09
1027.1
1027.1
1027.1
1027.1
1027.1
1027.1
1027.1
1027.1
1027.1
1027.1
1027.1
1027.1
1027.1
1027.1
1027.1
1027.1
1027.1
1027.1
1027.1
1027.1
1027.1
1027.1
1027.1
1027.1
1027.1
1.16052
1.16054
1.16269
1.16461
1.16537
1.1662
1.16711
1.16779
1.16817
1.16843
1.16862
1.16876
1.16883
1.16887
1.16889
1.1689
1.1689
1.1689
1.16891
1.16891
1.16891
1.16891
1.16891
1.16891
1.16891
1.16891
1.16891
1.16891
1.16892
1.16892
1.16892
1.16892
1.16892
1.16892
1.16892
1.16892
1.16892
1.16892
1.16892
1.16893
1.16898
1.1692
1.16995
1.17233
1.17723
1.18438
1.1939
1.2058
1.21817
1.24314
1.2741
1.27995
1.27994
1.27947
1.27798
1.27893
1.29275
1.31114
1.28777
48.6893
1015.97
1027.07
1027.07
1027.08
1027.08
1027.08
1027.08
1027.08
1027.08
1027.08
1027.08
1027.07
1027.07
1027.07
1027.07
1027.07
1027.08
1027.08
1027.08
1027.09
1027.09
1027.1
1027.1
1027.1
1027.1
1027.1
1027.1
1027.1
1027.1
1027.1
1027.1
1027.1
1027.1
1027.1
1027.1
1027.1
1.16051
1.16054
1.16086
1.16413
1.16527
1.16615
1.16703
1.16764
1.16808
1.16839
1.1686
1.16875
1.16883
1.16887
1.16888
1.1689
1.1689
1.1689
1.16891
1.16891
1.16891
1.16891
1.16891
1.16891
1.16891
1.16891
1.16891
1.16891
1.16892
1.16892
1.16892
1.16892
1.16892
1.16892
1.16892
1.16892
1.16892
1.16892
1.16892
1.16894
1.16901
1.16917
1.16982
1.17221
1.17671
1.18123
1.18515
1.19135
1.21017
1.2568
1.2786
1.28188
1.28314
1.28305
1.28093
1.28397
1.29536
1.29503
1.26872
81.6576
1019.62
1026.69
1026.74
1026.81
1026.85
1026.88
1026.89
1026.86
1026.82
1026.79
1026.77
1026.77
1026.77
1026.8
1026.84
1026.87
1026.9
1026.93
1026.95
1026.98
1027.01
1027.03
1027.06
1027.08
1027.09
1027.09
1027.1
1027.1
1027.1
1027.1
1027.1
1027.1
1027.1
1027.1
1027.1
1027.1
1.16054
1.16047
1.16094
1.16324
1.16506
1.16608
1.16694
1.16751
1.16802
1.16837
1.1686
1.16875
1.16883
1.16887
1.16888
1.16889
1.1689
1.1689
1.1689
1.1689
1.16891
1.16891
1.16891
1.16891
1.16891
1.16891
1.16891
1.16891
1.16892
1.16892
1.16892
1.16892
1.16892
1.16892
1.16892
1.16892
1.16892
1.16892
1.16893
1.16895
1.16901
1.16915
1.16964
1.17154
1.17538
1.17975
1.1847
1.18985
1.22688
1.27099
1.28101
1.2841
1.28741
1.28503
1.28368
1.29257
1.29442
1.28485
1.26872
118.362
1019.26
1025.14
1025.21
1025.42
1025.55
1025.66
1025.71
1025.66
1025.64
1025.66
1025.8
1026.05
1026.36
1026.64
1026.72
1026.69
1026.74
1026.8
1026.84
1026.85
1026.86
1026.85
1026.85
1026.89
1026.94
1026.99
1027.02
1027.05
1027.07
1027.09
1027.1
1027.1
1027.1
1027.1
1027.1
1027.1
1.16048
1.16027
1.16085
1.16258
1.1646
1.16597
1.16704
1.16757
1.16806
1.16838
1.16859
1.16873
1.16881
1.16886
1.16888
1.16889
1.16889
1.1689
1.1689
1.1689
1.16891
1.16891
1.16891
1.16891
1.16892
1.16892
1.16892
1.16892
1.16892
1.16892
1.16892
1.16892
1.16892
1.16892
1.16892
1.16893
1.16893
1.16893
1.16893
1.16894
1.16897
1.16905
1.16939
1.17055
1.17365
1.17797
1.1852
1.19502
1.24409
1.28103
1.28277
1.28888
1.2929
1.29093
1.28893
1.28962
1.285
1.27721
1.26872
192.622
1017.02
1022.58
1022.32
1022.16
1022.34
1022.64
1022.98
1023.33
1023.78
1024.38
1025.07
1025.74
1026.3
1026.66
1026.75
1026.67
1026.61
1026.71
1026.89
1026.95
1026.94
1026.91
1026.88
1026.84
1026.86
1026.92
1026.97
1027.04
1027.1
1027.1
1027.1
1027.1
1027.1
1027.1
1027.1
1027.1
1.16041
1.16015
1.16059
1.16165
1.16377
1.1654
1.1667
1.16742
1.16801
1.16819
1.16848
1.16871
1.16879
1.16885
1.16888
1.16889
1.16889
1.16889
1.1689
1.1689
1.1689
1.1689
1.1689
1.16891
1.16891
1.16891
1.16891
1.16891
1.16891
1.16891
1.16891
1.16892
1.16892
1.16892
1.16892
1.16892
1.16892
1.16892
1.16892
1.16892
1.16893
1.16896
1.16914
1.16983
1.17206
1.17654
1.1856
1.19886
1.24977
1.28838
1.2929
1.29441
1.29187
1.2872
1.285
1.28422
1.28375
1.28515
1.26872
237.721
1015.82
1022.05
1022.07
1021.73
1021.73
1022.54
1023.14
1023.8
1024.42
1025.06
1025.57
1026.03
1026.33
1026.52
1026.63
1026.66
1026.58
1026.53
1026.62
1026.77
1026.86
1026.99
1027.09
1027.1
1027.1
1027.1
1027.1
1027.1
1027.1
1027.1
1027.1
1027.1
1027.1
1027.1
1027.1
1027.1
1.1603
1.16012
1.16033
1.16072
1.16246
1.1644
1.16602
1.16699
1.16784
1.16825
1.16857
1.16871
1.16878
1.16885
1.16888
1.16889
1.16889
1.16889
1.1689
1.1689
1.1689
1.1689
1.1689
1.16891
1.16891
1.16891
1.16891
1.16891
1.16891
1.16891
1.16891
1.16892
1.16892
1.16892
1.16892
1.16892
1.16892
1.16892
1.16892
1.16892
1.16893
1.16895
1.1691
1.16983
1.17212
1.17699
1.18716
1.20242
1.24063
1.28841
1.29318
1.29435
1.29097
1.28563
1.28444
1.28777
1.30088
1.32301
1.32966
206.728
1019.57
1024.69
1024.79
1024.93
1025.1
1025.38
1025.57
1025.71
1025.8
1025.85
1025.89
1025.93
1025.98
1026.1
1026.25
1026.37
1026.47
1026.49
1026.42
1026.39
1026.45
1026.62
1026.77
1026.91
1027
1027.02
1027
1026.99
1026.97
1026.96
1026.94
1027.01
1027.05
1027.07
1027.06
1027.08
1.16022
1.16006
1.16019
1.16028
1.16077
1.16273
1.16505
1.16646
1.16757
1.16819
1.16854
1.16868
1.16878
1.16885
1.16888
1.16889
1.16889
1.16889
1.1689
1.1689
1.1689
1.1689
1.1689
1.1689
1.16891
1.16891
1.16891
1.16891
1.16891
1.16891
1.16892
1.16892
1.16892
1.16892
1.16892
1.16892
1.16892
1.16892
1.16893
1.16893
1.16893
1.16896
1.16911
1.16989
1.17248
1.178
1.18605
1.20215
1.22344
1.27633
1.29269
1.29311
1.29155
1.28583
1.284
1.28564
1.2813
1.31694
1.35828
156.64
1022.42
1026.53
1026.6
1026.7
1026.75
1026.8
1026.82
1026.83
1026.83
1026.85
1026.88
1026.92
1026.96
1026.97
1026.98
1026.99
1026.98
1026.95
1026.93
1026.91
1026.92
1026.94
1026.97
1027.01
1027.05
1027.07
1027.09
1027.09
1027.09
1027.1
1027.1
1027.1
1027.1
1027.1
1027.1
1027.1
1.16013
1.15997
1.16005
1.16004
1.16006
1.16102
1.16398
1.16584
1.16724
1.16805
1.16847
1.16867
1.1688
1.16887
1.16889
1.16889
1.16889
1.16889
1.16889
1.1689
1.1689
1.1689
1.1689
1.1689
1.1689
1.16891
1.16891
1.16891
1.16891
1.16891
1.16892
1.16892
1.16892
1.16892
1.16892
1.16892
1.16892
1.16893
1.16893
1.16893
1.16894
1.16896
1.16909
1.1698
1.17228
1.1771
1.18436
1.20115
1.22627
1.24241
1.27568
1.28939
1.29197
1.28832
1.28403
1.2856
1.27976
1.30271
1.40368
141.886
1022.25
1027.03
1027.04
1027.06
1027.07
1027.08
1027.08
1027.08
1027.08
1027.08
1027.09
1027.09
1027.09
1027.09
1027.09
1027.09
1027.09
1027.09
1027.09
1027.09
1027.09
1027.09
1027.09
1027.1
1027.1
1027.1
1027.1
1027.1
1027.1
1027.1
1027.1
1027.1
1027.1
1027.1
1027.1
1027.1
1.16005
1.15987
1.15991
1.1599
1.16001
1.16069
1.1631
1.16533
1.16696
1.16795
1.16847
1.16872
1.16884
1.16889
1.1689
1.1689
1.1689
1.1689
1.16891
1.16891
1.16891
1.16891
1.16891
1.16891
1.16891
1.16892
1.16892
1.16892
1.16892
1.16892
1.16893
1.16893
1.16893
1.16893
1.16893
1.16893
1.16893
1.16893
1.16894
1.16894
1.16894
1.16897
1.16908
1.16961
1.17154
1.17513
1.18193
1.19954
1.22335
1.24527
1.25511
1.27002
1.28273
1.28816
1.28572
1.28593
1.27956
1.30363
1.46959
130.396
1022.73
1027.09
1027.09
1027.09
1027.09
1027.1
1027.1
1027.1
1027.1
1027.1
1027.1
1027.1
1027.1
1027.1
1027.1
1027.1
1027.1
1027.1
1027.1
1027.1
1027.1
1027.1
1027.1
1027.1
1027.1
1027.1
1027.1
1027.1
1027.1
1027.1
1027.1
1027.1
1027.1
1027.1
1027.1
1027.1
1.16002
1.15982
1.15981
1.15981
1.15991
1.16057
1.16271
1.16524
1.16705
1.16796
1.16848
1.16874
1.16886
1.1689
1.1689
1.16891
1.16891
1.16891
1.16891
1.16891
1.16892
1.16892
1.16892
1.16892
1.16892
1.16892
1.16893
1.16893
1.16893
1.16893
1.16893
1.16893
1.16894
1.16894
1.16894
1.16894
1.16894
1.16894
1.16894
1.16894
1.16895
1.16898
1.16911
1.16954
1.17101
1.17458
1.1839
1.20143
1.22146
1.24356
1.26174
1.26515
1.26864
1.27587
1.27737
1.2796
1.27392
1.3078
1.67352
87.7454
1006.37
1027.09
1027.09
1027.1
1027.09
1027.1
1027.1
1027.1
1027.1
1027.1
1027.1
1027.1
1027.1
1027.1
1027.1
1027.1
1027.1
1027.1
1027.1
1027.1
1027.1
1027.1
1027.1
1027.1
1027.1
1027.1
1027.1
1027.1
1027.1
1027.1
1027.1
1027.1
1027.1
1027.1
1027.1
1027.1
1.16011
1.15998
1.1598
1.15984
1.15979
1.15981
1.16047
1.16259
1.16697
1.16804
1.16851
1.16876
1.16888
1.16891
1.16891
1.16891
1.16891
1.16891
1.16892
1.16892
1.16892
1.16892
1.16892
1.16892
1.16893
1.16893
1.16893
1.16893
1.16893
1.16893
1.16894
1.16894
1.16894
1.16894
1.16894
1.16894
1.16894
1.16894
1.16894
1.16895
1.16895
1.16899
1.16919
1.16988
1.17123
1.17495
1.18554
1.20127
1.21828
1.24188
1.26361
1.27009
1.27091
1.2737
1.27259
1.27674
1.27068
1.33401
2.04908
60.5228
998.678
1027.09
1027.09
1027.09
1027.09
1027.1
1027.1
1027.1
1027.1
1027.1
1027.1
1027.1
1027.1
1027.1
1027.1
1027.1
1027.1
1027.1
1027.1
1027.1
1027.1
1027.1
1027.1
1027.1
1027.1
1027.1
1027.1
1027.1
1027.1
1027.1
1027.1
1027.1
1027.1
1027.1
1027.1
1027.1
1.16025
1.16026
1.16005
1.16009
1.16004
1.15996
1.15987
1.15999
1.16423
1.16825
1.1686
1.16879
1.16885
1.16887
1.16889
1.16891
1.16891
1.16891
1.16892
1.16892
1.16892
1.16892
1.16892
1.16892
1.16893
1.16893
1.16893
1.16893
1.16893
1.16893
1.16894
1.16894
1.16894
1.16894
1.16894
1.16894
1.16894
1.16894
1.16894
1.16895
1.16895
1.16899
1.16924
1.17053
1.17342
1.17866
1.18798
1.19978
1.21454
1.23684
1.26019
1.26963
1.27154
1.27338
1.27019
1.27649
1.26996
1.30693
2.37796
59.8388
991
1027.04
1027.09
1027.1
1027.1
1027.1
1027.1
1027.1
1027.1
1027.1
1027.1
1027.1
1027.1
1027.1
1027.1
1027.1
1027.1
1027.1
1027.1
1027.1
1027.1
1027.1
1027.1
1027.1
1027.1
1027.1
1027.1
1027.1
1027.1
1027.1
1027.1
1027.1
1027.1
1027.1
1027.1
1027.1
1.15988
1.16032
1.16022
1.16033
1.16022
1.16008
1.1599
1.15977
1.16262
1.16821
1.16872
1.16879
1.16882
1.16885
1.16885
1.16888
1.16891
1.16891
1.16891
1.16892
1.16892
1.16892
1.16892
1.16892
1.16892
1.16893
1.16893
1.16893
1.16893
1.16893
1.16893
1.16893
1.16893
1.16893
1.16893
1.16894
1.16894
1.16894
1.16894
1.16894
1.16895
1.16898
1.16914
1.17042
1.17451
1.18142
1.19012
1.20031
1.21412
1.23386
1.25394
1.26156
1.25998
1.2617
1.26214
1.26769
1.26857
1.28515
3.12682
65.5044
980.557
1026.79
1027.09
1027.1
1027.1
1027.1
1027.1
1027.1
1027.1
1027.1
1027.1
1027.1
1027.1
1027.1
1027.1
1027.1
1027.1
1027.1
1027.1
1027.1
1027.1
1027.1
1027.1
1027.1
1027.1
1027.1
1027.1
1027.1
1027.1
1027.1
1027.1
1027.1
1027.1
1027.1
1027.1
1027.1
1.16179
1.16272
1.16351
1.16412
1.16462
1.16555
1.16666
1.16774
1.16852
1.16877
1.16883
1.16887
1.16889
1.1689
1.16891
1.16891
1.16892
1.16892
1.16892
1.16892
1.16892
1.16892
1.16892
1.16892
1.16893
1.16893
1.16893
1.16893
1.16893
1.16893
1.16893
1.16894
1.16894
1.16894
1.16894
1.16894
1.16894
1.16894
1.16894
1.16894
1.16895
1.16895
1.16901
1.16968
1.17347
1.18496
1.20495
1.22736
1.24419
1.25436
1.26072
1.26418
1.26506
1.26652
1.26567
1.26938
1.26499
1.30037
1.78575
46.0634
941.941
1026.47
1027.09
1027.1
1027.1
1027.1
1027.1
1027.1
1027.1
1027.1
1027.1
1027.1
1027.1
1027.1
1027.1
1027.1
1027.1
1027.1
1027.1
1027.1
1027.1
1027.1
1027.1
1027.1
1027.1
1027.1
1027.1
1027.1
1027.1
1027.1
1027.1
1027.1
1027.1
1027.1
1027.1
1027.1
1.1615
1.16243
1.16374
1.16423
1.1647
1.16562
1.16673
1.16784
1.16854
1.16876
1.16882
1.16886
1.16888
1.1689
1.16891
1.16891
1.16891
1.16892
1.16892
1.16892
1.16892
1.16892
1.16892
1.16893
1.16893
1.16893
1.16893
1.16893
1.16893
1.16893
1.16893
1.16894
1.16894
1.16894
1.16894
1.16894
1.16894
1.16894
1.16894
1.16894
1.16895
1.16896
1.16904
1.16989
1.17428
1.18586
1.20403
1.2243
1.24108
1.25343
1.26101
1.26485
1.2661
1.26645
1.26591
1.26823
1.26489
1.29971
1.53699
30.0222
928.721
1026.28
1027.09
1027.1
1027.1
1027.1
1027.1
1027.1
1027.1
1027.1
1027.1
1027.1
1027.1
1027.1
1027.1
1027.1
1027.1
1027.1
1027.1
1027.1
1027.1
1027.1
1027.1
1027.1
1027.1
1027.1
1027.1
1027.1
1027.1
1027.1
1027.1
1027.1
1027.1
1027.1
1027.1
1027.1
1.16121
1.16225
1.16372
1.16443
1.16488
1.16577
1.16683
1.16789
1.16853
1.16873
1.1688
1.16885
1.16887
1.16889
1.1689
1.16891
1.16891
1.16891
1.16892
1.16892
1.16892
1.16892
1.16892
1.16892
1.16892
1.16893
1.16893
1.16893
1.16893
1.16893
1.16893
1.16893
1.16893
1.16893
1.16894
1.16894
1.16894
1.16894
1.16894
1.16894
1.16895
1.16897
1.16912
1.17027
1.17527
1.18592
1.20156
1.22013
1.2373
1.24828
1.25303
1.26164
1.26607
1.27074
1.27016
1.27198
1.26954
1.30664
1.43555
21.5124
942.032
1026.5
1027.09
1027.1
1027.1
1027.1
1027.1
1027.1
1027.1
1027.1
1027.1
1027.1
1027.1
1027.1
1027.1
1027.1
1027.1
1027.1
1027.1
1027.1
1027.1
1027.1
1027.1
1027.1
1027.1
1027.1
1027.1
1027.1
1027.1
1027.1
1027.1
1027.1
1027.1
1027.1
1027.1
1027.1
1.16091
1.16198
1.16355
1.16442
1.16502
1.16589
1.16692
1.16789
1.16851
1.16871
1.16879
1.16884
1.16887
1.16889
1.1689
1.16891
1.16891
1.16891
1.16891
1.16892
1.16892
1.16892
1.16892
1.16892
1.16892
1.16892
1.16893
1.16893
1.16893
1.16893
1.16893
1.16893
1.16893
1.16893
1.16893
1.16893
1.16893
1.16893
1.16894
1.16894
1.16895
1.16897
1.16914
1.17061
1.17589
1.18544
1.19899
1.2151
1.22841
1.2371
1.25551
1.27042
1.27541
1.27779
1.2768
1.27753
1.27396
1.29783
1.36198
18.0422
960.517
1026.82
1027.09
1027.09
1027.09
1027.09
1027.09
1027.09
1027.1
1027.1
1027.1
1027.1
1027.1
1027.09
1027.09
1027.1
1027.1
1027.1
1027.1
1027.1
1027.1
1027.1
1027.1
1027.1
1027.1
1027.1
1027.1
1027.1
1027.1
1027.1
1027.1
1027.1
1027.1
1027.1
1027.1
1027.1
1.16058
1.16146
1.16321
1.16434
1.16502
1.16591
1.16691
1.16786
1.16848
1.16869
1.16877
1.16883
1.16887
1.16889
1.1689
1.1689
1.16891
1.16891
1.16891
1.16891
1.16892
1.16892
1.16892
1.16892
1.16892
1.16892
1.16892
1.16893
1.16893
1.16893
1.16893
1.16893
1.16893
1.16893
1.16893
1.16893
1.16893
1.16893
1.16893
1.16894
1.16895
1.16896
1.16917
1.171
1.17635
1.18413
1.19362
1.20522
1.21768
1.23911
1.26663
1.2777
1.28117
1.28315
1.28195
1.28331
1.2792
1.29206
1.30761
25.8621
997.882
1027.03
1027.09
1027.09
1027.09
1027.09
1027.09
1027.09
1027.09
1027.09
1027.09
1027.09
1027.09
1027.09
1027.09
1027.1
1027.1
1027.1
1027.1
1027.1
1027.1
1027.1
1027.1
1027.1
1027.1
1027.1
1027.1
1027.1
1027.1
1027.1
1027.1
1027.1
1027.1
1027.1
1027.1
1027.1
1.1602
1.16076
1.16242
1.16403
1.16495
1.16587
1.16689
1.16783
1.16845
1.16867
1.16876
1.16883
1.16887
1.16889
1.1689
1.1689
1.16891
1.16891
1.16891
1.16891
1.16892
1.16892
1.16892
1.16892
1.16892
1.16892
1.16892
1.16892
1.16893
1.16893
1.16893
1.16893
1.16893
1.16893
1.16893
1.16893
1.16893
1.16893
1.16893
1.16894
1.16895
1.16896
1.1692
1.17121
1.17622
1.18241
1.18893
1.19832
1.21747
1.25541
1.27401
1.28133
1.28588
1.28809
1.28629
1.28719
1.28305
1.28877
1.3102
51.9822
1016.26
1027
1027.02
1027.05
1027.06
1027.07
1027.07
1027.07
1027.07
1027.07
1027.08
1027.09
1027.09
1027.1
1027.1
1027.1
1027.1
1027.1
1027.1
1027.1
1027.1
1027.1
1027.1
1027.1
1027.1
1027.1
1027.1
1027.1
1027.1
1027.1
1027.1
1027.1
1027.1
1027.1
1027.1
1027.1
1.16006
1.16023
1.1611
1.16308
1.1647
1.16577
1.16682
1.16778
1.16842
1.16866
1.16876
1.16883
1.16886
1.16888
1.16889
1.1689
1.1689
1.16891
1.16891
1.16891
1.16891
1.16892
1.16892
1.16892
1.16892
1.16892
1.16892
1.16892
1.16892
1.16893
1.16893
1.16893
1.16893
1.16893
1.16893
1.16893
1.16893
1.16893
1.16893
1.16894
1.16895
1.16896
1.16919
1.17115
1.17586
1.18125
1.18715
1.19658
1.23313
1.26175
1.27297
1.28291
1.29202
1.295
1.28856
1.28995
1.28012
1.28825
1.31819
87.0525
1016.85
1026.89
1026.87
1026.89
1026.91
1026.95
1026.98
1027
1027.03
1027.06
1027.08
1027.09
1027.1
1027.1
1027.1
1027.1
1027.1
1027.1
1027.1
1027.1
1027.1
1027.1
1027.1
1027.1
1027.1
1027.1
1027.1
1027.1
1027.1
1027.1
1027.1
1027.1
1027.1
1027.1
1027.1
1027.1
1.16008
1.16011
1.16027
1.16142
1.16384
1.16551
1.16669
1.1677
1.16838
1.16864
1.16875
1.16882
1.16886
1.16888
1.16889
1.1689
1.1689
1.16891
1.16891
1.16891
1.16891
1.16891
1.16892
1.16892
1.16892
1.16892
1.16892
1.16892
1.16892
1.16892
1.16893
1.16893
1.16893
1.16893
1.16893
1.16893
1.16893
1.16893
1.16893
1.16894
1.16894
1.16895
1.16916
1.17102
1.17555
1.18108
1.18759
1.19854
1.23585
1.25685
1.26738
1.28611
1.29514
1.29231
1.28774
1.28668
1.27999
1.28676
1.40633
107.275
1023.38
1026.98
1026.98
1026.98
1027
1027.02
1027.05
1027.07
1027.08
1027.09
1027.09
1027.09
1027.1
1027.1
1027.1
1027.1
1027.1
1027.1
1027.1
1027.1
1027.1
1027.1
1027.1
1027.1
1027.1
1027.1
1027.1
1027.1
1027.1
1027.1
1027.1
1027.1
1027.1
1027.1
1027.1
1027.1
1.16003
1.16007
1.1601
1.1603
1.162
1.16473
1.16645
1.16758
1.16833
1.16863
1.16875
1.16882
1.16886
1.16888
1.16889
1.1689
1.1689
1.1689
1.16891
1.16891
1.16891
1.16891
1.16891
1.16892
1.16892
1.16892
1.16892
1.16892
1.16892
1.16892
1.16892
1.16892
1.16893
1.16893
1.16893
1.16893
1.16893
1.16893
1.16893
1.16894
1.16894
1.16895
1.16913
1.17086
1.17544
1.18171
1.19118
1.20841
1.23277
1.25313
1.26261
1.28819
1.29465
1.29172
1.28749
1.28553
1.28191
1.29364
1.50672
90.7736
1019.28
1027.03
1027.04
1027.04
1027.05
1027.06
1027.06
1027.07
1027.07
1027.07
1027.07
1027.07
1027.07
1027.08
1027.08
1027.08
1027.08
1027.08
1027.08
1027.09
1027.09
1027.09
1027.1
1027.1
1027.1
1027.1
1027.1
1027.1
1027.1
1027.1
1027.1
1027.1
1027.1
1027.1
1027.1
1027.1
1.1599
1.16
1.16003
1.16006
1.16042
1.16284
1.16579
1.16738
1.16826
1.16861
1.16874
1.16882
1.16886
1.16888
1.16889
1.1689
1.1689
1.16891
1.16891
1.16891
1.16891
1.16891
1.16891
1.16892
1.16892
1.16892
1.16892
1.16892
1.16892
1.16892
1.16892
1.16893
1.16893
1.16893
1.16893
1.16893
1.16893
1.16893
1.16893
1.16894
1.16894
1.16895
1.16909
1.17069
1.1757
1.18365
1.19504
1.20821
1.22384
1.25876
1.26003
1.2839
1.2943
1.29166
1.28635
1.28314
1.27983
1.29242
1.43411
88.7149
1013.84
1027.03
1027.05
1027.05
1027.06
1027.06
1027.06
1027.07
1027.07
1027.07
1027.07
1027.08
1027.08
1027.08
1027.08
1027.08
1027.08
1027.08
1027.08
1027.09
1027.09
1027.09
1027.09
1027.1
1027.1
1027.1
1027.1
1027.1
1027.1
1027.1
1027.1
1027.1
1027.1
1027.1
1027.1
1027.1
1.1598
1.15988
1.15993
1.15996
1.16
1.16077
1.16424
1.16692
1.16814
1.16859
1.16874
1.16882
1.16886
1.16889
1.1689
1.1689
1.1689
1.16891
1.16891
1.16891
1.16891
1.16892
1.16892
1.16892
1.16892
1.16892
1.16892
1.16892
1.16892
1.16893
1.16893
1.16893
1.16893
1.16893
1.16893
1.16893
1.16893
1.16893
1.16893
1.16894
1.16894
1.16895
1.16905
1.17039
1.17553
1.18473
1.1969
1.21004
1.22353
1.23823
1.25598
1.27273
1.29208
1.29168
1.28574
1.28373
1.27968
1.29123
1.49027
87.0045
1011.73
1027.04
1027.06
1027.07
1027.07
1027.08
1027.08
1027.08
1027.09
1027.09
1027.09
1027.09
1027.09
1027.09
1027.09
1027.1
1027.1
1027.1
1027.1
1027.1
1027.1
1027.1
1027.1
1027.1
1027.1
1027.1
1027.1
1027.1
1027.1
1027.1
1027.1
1027.1
1027.1
1027.1
1027.1
1027.1
1.15974
1.15979
1.15982
1.15986
1.1599
1.16004
1.16263
1.16621
1.16797
1.16855
1.16873
1.16882
1.16886
1.16889
1.1689
1.1689
1.1689
1.16891
1.16891
1.16891
1.16891
1.16892
1.16892
1.16892
1.16892
1.16892
1.16892
1.16892
1.16892
1.16893
1.16893
1.16893
1.16893
1.16893
1.16893
1.16893
1.16893
1.16893
1.16893
1.16894
1.16894
1.16895
1.16901
1.16988
1.17428
1.18256
1.1922
1.20493
1.22855
1.24423
1.24708
1.25422
1.27662
1.28944
1.28601
1.28596
1.28124
1.29392
1.67336
78.569
1007.1
1027.06
1027.08
1027.09
1027.09
1027.09
1027.09
1027.09
1027.09
1027.1
1027.1
1027.1
1027.1
1027.1
1027.1
1027.1
1027.1
1027.1
1027.1
1027.1
1027.1
1027.1
1027.1
1027.1
1027.1
1027.1
1027.1
1027.1
1027.1
1027.1
1027.1
1027.1
1027.1
1027.1
1027.1
1027.1
1.15974
1.15975
1.15976
1.15978
1.1598
1.15998
1.16277
1.16588
1.16771
1.16849
1.16872
1.16882
1.16887
1.16889
1.1689
1.1689
1.16891
1.16891
1.16891
1.16891
1.16892
1.16892
1.16892
1.16892
1.16892
1.16892
1.16892
1.16893
1.16893
1.16893
1.16893
1.16893
1.16893
1.16893
1.16893
1.16893
1.16894
1.16894
1.16894
1.16894
1.16894
1.16896
1.16901
1.16943
1.17203
1.1777
1.18566
1.20282
1.22732
1.247
1.26077
1.26093
1.2634
1.27469
1.27829
1.28197
1.27931
1.28788
1.95055
60.2851
996.663
1027.02
1027.09
1027.09
1027.09
1027.1
1027.1
1027.1
1027.1
1027.1
1027.1
1027.1
1027.1
1027.1
1027.1
1027.1
1027.1
1027.1
1027.1
1027.1
1027.1
1027.1
1027.1
1027.1
1027.1
1027.1
1027.1
1027.1
1027.1
1027.1
1027.1
1027.1
1027.1
1027.1
1027.1
1027.1
1.15977
1.15977
1.15977
1.15977
1.15978
1.15978
1.16061
1.16295
1.16746
1.16842
1.1687
1.16882
1.16887
1.16889
1.1689
1.16891
1.16891
1.16891
1.16891
1.16892
1.16892
1.16892
1.16892
1.16892
1.16892
1.16893
1.16893
1.16893
1.16893
1.16893
1.16893
1.16893
1.16893
1.16893
1.16893
1.16894
1.16894
1.16894
1.16894
1.16894
1.16895
1.16897
1.16905
1.16935
1.17052
1.17422
1.18495
1.20669
1.22718
1.24756
1.26622
1.27044
1.26672
1.27027
1.27123
1.27517
1.27295
1.28199
2.00169
47.4776
991.899
1026.95
1027.09
1027.09
1027.1
1027.1
1027.1
1027.1
1027.1
1027.1
1027.1
1027.1
1027.1
1027.1
1027.1
1027.1
1027.1
1027.1
1027.1
1027.1
1027.1
1027.1
1027.1
1027.1
1027.1
1027.1
1027.1
1027.1
1027.1
1027.1
1027.1
1027.1
1027.1
1027.1
1027.1
1027.1
1.15988
1.15987
1.15987
1.15986
1.15985
1.15985
1.15983
1.15981
1.16341
1.16831
1.16869
1.16881
1.16886
1.16889
1.1689
1.16891
1.16891
1.16891
1.16891
1.16892
1.16892
1.16892
1.16892
1.16892
1.16892
1.16892
1.16893
1.16893
1.16893
1.16893
1.16893
1.16893
1.16893
1.16893
1.16893
1.16893
1.16893
1.16894
1.16894
1.16894
1.16895
1.16899
1.16919
1.16979
1.17122
1.17516
1.18618
1.20404
1.22341
1.24615
1.26711
1.27305
1.27396
1.27438
1.27218
1.2769
1.26912
1.28459
2.34059
49.6321
987.914
1026.88
1027.09
1027.1
1027.1
1027.1
1027.1
1027.1
1027.1
1027.1
1027.1
1027.1
1027.1
1027.1
1027.1
1027.1
1027.1
1027.1
1027.1
1027.1
1027.1
1027.1
1027.1
1027.1
1027.1
1027.1
1027.1
1027.1
1027.1
1027.1
1027.1
1027.1
1027.1
1027.1
1027.1
1027.1
1.15936
1.15973
1.15973
1.15973
1.15973
1.15973
1.15974
1.15974
1.16056
1.16787
1.16869
1.16879
1.16884
1.16887
1.16888
1.1689
1.16891
1.16891
1.16892
1.16892
1.16892
1.16892
1.16892
1.16892
1.16893
1.16893
1.16893
1.16893
1.16893
1.16893
1.16894
1.16894
1.16895
1.16895
1.16895
1.16895
1.16895
1.16895
1.16896
1.16896
1.16896
1.16898
1.16913
1.17021
1.17328
1.17919
1.18923
1.20326
1.22122
1.24378
1.26424
1.27151
1.27181
1.27367
1.27177
1.2736
1.27153
1.27344
2.95957
80.0433
995.895
1026.94
1027.09
1027.1
1027.1
1027.1
1027.1
1027.1
1027.1
1027.1
1027.1
1027.1
1027.1
1027.1
1027.1
1027.1
1027.1
1027.1
1027.1
1027.1
1027.1
1027.1
1027.1
1027.1
1027.1
1027.1
1027.1
1027.1
1027.1
1027.1
1027.1
1027.1
1027.1
1027.1
1027.1
1027.1
)
;

boundaryField
{
    outlet
    {
        type            calculated;
        value           nonuniform List<scalar> 
64
(
1.16259
1.16224
1.16211
1.16207
1.16203
1.16197
1.16189
1.16176
1.15862
1.15862
1.15862
1.15862
1.15862
1.15862
1.15862
1.15862
1.16194
1.16123
1.16099
1.1609
1.16082
1.16077
1.16075
1.16072
1.15862
1.15862
1.15862
1.15862
1.15862
1.15862
1.15862
1.15862
1.1616
1.16074
1.16056
1.15862
1.15862
1.15862
1.15862
1.15862
1.15862
1.15862
1.15862
1.15862
1.15862
1.15862
1.15862
1.15862
1.16179
1.1615
1.15862
1.15862
1.15862
1.15862
1.15862
1.15862
1.15862
1.15862
1.15862
1.15862
1.15862
1.15862
1.15862
1.15862
)
;
    }
    inlet
    {
        type            calculated;
        value           uniform 1.21035;
    }
    walls
    {
        type            calculated;
        value           nonuniform List<scalar> 
3903
(
1.16259
1.16259
1.1632
1.1632
1.1637
1.1637
1.16414
1.16414
1.16459
1.16459
1.16546
1.16546
1.16657
1.16657
1.16758
1.16758
1.16839
1.16839
1.16879
1.16879
1.16886
1.16886
1.16888
1.16888
1.16888
1.16888
1.16889
1.16889
1.16889
1.16889
1.1689
1.1689
1.1689
1.1689
1.1689
1.1689
1.1689
1.1689
1.1689
1.1689
1.1689
1.1689
1.16891
1.16891
1.16891
1.16891
1.16891
1.16891
1.16891
1.16891
1.16891
1.16891
1.16891
1.16891
1.16891
1.16891
1.16891
1.16891
1.16891
1.16891
1.16892
1.16892
1.16892
1.16892
1.16892
1.16892
1.16892
1.16892
1.16892
1.16892
1.16892
1.16892
1.16892
1.16892
1.16892
1.16892
1.16892
1.16892
1.16892
1.16892
1.16893
1.16893
1.16893
1.16893
1.16897
1.16897
1.16988
1.16988
1.17609
1.17609
1.19203
1.19203
1.21531
1.21531
1.23547
1.23547
1.24737
1.24737
1.26027
1.26027
1.27134
1.27134
1.27573
1.27573
1.27668
1.27668
1.27808
1.27808
1.27772
1.27772
1.27925
1.27925
1.27763
1.27763
1.28326
1.28326
1.71772
1.71772
48.9086
48.9086
966.176
966.176
1026.66
1026.66
1027.09
1027.09
1027.1
1027.1
1027.1
1027.1
1027.1
1027.1
1027.1
1027.1
1027.1
1027.1
1027.1
1027.1
1027.1
1027.1
1027.1
1027.1
1027.1
1027.1
1027.1
1027.1
1027.1
1027.1
1027.1
1027.1
1027.1
1027.1
1027.1
1027.1
1027.1
1027.1
1027.1
1027.1
1027.1
1027.1
1027.1
1027.1
1027.1
1027.1
1027.1
1027.1
1027.1
1027.1
1027.1
1027.1
1027.1
1027.1
1027.1
1027.1
1027.1
1027.1
1027.1
1027.1
1027.1
1027.1
1027.1
1027.1
1027.1
1027.1
1027.1
1027.1
1027.1
1027.1
1027.1
1027.1
1027.1
1027.1
1027.1
1.16224
1.16294
1.16387
1.16434
1.165
1.16579
1.1667
1.16764
1.16841
1.16877
1.16886
1.16887
1.16888
1.16889
1.1689
1.1689
1.16891
1.16891
1.16891
1.16891
1.16891
1.16891
1.16891
1.16891
1.16892
1.16892
1.16892
1.16892
1.16892
1.16892
1.16892
1.16893
1.16893
1.16893
1.16893
1.16893
1.16893
1.16893
1.16893
1.16893
1.16893
1.16894
1.16907
1.17154
1.18246
1.19759
1.20903
1.2199
1.23845
1.26368
1.27727
1.27889
1.27932
1.27967
1.27853
1.28003
1.27567
1.28031
1.41741
31.9629
967.187
1026.73
1027.09
1027.1
1027.1
1027.1
1027.1
1027.1
1027.1
1027.1
1027.1
1027.1
1027.1
1027.1
1027.1
1027.1
1027.1
1027.1
1027.1
1027.1
1027.1
1027.1
1027.1
1027.1
1027.1
1027.1
1027.1
1027.1
1027.1
1027.1
1027.1
1027.1
1027.1
1027.1
1027.1
1027.1
1027.1
1.16211
1.1626
1.1636
1.16421
1.16518
1.16598
1.16683
1.16769
1.16828
1.16862
1.16876
1.16883
1.16886
1.16888
1.16889
1.1689
1.1689
1.16891
1.16891
1.16891
1.16891
1.16891
1.16891
1.16892
1.16892
1.16892
1.16892
1.16892
1.16892
1.16892
1.16892
1.16893
1.16893
1.16893
1.16893
1.16893
1.16893
1.16893
1.16893
1.16893
1.16894
1.16897
1.16924
1.17149
1.17893
1.188
1.19593
1.20803
1.23466
1.26748
1.27864
1.27982
1.28093
1.28173
1.28132
1.28084
1.27523
1.28429
1.37726
23.9268
968.732
1026.76
1027.09
1027.09
1027.09
1027.1
1027.1
1027.1
1027.1
1027.1
1027.1
1027.1
1027.1
1027.1
1027.1
1027.1
1027.1
1027.1
1027.1
1027.1
1027.1
1027.1
1027.1
1027.1
1027.1
1027.1
1027.1
1027.1
1027.1
1027.1
1027.1
1027.1
1027.1
1027.1
1027.1
1027.1
1027.1
1.16207
1.16232
1.16327
1.16389
1.16519
1.16601
1.16683
1.16758
1.16817
1.16853
1.16871
1.1688
1.16885
1.16888
1.16889
1.1689
1.1689
1.1689
1.1689
1.16891
1.16891
1.16891
1.16891
1.16891
1.16891
1.16891
1.16891
1.16891
1.16892
1.16892
1.16892
1.16892
1.16892
1.16892
1.16892
1.16892
1.16892
1.16893
1.16893
1.16893
1.16894
1.16903
1.16941
1.17088
1.17513
1.18095
1.18674
1.19784
1.22392
1.26624
1.27869
1.28056
1.28176
1.28299
1.28359
1.28161
1.27611
1.3056
1.34037
20.7511
979.151
1026.84
1027.06
1027.06
1027.08
1027.08
1027.09
1027.09
1027.09
1027.09
1027.09
1027.09
1027.09
1027.1
1027.1
1027.1
1027.1
1027.1
1027.1
1027.1
1027.1
1027.1
1027.1
1027.1
1027.1
1027.1
1027.1
1027.1
1027.1
1027.1
1027.1
1027.1
1027.1
1027.1
1027.1
1027.1
1027.1
1.16203
1.16215
1.16296
1.1635
1.16477
1.16566
1.16669
1.16748
1.16805
1.16845
1.16866
1.16879
1.16885
1.16888
1.16889
1.1689
1.1689
1.16891
1.16891
1.16891
1.16891
1.16891
1.16891
1.16891
1.16892
1.16892
1.16892
1.16892
1.16892
1.16892
1.16892
1.16892
1.16892
1.16892
1.16892
1.16893
1.16893
1.16893
1.16893
1.16893
1.16895
1.16908
1.1696
1.17072
1.17288
1.17664
1.18302
1.19337
1.21368
1.25326
1.27843
1.28097
1.28188
1.28296
1.2845
1.28502
1.28244
1.32878
1.32695
32.786
993.717
1026.71
1026.82
1026.84
1026.84
1026.84
1026.86
1026.87
1026.89
1026.93
1026.98
1027.05
1027.08
1027.1
1027.1
1027.1
1027.1
1027.1
1027.1
1027.1
1027.1
1027.1
1027.1
1027.1
1027.1
1027.1
1027.1
1027.1
1027.1
1027.1
1027.1
1027.1
1027.1
1027.1
1027.1
1027.1
1027.1
1.16197
1.16209
1.16269
1.1631
1.16437
1.16523
1.16637
1.16734
1.16792
1.16836
1.16862
1.16877
1.16884
1.16887
1.16889
1.16889
1.1689
1.1689
1.1689
1.1689
1.1689
1.16891
1.16891
1.16891
1.16891
1.16891
1.16891
1.16891
1.16892
1.16892
1.16892
1.16892
1.16892
1.16892
1.16892
1.16892
1.16892
1.16892
1.16893
1.16893
1.16894
1.16906
1.16954
1.17058
1.17225
1.17528
1.18157
1.1916
1.21074
1.23937
1.27304
1.28126
1.28222
1.28248
1.28415
1.28534
1.28531
1.33448
1.67928
65.9158
997.194
1025.81
1026.06
1026.33
1026.35
1026.32
1026.35
1026.35
1026.44
1026.53
1026.58
1026.57
1026.54
1026.55
1026.6
1026.59
1026.68
1026.72
1026.74
1026.72
1026.71
1026.74
1026.79
1026.88
1026.96
1027.03
1027.08
1027.09
1027.09
1027.09
1027.1
1027.1
1027.1
1027.1
1027.1
1027.1
1027.1
1.16189
1.16207
1.16252
1.16281
1.16404
1.1649
1.16585
1.16712
1.16781
1.16829
1.16858
1.16876
1.16884
1.16888
1.16889
1.1689
1.1689
1.1689
1.16891
1.16891
1.16891
1.16891
1.16891
1.16891
1.16891
1.16891
1.16891
1.16892
1.16892
1.16892
1.16892
1.16892
1.16892
1.16892
1.16892
1.16892
1.16892
1.16893
1.16893
1.16893
1.16894
1.16903
1.16942
1.17034
1.1719
1.17501
1.18171
1.19288
1.21562
1.24733
1.26618
1.2802
1.28275
1.28296
1.28172
1.27909
1.27676
1.29118
1.77612
104.046
985.206
1020.38
1021.47
1023.57
1023.36
1023.11
1022.83
1022.47
1022.07
1021.7
1021.39
1021
1020.47
1019.94
1019.4
1018.87
1018.31
1017.79
1017.38
1017.11
1017
1017.52
1018.27
1019.19
1020.1
1021.17
1022.22
1023.01
1023.62
1024.22
1025.22
1026.23
1026.95
1027.08
1027.1
1027.09
1027.09
1.16176
1.16209
1.16246
1.16266
1.16382
1.16472
1.16563
1.16684
1.16768
1.16823
1.16856
1.16875
1.16884
1.16887
1.16889
1.1689
1.1689
1.1689
1.16891
1.16891
1.16891
1.16891
1.16891
1.16891
1.16892
1.16892
1.16892
1.16892
1.16892
1.16892
1.16892
1.16892
1.16893
1.16893
1.16893
1.16893
1.16893
1.16893
1.16893
1.16893
1.16894
1.16903
1.16942
1.17035
1.17206
1.1756
1.18292
1.19675
1.21981
1.26317
1.28122
1.28309
1.28333
1.28411
1.28371
1.2819
1.277
1.27965
1.26872
168.876
978.36
1005.5
1003.25
1002.93
1002.69
1001.7
1000.54
999.319
998.233
997.233
996.292
995.483
994.936
994.478
994.245
994.206
994.205
993.96
993.801
993.525
992.937
992.614
992.414
992.229
992.128
992.101
991.639
991.115
990.912
991.015
991.998
992.972
994.007
996.171
999.66
1005.17
1005.17
1.16147
1.16211
1.16243
1.16262
1.16368
1.16466
1.16597
1.16665
1.16752
1.16815
1.16852
1.16873
1.16883
1.16887
1.16888
1.16889
1.1689
1.1689
1.1689
1.1689
1.1689
1.16891
1.16891
1.16891
1.16891
1.16891
1.16891
1.16892
1.16892
1.16892
1.16892
1.16892
1.16892
1.16892
1.16892
1.16892
1.16893
1.16893
1.16893
1.16893
1.16896
1.16911
1.16963
1.17084
1.17304
1.17715
1.18492
1.20166
1.218
1.26508
1.28355
1.28481
1.28324
1.2841
1.28299
1.28487
1.27715
1.28248
1.26872
287.15
991.223
1004.36
1003.79
1003.88
1005.14
1005.68
1006.69
1007.82
1009.12
1010.22
1011.1
1011.73
1012.19
1012.51
1012.71
1013.01
1013.5
1014.08
1014.42
1014.51
1014
1013.52
1013.18
1013.03
1013.01
1013.26
1013.42
1013.73
1014.07
1014.56
1015.19
1016.23
1017.6
1019.78
1022.44
1024.57
1024.57
1.16114
1.16171
1.16211
1.16246
1.16357
1.16469
1.16616
1.16668
1.16745
1.16815
1.16851
1.16872
1.16882
1.16887
1.16888
1.1689
1.1689
1.1689
1.16891
1.16891
1.16891
1.16891
1.16891
1.16891
1.16891
1.16892
1.16892
1.16892
1.16892
1.16892
1.16892
1.16892
1.16892
1.16892
1.16892
1.16892
1.16893
1.16893
1.16893
1.16893
1.16898
1.16922
1.1699
1.17132
1.17373
1.17797
1.18618
1.20407
1.22143
1.25257
1.2801
1.28833
1.28682
1.28599
1.2836
1.28725
1.27701
1.28754
1.26872
315.324
1002.45
1012.47
1013.67
1015.82
1018.27
1020.44
1022.25
1023.53
1024.48
1024.96
1025.06
1024.91
1024.9
1025.03
1025.23
1025.44
1025.64
1025.74
1025.77
1025.78
1025.75
1025.73
1025.73
1025.83
1025.94
1026.02
1026.09
1026.19
1026.29
1026.38
1026.5
1026.63
1026.77
1026.91
1027.02
1027.06
1027.06
1.16086
1.16135
1.1617
1.16208
1.16328
1.16458
1.16611
1.167
1.16749
1.16816
1.16852
1.16871
1.1688
1.16886
1.16887
1.16889
1.1689
1.1689
1.1689
1.1689
1.16891
1.16891
1.16891
1.16891
1.16891
1.16891
1.16892
1.16892
1.16892
1.16892
1.16892
1.16892
1.16892
1.16892
1.16892
1.16892
1.16893
1.16893
1.16893
1.16893
1.16898
1.16922
1.16987
1.1713
1.17384
1.17849
1.18765
1.20593
1.22872
1.23569
1.2651
1.28486
1.28739
1.2883
1.28732
1.28826
1.27748
1.28978
1.26872
328.147
1018.13
1023.55
1024.51
1025.63
1026.32
1026.76
1026.97
1027.04
1027.06
1027.07
1027.05
1027.05
1027.05
1027.06
1027.07
1027.08
1027.09
1027.09
1027.09
1027.09
1027.09
1027.09
1027.09
1027.09
1027.09
1027.09
1027.09
1027.09
1027.1
1027.1
1027.1
1027.1
1027.1
1027.1
1027.1
1027.1
1027.1
1.16067
1.161
1.16119
1.16145
1.16257
1.164
1.1659
1.16715
1.16762
1.16821
1.16858
1.16872
1.16879
1.16883
1.16886
1.16888
1.1689
1.1689
1.1689
1.1689
1.16891
1.16891
1.16891
1.16891
1.16891
1.16892
1.16892
1.16892
1.16892
1.16892
1.16892
1.16892
1.16892
1.16893
1.16893
1.16893
1.16893
1.16893
1.16893
1.16893
1.16897
1.16915
1.16976
1.17112
1.17386
1.17916
1.18903
1.20723
1.23017
1.23617
1.24628
1.26941
1.28113
1.28605
1.28557
1.28724
1.2804
1.29011
1.26872
238.24
1021.2
1026.88
1026.98
1027.07
1027.09
1027.09
1027.1
1027.1
1027.1
1027.1
1027.1
1027.1
1027.1
1027.1
1027.1
1027.1
1027.1
1027.1
1027.1
1027.1
1027.1
1027.1
1027.1
1027.1
1027.1
1027.1
1027.1
1027.1
1027.1
1027.1
1027.1
1027.1
1027.1
1027.1
1027.1
1027.1
1027.1
1.16049
1.16078
1.16085
1.16097
1.16168
1.16292
1.16497
1.16688
1.16789
1.1683
1.16863
1.16876
1.16881
1.16884
1.16886
1.16889
1.1689
1.16891
1.16891
1.16891
1.16891
1.16891
1.16891
1.16892
1.16892
1.16892
1.16892
1.16892
1.16892
1.16892
1.16892
1.16893
1.16893
1.16893
1.16893
1.16893
1.16893
1.16893
1.16893
1.16893
1.16895
1.16908
1.16966
1.17124
1.17439
1.18011
1.18998
1.20781
1.2282
1.24377
1.24669
1.25476
1.2671
1.27685
1.27888
1.28365
1.27848
1.28719
1.35683
149.692
1020.41
1027.09
1027.09
1027.1
1027.09
1027.1
1027.1
1027.1
1027.1
1027.1
1027.1
1027.1
1027.1
1027.1
1027.1
1027.1
1027.1
1027.1
1027.1
1027.1
1027.1
1027.1
1027.1
1027.1
1027.1
1027.1
1027.1
1027.1
1027.1
1027.1
1027.1
1027.1
1027.1
1027.1
1027.1
1027.1
1027.1
1.16045
1.16071
1.1607
1.16079
1.1611
1.16198
1.16381
1.16624
1.16805
1.16844
1.16867
1.16876
1.1688
1.16883
1.16885
1.16889
1.16891
1.16891
1.16891
1.16891
1.16891
1.16892
1.16892
1.16892
1.16892
1.16892
1.16892
1.16892
1.16893
1.16893
1.16893
1.16893
1.16893
1.16893
1.16893
1.16893
1.16893
1.16893
1.16893
1.16894
1.16895
1.16904
1.16959
1.1715
1.17562
1.18202
1.19179
1.20768
1.22648
1.24432
1.25042
1.25233
1.25827
1.26715
1.27152
1.27961
1.27681
1.28681
1.80552
93.2089
1018.71
1027.09
1027.09
1027.09
1027.1
1027.1
1027.1
1027.1
1027.1
1027.1
1027.1
1027.1
1027.1
1027.1
1027.1
1027.1
1027.1
1027.1
1027.1
1027.1
1027.1
1027.1
1027.1
1027.1
1027.1
1027.1
1027.1
1027.1
1027.1
1027.1
1027.1
1027.1
1027.1
1027.1
1027.1
1027.1
1027.1
1.16051
1.16103
1.16111
1.16114
1.16107
1.1617
1.16295
1.1654
1.16791
1.16854
1.16869
1.16875
1.16878
1.16881
1.16884
1.16888
1.16891
1.16891
1.16891
1.16891
1.16891
1.16891
1.16892
1.16892
1.16892
1.16892
1.16892
1.16892
1.16892
1.16892
1.16893
1.16893
1.16893
1.16893
1.16893
1.16893
1.16893
1.16893
1.16893
1.16894
1.16895
1.16901
1.16944
1.17152
1.17676
1.18434
1.19367
1.20654
1.22239
1.24094
1.25007
1.25027
1.25175
1.25791
1.26224
1.27295
1.27138
1.28311
2.19594
75.6569
1006.8
1027.07
1027.09
1027.1
1027.1
1027.1
1027.1
1027.1
1027.1
1027.1
1027.1
1027.1
1027.1
1027.1
1027.1
1027.1
1027.1
1027.1
1027.1
1027.1
1027.1
1027.1
1027.1
1027.1
1027.1
1027.1
1027.1
1027.1
1027.1
1027.1
1027.1
1027.1
1027.1
1027.1
1027.1
1027.1
1027.1
1.16014
1.16014
1.16027
1.16027
1.16104
1.16104
1.16174
1.16174
1.1619
1.1619
1.1621
1.1621
1.16311
1.16311
1.16531
1.16531
1.16782
1.16782
1.16855
1.16855
1.16868
1.16868
1.16872
1.16872
1.16875
1.16875
1.16879
1.16879
1.16883
1.16883
1.16889
1.16889
1.16891
1.16891
1.16892
1.16892
1.16892
1.16892
1.16892
1.16892
1.16892
1.16892
1.16892
1.16892
1.16892
1.16892
1.16892
1.16892
1.16893
1.16893
1.16893
1.16893
1.16893
1.16893
1.16893
1.16893
1.16893
1.16893
1.16893
1.16893
1.16893
1.16893
1.16893
1.16893
1.16893
1.16893
1.16894
1.16894
1.16894
1.16894
1.16894
1.16894
1.16894
1.16894
1.16894
1.16894
1.16894
1.16894
1.16895
1.16895
1.16895
1.16895
1.16899
1.16899
1.1692
1.1692
1.17101
1.17101
1.1768
1.1768
1.18512
1.18512
1.1935
1.1935
1.20292
1.20292
1.2157
1.2157
1.23785
1.23785
1.25447
1.25447
1.25306
1.25306
1.25182
1.25182
1.25395
1.25395
1.25584
1.25584
1.26174
1.26174
1.26539
1.26539
1.26664
1.26664
3.06793
3.06793
77.7567
77.7567
988.886
988.886
1026.86
1026.86
1027.09
1027.09
1027.1
1027.1
1027.1
1027.1
1027.1
1027.1
1027.1
1027.1
1027.1
1027.1
1027.1
1027.1
1027.1
1027.1
1027.1
1027.1
1027.1
1027.1
1027.1
1027.1
1027.1
1027.1
1027.1
1027.1
1027.1
1027.1
1027.1
1027.1
1027.1
1027.1
1027.1
1027.1
1027.1
1027.1
1027.1
1027.1
1027.1
1027.1
1027.1
1027.1
1027.1
1027.1
1027.1
1027.1
1027.1
1027.1
1027.1
1027.1
1027.1
1027.1
1027.1
1027.1
1027.1
1027.1
1027.1
1027.1
1027.1
1027.1
1027.1
1027.1
1027.1
1027.1
1027.1
1027.1
1027.1
1027.1
1027.1
1.16194
1.16301
1.16374
1.16423
1.16469
1.16564
1.16681
1.1678
1.16849
1.16874
1.1688
1.16884
1.16887
1.16889
1.16891
1.16892
1.16892
1.16892
1.16892
1.16892
1.16892
1.16893
1.16893
1.16893
1.16893
1.16893
1.16893
1.16893
1.16893
1.16894
1.16894
1.16894
1.16894
1.16894
1.16894
1.16894
1.16894
1.16895
1.16895
1.16895
1.16896
1.16898
1.16903
1.16985
1.17582
1.19116
1.21408
1.23593
1.24663
1.25232
1.26232
1.27158
1.27404
1.27669
1.2767
1.27868
1.27626
1.29397
1.55426
33.8273
963.526
1026.82
1027.09
1027.1
1027.1
1027.1
1027.1
1027.1
1027.1
1027.1
1027.1
1027.1
1027.1
1027.1
1027.1
1027.1
1027.1
1027.1
1027.1
1027.1
1027.1
1027.1
1027.1
1027.1
1027.1
1027.1
1027.1
1027.1
1027.1
1027.1
1027.1
1027.1
1027.1
1027.1
1027.1
1027.1
1027.1
1027.1
1027.1
1027.1
1027.1
1027.1
1027.05
1002.35
1026.95
1027.1
1027.1
1027.1
1027.1
1027.1
1.16011
1.16043
1.16085
1.16094
1.16027
1.16012
1.1602
1.16174
1.16616
1.16855
1.16871
1.16874
1.16875
1.16877
1.16881
1.16888
1.16891
1.16891
1.16891
1.16891
1.16892
1.16892
1.16892
1.16892
1.16892
1.16892
1.16892
1.16892
1.16893
1.16893
1.16893
1.16893
1.16893
1.16893
1.16893
1.16893
1.16894
1.16894
1.16894
1.16894
1.16895
1.16898
1.16914
1.17054
1.17565
1.18369
1.19192
1.20087
1.2131
1.23197
1.25328
1.25548
1.25425
1.25697
1.25869
1.26269
1.26463
1.2736
3.34941
81.471
987.973
1026.9
1027.09
1027.1
1027.1
1027.1
1027.1
1027.1
1027.1
1027.1
1027.1
1027.1
1027.1
1027.1
1027.1
1027.1
1027.1
1027.1
1027.1
1027.1
1027.1
1027.1
1027.1
1027.1
1027.1
1027.1
1027.1
1027.1
1027.1
1027.1
1027.1
1027.1
1027.1
1027.1
1027.1
1027.1
1027.1
1.1616
1.16261
1.16361
1.16418
1.16466
1.16557
1.16675
1.1678
1.16853
1.16875
1.16881
1.16885
1.16887
1.16889
1.1689
1.16891
1.16891
1.16891
1.16891
1.16892
1.16892
1.16892
1.16892
1.16892
1.16892
1.16892
1.16892
1.16893
1.16893
1.16893
1.16893
1.16893
1.16893
1.16893
1.16893
1.16894
1.16894
1.16894
1.16894
1.16894
1.16894
1.16895
1.16901
1.16969
1.17448
1.18774
1.20948
1.23363
1.24701
1.25366
1.25973
1.26583
1.26756
1.26986
1.27143
1.27514
1.2728
1.3005
1.59775
31.6487
944.497
1026.58
1027.09
1027.1
1027.1
1027.1
1027.1
1027.1
1027.1
1027.1
1027.1
1027.1
1027.1
1027.1
1027.1
1027.1
1027.1
1027.1
1027.1
1027.1
1027.1
1027.1
1027.1
1027.1
1027.1
1027.1
1027.1
1027.1
1027.1
1027.1
1027.1
1027.1
1027.1
1027.1
1027.1
1027.1
1027.1
1027.1
1027.1
1027.1
1027.1
1027.1
1027.1
1027.1
1027.08
1027.1
1027.1
1027.1
1027.1
1027.1
1027.1
1.15988
1.16032
1.16022
1.16033
1.16022
1.16008
1.1599
1.15977
1.16262
1.16821
1.16872
1.16879
1.16882
1.16885
1.16885
1.16888
1.16891
1.16891
1.16891
1.16892
1.16892
1.16892
1.16892
1.16892
1.16892
1.16893
1.16893
1.16893
1.16893
1.16893
1.16893
1.16893
1.16893
1.16893
1.16893
1.16894
1.16894
1.16894
1.16894
1.16894
1.16895
1.16898
1.16914
1.17042
1.17451
1.18142
1.19012
1.20031
1.21412
1.23386
1.25394
1.26156
1.25998
1.2617
1.26214
1.26769
1.26857
1.28515
3.12682
65.5044
980.557
1026.79
1027.09
1027.1
1027.1
1027.1
1027.1
1027.1
1027.1
1027.1
1027.1
1027.1
1027.1
1027.1
1027.1
1027.1
1027.1
1027.1
1027.1
1027.1
1027.1
1027.1
1027.1
1027.1
1027.1
1027.1
1027.1
1027.1
1027.1
1027.1
1027.1
1027.1
1027.1
1027.1
1027.1
1027.1
1027.1
1.16179
1.16179
1.16272
1.16272
1.16351
1.16351
1.16412
1.16412
1.16462
1.16462
1.16555
1.16555
1.16666
1.16666
1.16774
1.16774
1.16852
1.16852
1.16877
1.16877
1.16883
1.16883
1.16887
1.16887
1.16889
1.16889
1.1689
1.1689
1.16891
1.16891
1.16891
1.16891
1.16892
1.16892
1.16892
1.16892
1.16892
1.16892
1.16892
1.16892
1.16892
1.16892
1.16892
1.16892
1.16892
1.16892
1.16892
1.16892
1.16893
1.16893
1.16893
1.16893
1.16893
1.16893
1.16893
1.16893
1.16893
1.16893
1.16893
1.16893
1.16893
1.16893
1.16894
1.16894
1.16894
1.16894
1.16894
1.16894
1.16894
1.16894
1.16894
1.16894
1.16894
1.16894
1.16894
1.16894
1.16894
1.16894
1.16894
1.16894
1.16895
1.16895
1.16895
1.16895
1.16901
1.16901
1.16968
1.16968
1.17347
1.17347
1.18496
1.18496
1.20495
1.20495
1.22736
1.22736
1.24419
1.24419
1.25436
1.25436
1.26072
1.26072
1.26418
1.26418
1.26506
1.26506
1.26652
1.26652
1.26567
1.26567
1.26938
1.26938
1.26499
1.26499
1.30037
1.30037
1.78575
1.78575
46.0634
46.0634
941.941
941.941
1026.47
1026.47
1027.09
1027.09
1027.1
1027.1
1027.1
1027.1
1027.1
1027.1
1027.1
1027.1
1027.1
1027.1
1027.1
1027.1
1027.1
1027.1
1027.1
1027.1
1027.1
1027.1
1027.1
1027.1
1027.1
1027.1
1027.1
1027.1
1027.1
1027.1
1027.1
1027.1
1027.1
1027.1
1027.1
1027.1
1027.1
1027.1
1027.1
1027.1
1027.1
1027.1
1027.1
1027.1
1027.1
1027.1
1027.1
1027.1
1027.1
1027.1
1027.1
1027.1
1027.1
1027.1
1027.1
1027.1
1027.1
1027.1
1027.1
1027.1
1027.1
1027.1
1027.1
1027.1
1027.1
1027.1
1027.1
1027.1
1027.1
1027.1
1027.1
1.1615
1.16243
1.16374
1.16423
1.1647
1.16562
1.16673
1.16784
1.16854
1.16876
1.16882
1.16886
1.16888
1.1689
1.16891
1.16891
1.16891
1.16892
1.16892
1.16892
1.16892
1.16892
1.16892
1.16893
1.16893
1.16893
1.16893
1.16893
1.16893
1.16893
1.16893
1.16894
1.16894
1.16894
1.16894
1.16894
1.16894
1.16894
1.16894
1.16894
1.16895
1.16896
1.16904
1.16989
1.17428
1.18586
1.20403
1.2243
1.24108
1.25343
1.26101
1.26485
1.2661
1.26645
1.26591
1.26823
1.26489
1.29971
1.53699
30.0222
928.721
1026.28
1027.09
1027.1
1027.1
1027.1
1027.1
1027.1
1027.1
1027.1
1027.1
1027.1
1027.1
1027.1
1027.1
1027.1
1027.1
1027.1
1027.1
1027.1
1027.1
1027.1
1027.1
1027.1
1027.1
1027.1
1027.1
1027.1
1027.1
1027.1
1027.1
1027.1
1027.1
1027.1
1027.1
1027.1
1027.1
1.16121
1.16225
1.16372
1.16443
1.16488
1.16577
1.16683
1.16789
1.16853
1.16873
1.1688
1.16885
1.16887
1.16889
1.1689
1.16891
1.16891
1.16891
1.16892
1.16892
1.16892
1.16892
1.16892
1.16892
1.16892
1.16893
1.16893
1.16893
1.16893
1.16893
1.16893
1.16893
1.16893
1.16893
1.16894
1.16894
1.16894
1.16894
1.16894
1.16894
1.16895
1.16897
1.16912
1.17027
1.17527
1.18592
1.20156
1.22013
1.2373
1.24828
1.25303
1.26164
1.26607
1.27074
1.27016
1.27198
1.26954
1.30664
1.43555
21.5124
942.032
1026.5
1027.09
1027.1
1027.1
1027.1
1027.1
1027.1
1027.1
1027.1
1027.1
1027.1
1027.1
1027.1
1027.1
1027.1
1027.1
1027.1
1027.1
1027.1
1027.1
1027.1
1027.1
1027.1
1027.1
1027.1
1027.1
1027.1
1027.1
1027.1
1027.1
1027.1
1027.1
1027.1
1027.1
1027.1
1027.1
1.16091
1.16198
1.16355
1.16442
1.16502
1.16589
1.16692
1.16789
1.16851
1.16871
1.16879
1.16884
1.16887
1.16889
1.1689
1.16891
1.16891
1.16891
1.16891
1.16892
1.16892
1.16892
1.16892
1.16892
1.16892
1.16892
1.16893
1.16893
1.16893
1.16893
1.16893
1.16893
1.16893
1.16893
1.16893
1.16893
1.16893
1.16893
1.16894
1.16894
1.16895
1.16897
1.16914
1.17061
1.17589
1.18544
1.19899
1.2151
1.22841
1.2371
1.25551
1.27042
1.27541
1.27779
1.2768
1.27753
1.27396
1.29783
1.36198
18.0422
960.517
1026.82
1027.09
1027.09
1027.09
1027.09
1027.09
1027.09
1027.1
1027.1
1027.1
1027.1
1027.1
1027.09
1027.09
1027.1
1027.1
1027.1
1027.1
1027.1
1027.1
1027.1
1027.1
1027.1
1027.1
1027.1
1027.1
1027.1
1027.1
1027.1
1027.1
1027.1
1027.1
1027.1
1027.1
1027.1
1027.1
1.16058
1.16146
1.16321
1.16434
1.16502
1.16591
1.16691
1.16786
1.16848
1.16869
1.16877
1.16883
1.16887
1.16889
1.1689
1.1689
1.16891
1.16891
1.16891
1.16891
1.16892
1.16892
1.16892
1.16892
1.16892
1.16892
1.16892
1.16893
1.16893
1.16893
1.16893
1.16893
1.16893
1.16893
1.16893
1.16893
1.16893
1.16893
1.16893
1.16894
1.16895
1.16896
1.16917
1.171
1.17635
1.18413
1.19362
1.20522
1.21768
1.23911
1.26663
1.2777
1.28117
1.28315
1.28195
1.28331
1.2792
1.29206
1.30761
25.8621
997.882
1027.03
1027.09
1027.09
1027.09
1027.09
1027.09
1027.09
1027.09
1027.09
1027.09
1027.09
1027.09
1027.09
1027.09
1027.1
1027.1
1027.1
1027.1
1027.1
1027.1
1027.1
1027.1
1027.1
1027.1
1027.1
1027.1
1027.1
1027.1
1027.1
1027.1
1027.1
1027.1
1027.1
1027.1
1027.1
1027.1
1.1602
1.16076
1.16242
1.16403
1.16495
1.16587
1.16689
1.16783
1.16845
1.16867
1.16876
1.16883
1.16887
1.16889
1.1689
1.1689
1.16891
1.16891
1.16891
1.16891
1.16892
1.16892
1.16892
1.16892
1.16892
1.16892
1.16892
1.16892
1.16893
1.16893
1.16893
1.16893
1.16893
1.16893
1.16893
1.16893
1.16893
1.16893
1.16893
1.16894
1.16895
1.16896
1.1692
1.17121
1.17622
1.18241
1.18893
1.19832
1.21747
1.25541
1.27401
1.28133
1.28588
1.28809
1.28629
1.28719
1.28305
1.28877
1.3102
51.9822
1016.26
1027
1027.02
1027.05
1027.06
1027.07
1027.07
1027.07
1027.07
1027.07
1027.08
1027.09
1027.09
1027.1
1027.1
1027.1
1027.1
1027.1
1027.1
1027.1
1027.1
1027.1
1027.1
1027.1
1027.1
1027.1
1027.1
1027.1
1027.1
1027.1
1027.1
1027.1
1027.1
1027.1
1027.1
1027.1
1027.1
1.16006
1.16023
1.1611
1.16308
1.1647
1.16577
1.16682
1.16778
1.16842
1.16866
1.16876
1.16883
1.16886
1.16888
1.16889
1.1689
1.1689
1.16891
1.16891
1.16891
1.16891
1.16892
1.16892
1.16892
1.16892
1.16892
1.16892
1.16892
1.16892
1.16893
1.16893
1.16893
1.16893
1.16893
1.16893
1.16893
1.16893
1.16893
1.16893
1.16894
1.16895
1.16896
1.16919
1.17115
1.17586
1.18125
1.18715
1.19658
1.23313
1.26175
1.27297
1.28291
1.29202
1.295
1.28856
1.28995
1.28012
1.28825
1.31819
87.0525
1016.85
1026.89
1026.87
1026.89
1026.91
1026.95
1026.98
1027
1027.03
1027.06
1027.08
1027.09
1027.1
1027.1
1027.1
1027.1
1027.1
1027.1
1027.1
1027.1
1027.1
1027.1
1027.1
1027.1
1027.1
1027.1
1027.1
1027.1
1027.1
1027.1
1027.1
1027.1
1027.1
1027.1
1027.1
1027.1
1027.1
1.16008
1.16011
1.16027
1.16142
1.16384
1.16551
1.16669
1.1677
1.16838
1.16864
1.16875
1.16882
1.16886
1.16888
1.16889
1.1689
1.1689
1.16891
1.16891
1.16891
1.16891
1.16891
1.16892
1.16892
1.16892
1.16892
1.16892
1.16892
1.16892
1.16892
1.16893
1.16893
1.16893
1.16893
1.16893
1.16893
1.16893
1.16893
1.16893
1.16894
1.16894
1.16895
1.16916
1.17102
1.17555
1.18108
1.18759
1.19854
1.23585
1.25685
1.26738
1.28611
1.29514
1.29231
1.28774
1.28668
1.27999
1.28676
1.40633
107.275
1023.38
1026.98
1026.98
1026.98
1027
1027.02
1027.05
1027.07
1027.08
1027.09
1027.09
1027.09
1027.1
1027.1
1027.1
1027.1
1027.1
1027.1
1027.1
1027.1
1027.1
1027.1
1027.1
1027.1
1027.1
1027.1
1027.1
1027.1
1027.1
1027.1
1027.1
1027.1
1027.1
1027.1
1027.1
1027.1
1027.1
1.16003
1.16007
1.1601
1.1603
1.162
1.16473
1.16645
1.16758
1.16833
1.16863
1.16875
1.16882
1.16886
1.16888
1.16889
1.1689
1.1689
1.1689
1.16891
1.16891
1.16891
1.16891
1.16891
1.16892
1.16892
1.16892
1.16892
1.16892
1.16892
1.16892
1.16892
1.16892
1.16893
1.16893
1.16893
1.16893
1.16893
1.16893
1.16893
1.16894
1.16894
1.16895
1.16913
1.17086
1.17544
1.18171
1.19118
1.20841
1.23277
1.25313
1.26261
1.28819
1.29465
1.29172
1.28749
1.28553
1.28191
1.29364
1.50672
90.7736
1019.28
1027.03
1027.04
1027.04
1027.05
1027.06
1027.06
1027.07
1027.07
1027.07
1027.07
1027.07
1027.07
1027.08
1027.08
1027.08
1027.08
1027.08
1027.08
1027.09
1027.09
1027.09
1027.1
1027.1
1027.1
1027.1
1027.1
1027.1
1027.1
1027.1
1027.1
1027.1
1027.1
1027.1
1027.1
1027.1
1027.1
1.1599
1.16
1.16003
1.16006
1.16042
1.16284
1.16579
1.16738
1.16826
1.16861
1.16874
1.16882
1.16886
1.16888
1.16889
1.1689
1.1689
1.16891
1.16891
1.16891
1.16891
1.16891
1.16891
1.16892
1.16892
1.16892
1.16892
1.16892
1.16892
1.16892
1.16892
1.16893
1.16893
1.16893
1.16893
1.16893
1.16893
1.16893
1.16893
1.16894
1.16894
1.16895
1.16909
1.17069
1.1757
1.18365
1.19504
1.20821
1.22384
1.25876
1.26003
1.2839
1.2943
1.29166
1.28635
1.28314
1.27983
1.29242
1.43411
88.7149
1013.84
1027.03
1027.05
1027.05
1027.06
1027.06
1027.06
1027.07
1027.07
1027.07
1027.07
1027.08
1027.08
1027.08
1027.08
1027.08
1027.08
1027.08
1027.08
1027.09
1027.09
1027.09
1027.09
1027.1
1027.1
1027.1
1027.1
1027.1
1027.1
1027.1
1027.1
1027.1
1027.1
1027.1
1027.1
1027.1
1027.1
1.1598
1.15988
1.15993
1.15996
1.16
1.16077
1.16424
1.16692
1.16814
1.16859
1.16874
1.16882
1.16886
1.16889
1.1689
1.1689
1.1689
1.16891
1.16891
1.16891
1.16891
1.16892
1.16892
1.16892
1.16892
1.16892
1.16892
1.16892
1.16892
1.16893
1.16893
1.16893
1.16893
1.16893
1.16893
1.16893
1.16893
1.16893
1.16893
1.16894
1.16894
1.16895
1.16905
1.17039
1.17553
1.18473
1.1969
1.21004
1.22353
1.23823
1.25598
1.27273
1.29208
1.29168
1.28574
1.28373
1.27968
1.29123
1.49027
87.0045
1011.73
1027.04
1027.06
1027.07
1027.07
1027.08
1027.08
1027.08
1027.09
1027.09
1027.09
1027.09
1027.09
1027.09
1027.09
1027.1
1027.1
1027.1
1027.1
1027.1
1027.1
1027.1
1027.1
1027.1
1027.1
1027.1
1027.1
1027.1
1027.1
1027.1
1027.1
1027.1
1027.1
1027.1
1027.1
1027.1
1027.1
1.15974
1.15979
1.15982
1.15986
1.1599
1.16004
1.16263
1.16621
1.16797
1.16855
1.16873
1.16882
1.16886
1.16889
1.1689
1.1689
1.1689
1.16891
1.16891
1.16891
1.16891
1.16892
1.16892
1.16892
1.16892
1.16892
1.16892
1.16892
1.16892
1.16893
1.16893
1.16893
1.16893
1.16893
1.16893
1.16893
1.16893
1.16893
1.16893
1.16894
1.16894
1.16895
1.16901
1.16988
1.17428
1.18256
1.1922
1.20493
1.22855
1.24423
1.24708
1.25422
1.27662
1.28944
1.28601
1.28596
1.28124
1.29392
1.67336
78.569
1007.1
1027.06
1027.08
1027.09
1027.09
1027.09
1027.09
1027.09
1027.09
1027.1
1027.1
1027.1
1027.1
1027.1
1027.1
1027.1
1027.1
1027.1
1027.1
1027.1
1027.1
1027.1
1027.1
1027.1
1027.1
1027.1
1027.1
1027.1
1027.1
1027.1
1027.1
1027.1
1027.1
1027.1
1027.1
1027.1
1027.1
1.15974
1.15975
1.15976
1.15978
1.1598
1.15998
1.16277
1.16588
1.16771
1.16849
1.16872
1.16882
1.16887
1.16889
1.1689
1.1689
1.16891
1.16891
1.16891
1.16891
1.16892
1.16892
1.16892
1.16892
1.16892
1.16892
1.16892
1.16893
1.16893
1.16893
1.16893
1.16893
1.16893
1.16893
1.16893
1.16893
1.16894
1.16894
1.16894
1.16894
1.16894
1.16896
1.16901
1.16943
1.17203
1.1777
1.18566
1.20282
1.22732
1.247
1.26077
1.26093
1.2634
1.27469
1.27829
1.28197
1.27931
1.28788
1.95055
60.2851
996.663
1027.02
1027.09
1027.09
1027.09
1027.1
1027.1
1027.1
1027.1
1027.1
1027.1
1027.1
1027.1
1027.1
1027.1
1027.1
1027.1
1027.1
1027.1
1027.1
1027.1
1027.1
1027.1
1027.1
1027.1
1027.1
1027.1
1027.1
1027.1
1027.1
1027.1
1027.1
1027.1
1027.1
1027.1
1027.1
1027.1
1.15977
1.15977
1.15977
1.15977
1.15978
1.15978
1.16061
1.16295
1.16746
1.16842
1.1687
1.16882
1.16887
1.16889
1.1689
1.16891
1.16891
1.16891
1.16891
1.16892
1.16892
1.16892
1.16892
1.16892
1.16892
1.16893
1.16893
1.16893
1.16893
1.16893
1.16893
1.16893
1.16893
1.16893
1.16893
1.16894
1.16894
1.16894
1.16894
1.16894
1.16895
1.16897
1.16905
1.16935
1.17052
1.17422
1.18495
1.20669
1.22718
1.24756
1.26622
1.27044
1.26672
1.27027
1.27123
1.27517
1.27295
1.28199
2.00169
47.4776
991.899
1026.95
1027.09
1027.09
1027.1
1027.1
1027.1
1027.1
1027.1
1027.1
1027.1
1027.1
1027.1
1027.1
1027.1
1027.1
1027.1
1027.1
1027.1
1027.1
1027.1
1027.1
1027.1
1027.1
1027.1
1027.1
1027.1
1027.1
1027.1
1027.1
1027.1
1027.1
1027.1
1027.1
1027.1
1027.1
1027.1
1.15988
1.15987
1.15987
1.15986
1.15985
1.15985
1.15983
1.15981
1.16341
1.16831
1.16869
1.16881
1.16886
1.16889
1.1689
1.16891
1.16891
1.16891
1.16891
1.16892
1.16892
1.16892
1.16892
1.16892
1.16892
1.16892
1.16893
1.16893
1.16893
1.16893
1.16893
1.16893
1.16893
1.16893
1.16893
1.16893
1.16893
1.16894
1.16894
1.16894
1.16895
1.16899
1.16919
1.16979
1.17122
1.17516
1.18618
1.20404
1.22341
1.24615
1.26711
1.27305
1.27396
1.27438
1.27218
1.2769
1.26912
1.28459
2.34059
49.6321
987.914
1026.88
1027.09
1027.1
1027.1
1027.1
1027.1
1027.1
1027.1
1027.1
1027.1
1027.1
1027.1
1027.1
1027.1
1027.1
1027.1
1027.1
1027.1
1027.1
1027.1
1027.1
1027.1
1027.1
1027.1
1027.1
1027.1
1027.1
1027.1
1027.1
1027.1
1027.1
1027.1
1027.1
1027.1
1027.1
1027.1
1.15936
1.15936
1.15973
1.15973
1.15973
1.15973
1.15973
1.15973
1.15973
1.15973
1.15973
1.15973
1.15974
1.15974
1.15974
1.15974
1.16056
1.16056
1.16787
1.16787
1.16869
1.16869
1.16879
1.16879
1.16884
1.16884
1.16887
1.16887
1.16888
1.16888
1.1689
1.1689
1.16891
1.16891
1.16891
1.16891
1.16892
1.16892
1.16892
1.16892
1.16892
1.16892
1.16892
1.16892
1.16892
1.16892
1.16892
1.16892
1.16893
1.16893
1.16893
1.16893
1.16893
1.16893
1.16893
1.16893
1.16893
1.16893
1.16893
1.16893
1.16894
1.16894
1.16894
1.16894
1.16895
1.16895
1.16895
1.16895
1.16895
1.16895
1.16895
1.16895
1.16895
1.16895
1.16895
1.16895
1.16896
1.16896
1.16896
1.16896
1.16896
1.16896
1.16898
1.16898
1.16913
1.16913
1.17021
1.17021
1.17328
1.17328
1.17919
1.17919
1.18923
1.18923
1.20326
1.20326
1.22122
1.22122
1.24378
1.24378
1.26424
1.26424
1.27151
1.27151
1.27181
1.27181
1.27367
1.27367
1.27177
1.27177
1.2736
1.2736
1.27153
1.27153
1.27344
1.27344
2.95957
2.95957
80.0433
80.0433
995.895
995.895
1026.94
1026.94
1027.09
1027.09
1027.1
1027.1
1027.1
1027.1
1027.1
1027.1
1027.1
1027.1
1027.1
1027.1
1027.1
1027.1
1027.1
1027.1
1027.1
1027.1
1027.1
1027.1
1027.1
1027.1
1027.1
1027.1
1027.1
1027.1
1027.1
1027.1
1027.1
1027.1
1027.1
1027.1
1027.1
1027.1
1027.1
1027.1
1027.1
1027.1
1027.1
1027.1
1027.1
1027.1
1027.1
1027.1
1027.1
1027.1
1027.1
1027.1
1027.1
1027.1
1027.1
1027.1
1027.1
1027.1
1027.1
1027.1
1027.1
1027.1
1027.1
1027.1
1027.1
1027.1
1027.1
1027.1
1027.1
1027.1
1027.1
1027.1
1027.1
)
;
    }
}


// ************************************************************************* //
