/*--------------------------------*- C++ -*----------------------------------*\
| =========                 |                                                 |
| \\      /  F ield         | OpenFOAM: The Open Source CFD Toolbox           |
|  \\    /   O peration     | Version:  2.3.0                                 |
|   \\  /    A nd           | Web:      www.OpenFOAM.org                      |
|    \\/     M anipulation  |                                                 |
\*---------------------------------------------------------------------------*/
FoamFile
{
    version     2.0;
    format      ascii;
    class       volScalarField;
    location    "44";
    object      dsauter;
}
// * * * * * * * * * * * * * * * * * * * * * * * * * * * * * * * * * * * * * //

dimensions      [0 0 0 0 0 0 0];

internalField   nonuniform List<scalar> 
6144
(
0.00833335
0.00833335
0.00833335
0.00833335
0.00833335
0.00833335
0.00833335
0.00833335
0.00833335
0.00833335
0.00833335
0.00833335
0.00833335
0.00833335
0.00833335
0.00833335
0.00833335
0.00833335
0.00833335
0.00833335
0.00833335
0.00833335
0.00833335
0.00833335
0.00833335
0.00833335
0.00833335
0.00833335
0.00833335
0.00833335
0.00833335
0.00833335
0.00833335
0.00833335
0.00833335
0.00833335
0.00833335
0.00833335
0.00833335
0.00833335
0.00833335
0.00833335
0.00833335
0.00833335
0.00833335
0.00833335
0.00833335
0.00833335
0.00833335
0.00833335
0.00833335
0.00833335
0.00833335
0.00833335
0.00833335
0.00833335
0.00833335
0.00833334
0.00832451
0.00834408
0.00835022
0.0083323
0.0001
0.0001
0.0001
0.0001
0.0001
0.0001
0.0001
0.0001
0.0001
0.0001
0.0001
0.0001
0.0001
0.0001
0.0001
0.0001
0.0001
0.0001
0.0001
0.0001
0.0001
0.0001
0.0001
0.0001
0.0001
0.0001
0.0001
0.0001
0.0001
0.0001
0.0001
0.0001
0.0001
0.0001
0.00833335
0.00833335
0.00833335
0.00833335
0.00833335
0.00833335
0.00833335
0.00833335
0.00833335
0.00833335
0.00833335
0.00833335
0.00833335
0.00833335
0.00833335
0.00833335
0.00833335
0.00833335
0.00833335
0.00833335
0.00833335
0.00833335
0.00833335
0.00833335
0.00833335
0.00833335
0.00833335
0.00833335
0.00833335
0.00833335
0.00833335
0.00833335
0.00833335
0.00833335
0.00833335
0.00833335
0.00833335
0.00833335
0.00833335
0.00833335
0.00833335
0.00833335
0.00833335
0.00833335
0.00833335
0.00833335
0.00833335
0.00833335
0.00833335
0.00833335
0.00833335
0.00833335
0.00833335
0.00833335
0.00833335
0.00833335
0.00833335
0.00833312
0.0083214
0.00834756
0.0083089
0.00833515
0.0001
0.0001
0.0001
0.0001
0.0001
0.0001
0.0001
0.0001
0.0001
0.0001
0.0001
0.0001
0.0001
0.0001
0.0001
0.0001
0.0001
0.0001
0.0001
0.0001
0.0001
0.0001
0.0001
0.0001
0.0001
0.0001
0.0001
0.0001
0.0001
0.0001
0.0001
0.0001
0.0001
0.0001
0.00833335
0.00833335
0.00833335
0.00833335
0.00833335
0.00833335
0.00833335
0.00833335
0.00833335
0.00833335
0.00833335
0.00833335
0.00833335
0.00833335
0.00833335
0.00833335
0.00833335
0.00833335
0.00833335
0.00833335
0.00833335
0.00833335
0.00833335
0.00833335
0.00833335
0.00833335
0.00833335
0.00833335
0.00833335
0.00833335
0.00833335
0.00833335
0.00833335
0.00833335
0.00833335
0.00833335
0.00833335
0.00833335
0.00833335
0.00833335
0.00833335
0.00833335
0.00833335
0.00833335
0.00833335
0.00833335
0.00833335
0.00833335
0.00833335
0.00833335
0.00833335
0.00833335
0.00833335
0.00833335
0.00833335
0.00833335
0.00833335
0.00833335
0.00833374
0.00836155
0.00750288
0.00833328
0.0001
0.0001
0.0001
0.0001
0.0001
0.0001
0.0001
0.0001
0.0001
0.0001
0.0001
0.0001
0.0001
0.0001
0.0001
0.0001
0.0001
0.0001
0.0001
0.0001
0.0001
0.0001
0.0001
0.0001
0.0001
0.0001
0.0001
0.0001
0.0001
0.0001
0.0001
0.0001
0.0001
0.0001
0.00833335
0.00833335
0.00833335
0.00833335
0.00833335
0.00833335
0.00833335
0.00833335
0.00833335
0.00833335
0.00833335
0.00833335
0.00833335
0.00833335
0.00833335
0.00833335
0.00833335
0.00833335
0.00833335
0.00833335
0.00833335
0.00833335
0.00833335
0.00833335
0.00833335
0.00833335
0.00833335
0.00833335
0.00833335
0.00833335
0.00833335
0.00833335
0.00833335
0.00833335
0.00833335
0.00833335
0.00833335
0.00833335
0.00833335
0.00833335
0.00833335
0.00833335
0.00833335
0.00833335
0.00833335
0.00833335
0.00833335
0.00833335
0.00833335
0.00833335
0.00833335
0.00833335
0.00833335
0.00833335
0.00833335
0.00833335
0.00833335
0.00833335
0.00833335
0.00833335
0.00834747
0.0081585
0.00831416
0.0001
0.0001
0.0001
0.0001
0.0001
0.0001
0.0001
0.0001
0.0001
0.0001
0.0001
0.0001
0.0001
0.0001
0.0001
0.0001
0.0001
0.0001
0.0001
0.0001
0.0001
0.0001
0.0001
0.0001
0.0001
0.0001
0.0001
0.0001
0.0001
0.0001
0.0001
0.0001
0.0001
0.00833335
0.00833335
0.00833335
0.00833335
0.00833335
0.00833335
0.00833335
0.00833335
0.00833335
0.00833335
0.00833335
0.00833335
0.00833335
0.00833335
0.00833335
0.00833335
0.00833335
0.00833335
0.00833335
0.00833335
0.00833335
0.00833335
0.00833335
0.00833335
0.00833335
0.00833335
0.00833335
0.00833335
0.00833335
0.00833335
0.00833335
0.00833335
0.00833335
0.00833335
0.00833335
0.00833335
0.00833335
0.00833335
0.00833335
0.00833335
0.00833335
0.00833335
0.00833335
0.00833335
0.00833335
0.00833335
0.00833335
0.00833335
0.00833335
0.00833335
0.00833335
0.00833335
0.00833335
0.00833335
0.00833335
0.00833335
0.00833335
0.00833335
0.00833335
0.00834176
0.00724002
0.00835866
0.00827678
0.00833228
0.00841362
0.00848593
0.00833336
0.0001
0.0001
0.0001
0.0001
0.0001
0.0001
0.0001
0.0001
0.0001
0.0001
0.0001
0.0001
0.0001
0.0001
0.0001
0.0001
0.0001
0.0001
0.0001
0.0001
0.0001
0.0001
0.0001
0.0001
0.0001
0.0001
0.0001
0.0001
0.0001
0.00833335
0.00833335
0.00833335
0.00833335
0.00833335
0.00833335
0.00833335
0.00833335
0.00833335
0.00833335
0.00833335
0.00833335
0.00833335
0.00833335
0.00833335
0.00833335
0.00833335
0.00833335
0.00833335
0.00833335
0.00833335
0.00833335
0.00833335
0.00833335
0.00833335
0.00833335
0.00833335
0.00833335
0.00833335
0.00833335
0.00833335
0.00833335
0.00833335
0.00833335
0.00833335
0.00833335
0.00833335
0.00833335
0.00833335
0.00833335
0.00833335
0.00833335
0.00833335
0.00833335
0.00833335
0.00833335
0.00833335
0.00833335
0.00833335
0.00833335
0.00833335
0.00833335
0.00833335
0.00833335
0.00833335
0.00833335
0.00833335
0.00833335
0.00833335
0.00834803
0.00716618
0.00898137
0.00845479
0.00748389
0.00715431
0.00825284
0.00833001
0.0083348
0.00816385
0.00812469
0.00838506
0.00832747
0.00834326
0.00833291
0.00739706
0.01
0.00729992
0.0083385
0.00832881
0.00846419
0.00834159
0.00836167
0.00834865
0.00833289
0.00833332
0.00833331
0.00833019
0.00833941
0.00833334
0.00833336
0.00829272
0.00832778
0.0001
0.0001
0.0001
0.0001
0.00833335
0.00833335
0.00833335
0.00833335
0.00833335
0.00833335
0.00833335
0.00833335
0.00833335
0.00833335
0.00833335
0.00833335
0.00833335
0.00833335
0.00833335
0.00833335
0.00833335
0.00833335
0.00833335
0.00833335
0.00833335
0.00833335
0.00833335
0.00833335
0.00833335
0.00833335
0.00833335
0.00833335
0.00833335
0.00833335
0.00833335
0.00833335
0.00833335
0.00833335
0.00833335
0.00833335
0.00833335
0.00833335
0.00833335
0.00833335
0.00833335
0.00833335
0.00833335
0.00833335
0.00833335
0.00833335
0.00833335
0.00833335
0.00833335
0.00833335
0.00833335
0.00833335
0.00833335
0.00833335
0.00833335
0.00833335
0.00833335
0.00833335
0.00833338
0.00833302
0.00833346
0.00662424
0.01
0.00861411
0.00855373
0.00842906
0.01
0.01
0.00635345
0.00846267
0.0085825
0.00831084
0.00814166
0.00853882
0.00175203
0.00346678
0.01
0.00590202
0.00834109
0.00827393
0.00838952
0.01
0.00835203
0.00834066
0.00804359
0.00832392
0.00831764
0.00833335
0.00853597
0.00804268
0.00928664
0.00761613
0.00835378
0.00767215
0.00830415
0.00833335
0.00833335
0.00833335
0.00833335
0.00833335
0.00833335
0.00833335
0.00833335
0.00833335
0.00833335
0.00833335
0.00833335
0.00833335
0.00833335
0.00833335
0.00833335
0.00833335
0.00833335
0.00833335
0.00833335
0.00833335
0.00833335
0.00833335
0.00833335
0.00833335
0.00833335
0.00833335
0.00833335
0.00833335
0.00833335
0.00833335
0.00833335
0.00833335
0.00833335
0.00833335
0.00833335
0.00833335
0.00833335
0.00833335
0.00833335
0.00833335
0.00833335
0.00833335
0.00833335
0.00833335
0.00833335
0.00833335
0.00833335
0.00833335
0.00833335
0.00833335
0.00833335
0.00833335
0.00833335
0.00833335
0.00833335
0.00833335
0.00833335
0.0083333
0.00833411
0.0083322
0.00832339
0.01
0.00831796
0.00785914
0.00832367
0.000255916
0.00292366
0.01
0.00818627
0.00667585
0.01
0.00808825
0.00722794
0.00860604
0.00838937
0.00928103
0.00853868
0.00684865
0.00818536
0.00832801
0.00832136
0.0001
0.0001
0.0001
0.0001
0.0001
0.0001
0.0001
0.0001
0.0001
0.0001
0.0001
0.0001
0.0001
0.00838484
0.00836257
0.00833335
0.00833335
0.00833335
0.00833335
0.00833335
0.00833335
0.00833335
0.00833335
0.00833335
0.00833335
0.00833335
0.00833335
0.00833335
0.00833335
0.00833335
0.00833335
0.00833335
0.00833335
0.00833335
0.00833335
0.00833335
0.00833335
0.00833335
0.00833335
0.00833335
0.00833335
0.00833335
0.00833335
0.00833335
0.00833335
0.00833335
0.00833335
0.00833335
0.00833335
0.00833335
0.00833335
0.00833335
0.00833335
0.00833335
0.00833335
0.00833335
0.00833335
0.00833335
0.00833335
0.00833335
0.00833335
0.00833335
0.00833335
0.00833335
0.00833335
0.00833335
0.00833335
0.00833335
0.00833335
0.00833335
0.00833335
0.00833336
0.00833332
0.0083336
0.00833334
0.01
0.00434127
0.00618063
0.00783104
0.000630352
0.01
0.01
0.01
0.00764191
0.00904896
0.00862569
0.01
0.01
0.01
0.00546973
0.01
0.00823208
0.00825914
0.00928154
0.00879051
0.00758657
0.00761518
0.00831642
0.00833223
0.00844249
0.0085565
0.00838865
0.00834012
0.00830706
0.00834049
0.00833402
0.0083906
0.00833315
0.00833322
0.0001
0.0001
0.00833335
0.00833335
0.00833335
0.00833335
0.00833335
0.00833335
0.00833335
0.00833335
0.00833335
0.00833335
0.00833335
0.00833335
0.00833335
0.00833335
0.00833335
0.00833335
0.00833335
0.00833335
0.00833335
0.00833335
0.00833335
0.00833335
0.00833335
0.00833335
0.00833335
0.00833335
0.00833335
0.00833335
0.00833335
0.00833335
0.00833335
0.00833335
0.00833335
0.00833335
0.00833335
0.00833335
0.00833335
0.00833335
0.00833335
0.00833335
0.00833335
0.00833335
0.00833335
0.00833335
0.00833335
0.00833335
0.00833335
0.00833335
0.00833335
0.00833335
0.00833335
0.00833335
0.00833335
0.00833335
0.00833335
0.00833335
0.00833335
0.00833335
0.00833332
0.00833355
0.00833524
0.0078863
0.00910299
0.00805221
0.00779703
0.01
0.00814309
0.00832304
0.01
0.01
0.00837433
0.00878686
0.00723044
0.00849967
0.00798179
0.00833349
0.00832628
0.00833344
0.00833908
0.00831252
0.00863288
0.00824991
0.00816557
0.00824899
0.0001
0.00823452
0.00833339
0.0001
0.0001
0.0001
0.0001
0.0001
0.0001
0.0001
0.0001
0.0001
0.00833335
0.00833335
0.00833335
0.00833335
0.00833335
0.00833335
0.00833335
0.00833335
0.00833335
0.00833335
0.00833335
0.00833335
0.00833335
0.00833335
0.00833335
0.00833335
0.00833335
0.00833335
0.00833335
0.00833335
0.00833335
0.00833335
0.00833335
0.00833335
0.00833335
0.00833335
0.00833335
0.00833335
0.00833335
0.00833335
0.00833335
0.00833335
0.00833335
0.00833335
0.00833335
0.00833335
0.00833335
0.00833335
0.00833335
0.00833335
0.00833335
0.00833335
0.00833335
0.00833335
0.00833335
0.00833335
0.00833335
0.00833335
0.00833335
0.00833335
0.00833335
0.00833335
0.00833335
0.00833335
0.00833335
0.00833335
0.00833335
0.00833383
0.00831984
0.00834118
0.00833326
0.00833374
0.00833278
0.00860468
0.00813625
0.00833121
0.00833287
0.00833917
0.00821363
0.00846848
0.00864315
0.00841635
0.00832898
0.00840398
0.00833324
0.00833335
0.00833335
0.00833335
0.0083334
0.00833334
0.00834733
0.0001
0.0001
0.0001
0.0001
0.0001
0.0001
0.0001
0.0001
0.0001
0.0001
0.0001
0.0001
0.0001
0.0001
0.0001
0.00833335
0.00833335
0.00833335
0.00833335
0.00833335
0.00833335
0.00833335
0.00833335
0.00833335
0.00833335
0.00833335
0.00833335
0.00833335
0.00833335
0.00833335
0.00833335
0.00833335
0.00833335
0.00833335
0.00833335
0.00833335
0.00833335
0.00833335
0.00833335
0.00833335
0.00833335
0.00833335
0.00833335
0.00833335
0.00833335
0.00833335
0.00833335
0.00833335
0.00833335
0.00833335
0.00833335
0.00833335
0.00833335
0.00833335
0.00833335
0.00833335
0.00833335
0.00833335
0.00833335
0.00833335
0.00833335
0.00833335
0.00833335
0.00833335
0.00833335
0.00833335
0.00833335
0.00833335
0.00833335
0.00833335
0.00833335
0.00833335
0.00833335
0.00833321
0.00834287
0.0083319
0.00853508
0.00833329
0.00831337
0.00837136
0.00833336
0.00827847
0.00839819
0.0083344
0.0083325
0.00833337
0.00833463
0.00833119
0.00833315
0.00833335
0.00833335
0.00833334
0.0001
0.0001
0.0001
0.0001
0.0001
0.0001
0.0001
0.0001
0.0001
0.0001
0.0001
0.0001
0.0001
0.0001
0.0001
0.0001
0.0001
0.0001
0.0001
0.00833335
0.00833335
0.00833335
0.00833335
0.00833335
0.00833335
0.00833335
0.00833335
0.00833335
0.00833335
0.00833335
0.00833335
0.00833335
0.00833335
0.00833335
0.00833335
0.00833335
0.00833335
0.00833335
0.00833335
0.00833335
0.00833335
0.00833335
0.00833335
0.00833335
0.00833335
0.00833335
0.00833335
0.00833335
0.00833335
0.00833335
0.00833335
0.00833335
0.00833335
0.00833335
0.00833335
0.00833335
0.00833335
0.00833335
0.00833335
0.00833335
0.00833335
0.00833335
0.00833335
0.00833335
0.00833335
0.00833335
0.00833335
0.00833335
0.00833335
0.00833335
0.00833335
0.00833335
0.00833335
0.00833335
0.00833335
0.00833335
0.00833335
0.00833335
0.00832881
0.00833335
0.0083334
0.0001
0.0001
0.0001
0.0001
0.00833335
0.00833335
0.0001
0.0001
0.0001
0.0001
0.0001
0.0001
0.0001
0.0001
0.0001
0.0001
0.0001
0.0001
0.0001
0.0001
0.0001
0.0001
0.0001
0.0001
0.0001
0.0001
0.0001
0.0001
0.0001
0.0001
0.0001
0.0001
0.0001
0.0001
0.00833335
0.00833335
0.00833335
0.00833335
0.00833335
0.00833335
0.00833335
0.00833335
0.00833335
0.00833335
0.00833335
0.00833335
0.00833335
0.00833335
0.00833335
0.00833335
0.00833335
0.00833335
0.00833335
0.00833335
0.00833335
0.00833335
0.00833335
0.00833335
0.00833335
0.00833335
0.00833335
0.00833335
0.00833335
0.00833335
0.00833335
0.00833335
0.00833335
0.00833335
0.00833335
0.00833335
0.00833335
0.00833335
0.00833335
0.00833335
0.00833335
0.00833335
0.00833335
0.00833335
0.00833335
0.00833335
0.00833335
0.00833335
0.00833335
0.00833335
0.00833335
0.00833335
0.00833335
0.00833335
0.00833335
0.00833335
0.00833335
0.00833335
0.00833335
0.00833323
0.00833247
0.00833332
0.0001
0.0001
0.0001
0.0001
0.0001
0.0001
0.0001
0.0001
0.0001
0.0001
0.0001
0.0001
0.0001
0.0001
0.0001
0.0001
0.0001
0.0001
0.0001
0.0001
0.0001
0.0001
0.0001
0.0001
0.0001
0.0001
0.0001
0.0001
0.0001
0.0001
0.0001
0.0001
0.0001
0.0001
0.00833335
0.00833335
0.00833335
0.00833335
0.00833335
0.00833335
0.00833335
0.00833335
0.00833335
0.00833335
0.00833335
0.00833335
0.00833335
0.00833335
0.00833335
0.00833335
0.00833335
0.00833335
0.00833335
0.00833335
0.00833335
0.00833335
0.00833335
0.00833335
0.00833335
0.00833335
0.00833335
0.00833335
0.00833335
0.00833335
0.00833335
0.00833335
0.00833335
0.00833335
0.00833335
0.00833335
0.00833335
0.00833335
0.00833335
0.00833335
0.00833335
0.00833335
0.00833335
0.00833335
0.00833335
0.00833335
0.00833335
0.00833335
0.00833335
0.00833335
0.00833335
0.00833335
0.00833335
0.00833335
0.00833335
0.00833335
0.00833335
0.00833335
0.00833285
0.00830261
0.00907404
0.00761223
0.0001
0.0001
0.0001
0.0001
0.0001
0.0001
0.0001
0.0001
0.0001
0.0001
0.0001
0.0001
0.0001
0.0001
0.0001
0.0001
0.0001
0.0001
0.0001
0.0001
0.0001
0.0001
0.0001
0.0001
0.0001
0.0001
0.0001
0.0001
0.0001
0.0001
0.0001
0.0001
0.0001
0.0001
0.00833335
0.00833335
0.00833335
0.00833335
0.00833335
0.00833335
0.00833335
0.00833335
0.00833335
0.00833335
0.00833335
0.00833335
0.00833335
0.00833335
0.00833335
0.00833335
0.00833335
0.00833335
0.00833335
0.00833335
0.00833335
0.00833335
0.00833335
0.00833335
0.00833335
0.00833335
0.00833335
0.00833335
0.00833335
0.00833335
0.00833335
0.00833335
0.00833335
0.00833335
0.00833335
0.00833335
0.00833335
0.00833335
0.00833335
0.00833335
0.00833335
0.00833335
0.00833335
0.00833335
0.00833335
0.00833335
0.00833335
0.00833335
0.00833335
0.00833335
0.00833335
0.00833335
0.00833335
0.00833335
0.00833335
0.00833335
0.00833335
0.00833335
0.0083332
0.00833335
0.00833762
0.008333
0.0001
0.0001
0.0001
0.0001
0.0001
0.0001
0.0001
0.0001
0.0001
0.0001
0.0001
0.0001
0.0001
0.0001
0.0001
0.0001
0.0001
0.0001
0.0001
0.0001
0.0001
0.0001
0.0001
0.0001
0.0001
0.0001
0.0001
0.0001
0.0001
0.0001
0.0001
0.0001
0.0001
0.0001
0.00833335
0.00833335
0.00833335
0.00833335
0.00833335
0.00833335
0.00833335
0.00833335
0.00833335
0.00833335
0.00833335
0.00833335
0.00833335
0.00833335
0.00833335
0.00833335
0.00833335
0.00833335
0.00833335
0.00833335
0.00833335
0.00833335
0.00833335
0.00833335
0.00833335
0.00833335
0.00833335
0.00833335
0.00833335
0.00833335
0.00833335
0.00833335
0.00833335
0.00833335
0.00833335
0.00833335
0.00833335
0.00833335
0.00833335
0.00833335
0.00833335
0.00833335
0.00833335
0.00833335
0.00833335
0.00833335
0.00833335
0.00833335
0.00833335
0.00833335
0.00833335
0.00833335
0.00833335
0.00833335
0.00833335
0.00833335
0.00833335
0.00833305
0.00833352
0.00833254
0.00833321
0.00833338
0.0001
0.0001
0.0001
0.0001
0.0001
0.0001
0.0001
0.0001
0.0001
0.0001
0.0001
0.0001
0.0001
0.0001
0.0001
0.0001
0.0001
0.0001
0.0001
0.0001
0.0001
0.0001
0.0001
0.0001
0.0001
0.0001
0.0001
0.0001
0.0001
0.0001
0.0001
0.0001
0.0001
0.0001
0.00833335
0.00833335
0.00833335
0.00833335
0.00833335
0.00833335
0.00833335
0.00833335
0.00833335
0.00833335
0.00833335
0.00833335
0.00833335
0.00833335
0.00833335
0.00833335
0.00833335
0.00833335
0.00833335
0.00833335
0.00833335
0.00833335
0.00833335
0.00833335
0.00833335
0.00833335
0.00833335
0.00833335
0.00833335
0.00833335
0.00833335
0.00833335
0.00833335
0.00833335
0.00833335
0.00833335
0.00833335
0.00833335
0.00833335
0.00833335
0.00833335
0.00833335
0.00833335
0.00833335
0.00833335
0.00833335
0.00833335
0.00833335
0.00833335
0.00833335
0.00833335
0.00833335
0.00833335
0.00833335
0.00833335
0.00833335
0.00833335
0.00833334
0.00833336
0.0083334
0.00836152
0.00833066
0.0001
0.0001
0.0001
0.0001
0.0001
0.0001
0.0001
0.0001
0.0001
0.0001
0.0001
0.0001
0.0001
0.0001
0.0001
0.0001
0.0001
0.0001
0.0001
0.0001
0.0001
0.0001
0.0001
0.0001
0.0001
0.0001
0.0001
0.0001
0.0001
0.0001
0.0001
0.0001
0.0001
0.0001
0.00833335
0.00833335
0.00833335
0.00833335
0.00833335
0.00833335
0.00833335
0.00833335
0.00833335
0.00833335
0.00833335
0.00833335
0.00833335
0.00833335
0.00833335
0.00833335
0.00833335
0.00833335
0.00833335
0.00833335
0.00833335
0.00833335
0.00833335
0.00833335
0.00833335
0.00833335
0.00833335
0.00833335
0.00833335
0.00833335
0.00833335
0.00833335
0.00833335
0.00833335
0.00833335
0.00833335
0.00833335
0.00833335
0.00833335
0.00833335
0.00833335
0.00833335
0.00833335
0.00833335
0.00833335
0.00833335
0.00833335
0.00833335
0.00833335
0.00833335
0.00833335
0.00833335
0.00833335
0.00833335
0.00833335
0.00833335
0.00833335
0.00833335
0.00833577
0.00833068
0.0082869
0.0001
0.0001
0.0001
0.0001
0.0001
0.0001
0.0001
0.0001
0.0001
0.0001
0.0001
0.0001
0.0001
0.0001
0.0001
0.0001
0.0001
0.0001
0.0001
0.0001
0.0001
0.0001
0.0001
0.0001
0.0001
0.0001
0.0001
0.0001
0.0001
0.0001
0.0001
0.0001
0.0001
0.0001
0.0001
0.00833335
0.00833335
0.00833335
0.00833335
0.00833335
0.00833335
0.00833335
0.00833335
0.00833335
0.00833335
0.00833335
0.00833335
0.00833335
0.00833335
0.00833335
0.00833335
0.00833335
0.00833335
0.00833335
0.00833335
0.00833335
0.00833335
0.00833335
0.00833335
0.00833335
0.00833335
0.00833335
0.00833335
0.00833335
0.00833335
0.00833335
0.00833335
0.00833335
0.00833335
0.00833335
0.00833335
0.00833335
0.00833335
0.00833335
0.00833335
0.00833335
0.00833335
0.00833335
0.00833335
0.00833335
0.00833335
0.00833335
0.00833335
0.00833335
0.00833335
0.00833335
0.00833335
0.00833335
0.00833335
0.00833335
0.00833335
0.00833335
0.00833335
0.00833335
0.00834044
0.00697352
0.00660748
0.00838148
0.00833567
0.0001
0.0001
0.0001
0.0001
0.0001
0.0001
0.0001
0.0001
0.0001
0.0001
0.0001
0.0001
0.0001
0.0001
0.0001
0.0001
0.0001
0.0001
0.0001
0.0001
0.0001
0.0001
0.0001
0.0001
0.0001
0.0001
0.0001
0.0001
0.0001
0.0001
0.0001
0.0001
0.00833335
0.00833335
0.00833335
0.00833335
0.00833335
0.00833335
0.00833335
0.00833335
0.00833335
0.00833335
0.00833335
0.00833335
0.00833335
0.00833335
0.00833335
0.00833335
0.00833335
0.00833335
0.00833335
0.00833335
0.00833335
0.00833335
0.00833335
0.00833335
0.00833335
0.00833335
0.00833335
0.00833335
0.00833335
0.00833335
0.00833335
0.00833335
0.00833335
0.00833335
0.00833335
0.00833335
0.00833335
0.00833335
0.00833335
0.00833335
0.00833335
0.00833335
0.00833335
0.00833335
0.00833335
0.00833335
0.00833335
0.00833335
0.00833335
0.00833335
0.00833335
0.00833335
0.00833335
0.00833335
0.00833335
0.00833335
0.00833335
0.00833335
0.00833335
0.00833443
0.00714572
0.00689864
0.00920874
0.00903143
0.00819987
0.00833344
0.0081546
0.00874346
0.0001
0.0001
0.0083334
0.0083333
0.0001
0.0001
0.00833343
0.00833333
0.0001
0.0001
0.0083436
0.00831658
0.00833286
0.0001
0.0001
0.00833354
0.00833333
0.0001
0.0001
0.0001
0.0001
0.00834156
0.0001
0.0001
0.0001
0.0001
0.0001
0.0001
0.00833335
0.00833335
0.00833335
0.00833335
0.00833335
0.00833335
0.00833335
0.00833335
0.00833335
0.00833335
0.00833335
0.00833335
0.00833335
0.00833335
0.00833335
0.00833335
0.00833335
0.00833335
0.00833335
0.00833335
0.00833335
0.00833335
0.00833335
0.00833335
0.00833335
0.00833335
0.00833335
0.00833335
0.00833335
0.00833335
0.00833335
0.00833335
0.00833335
0.00833335
0.00833335
0.00833335
0.00833335
0.00833335
0.00833335
0.00833335
0.00833335
0.00833335
0.00833335
0.00833335
0.00833335
0.00833335
0.00833335
0.00833335
0.00833335
0.00833335
0.00833335
0.00833335
0.00833335
0.00833335
0.00833335
0.00833335
0.00833335
0.00833335
0.00833335
0.00830917
0.00957835
0.00834111
0.00833331
0.00856534
0.00799441
0.00835339
0.00740977
0.01
0.00829393
0.00808812
0.00832793
0.0082438
0.00847121
0.0081901
0.00831771
0.00834687
0.00831777
0.00827192
0.00838125
0.008436
0.00833585
0.00833308
0.00832955
0.00880706
0.00751104
0.00890014
0.00818711
0.01
0.00754987
0.00804387
0.00829244
0.00846022
0.0001
0.0001
0.0001
0.0001
0.00833335
0.00833335
0.00833335
0.00833335
0.00833335
0.00833335
0.00833335
0.00833335
0.00833335
0.00833335
0.00833335
0.00833335
0.00833335
0.00833335
0.00833335
0.00833335
0.00833335
0.00833335
0.00833335
0.00833335
0.00833335
0.00833335
0.00833335
0.00833335
0.00833335
0.00833335
0.00833335
0.00833335
0.00833335
0.00833335
0.00833335
0.00833335
0.00833335
0.00833335
0.00833335
0.00833335
0.00833335
0.00833335
0.00833335
0.00833335
0.00833335
0.00833335
0.00833335
0.00833335
0.00833335
0.00833335
0.00833335
0.00833335
0.00833335
0.00833335
0.00833335
0.00833335
0.00833335
0.00833335
0.00833335
0.00833335
0.00833335
0.00833335
0.00833335
0.00828312
0.00924112
0.00824759
0.00834192
0.00833334
0.00837805
0.00833284
0.00835886
0.00819457
0.00759586
0.01
0.00750235
0.00842494
0.00818
0.00655427
0.00975567
0.00805964
0.0084313
0.00898194
0.01
0.00781127
0.00796865
0.00835983
0.00816397
0.00805114
0.00884042
0.00833474
0.00850259
0.00858614
0.00900945
0.01
0.00745084
0.01
0.00833223
0.00833779
0.00833466
0.00833338
0.00833335
0.00833335
0.00833335
0.00833335
0.00833335
0.00833335
0.00833335
0.00833335
0.00833335
0.00833335
0.00833335
0.00833335
0.00833335
0.00833335
0.00833335
0.00833335
0.00833335
0.00833335
0.00833335
0.00833335
0.00833335
0.00833335
0.00833335
0.00833335
0.00833335
0.00833335
0.00833335
0.00833335
0.00833335
0.00833335
0.00833335
0.00833335
0.00833335
0.00833335
0.00833335
0.00833335
0.00833335
0.00833335
0.00833335
0.00833335
0.00833335
0.00833335
0.00833335
0.00833335
0.00833335
0.00833335
0.00833335
0.00833335
0.00833335
0.00833335
0.00833335
0.00833335
0.00833335
0.00833335
0.00833335
0.00833335
0.00833335
0.00833335
0.00833333
0.0082832
0.00860646
0.0069792
0.00838887
0.00840585
0.00815211
0.00838286
0.00832751
0.00803177
0.0085943
0.00802506
0.00859771
0.00817942
0.00838053
0.00833862
0.00833456
0.00833164
0.00832984
0.00832507
0.00829857
0.00826042
0.00827877
0.00792666
0.00812153
0.00881566
0.00819539
0.00834094
0.00830728
0.00827392
0.00890318
0.0082228
0.00837374
0.00834441
0.00839668
0.00819967
0.00836602
0.00833335
0.00833335
0.00833335
0.00833335
0.00833335
0.00833335
0.00833335
0.00833335
0.00833335
0.00833335
0.00833335
0.00833335
0.00833335
0.00833335
0.00833335
0.00833335
0.00833335
0.00833335
0.00833335
0.00833335
0.00833335
0.00833335
0.00833335
0.00833335
0.00833335
0.00833335
0.00833335
0.00833335
0.00833335
0.00833335
0.00833335
0.00833335
0.00833335
0.00833335
0.00833335
0.00833335
0.00833335
0.00833335
0.00833335
0.00833335
0.00833335
0.00833335
0.00833335
0.00833335
0.00833335
0.00833335
0.00833335
0.00833335
0.00833335
0.00833335
0.00833335
0.00833335
0.00833335
0.00833335
0.00833335
0.00833335
0.00833335
0.00833335
0.00833332
0.00833295
0.00833319
0.00737784
0.00989639
0.00774433
0.00880847
0.00823052
0.00828051
0.00836246
0.0081117
0.00865143
0.00853228
0.00830077
0.00829292
0.00817245
0.00833741
0.00833568
0.00834194
0.00844387
0.00816299
0.00965323
0.01
0.01
0.01
0.01
0.00832224
0.00915794
0.00618675
0.01
0.00820584
0.00855092
0.00828084
0.00901659
0.00729187
0.00845313
0.00833265
0.00833277
0.00833344
0.00833335
0.00833335
0.00833335
0.00833335
0.00833335
0.00833335
0.00833335
0.00833335
0.00833335
0.00833335
0.00833335
0.00833335
0.00833335
0.00833335
0.00833335
0.00833335
0.00833335
0.00833335
0.00833335
0.00833335
0.00833335
0.00833335
0.00833335
0.00833335
0.00833335
0.00833335
0.00833335
0.00833335
0.00833335
0.00833335
0.00833335
0.00833335
0.00833335
0.00833335
0.00833335
0.00833335
0.00833335
0.00833335
0.00833335
0.00833335
0.00833335
0.00833335
0.00833335
0.00833335
0.00833335
0.00833335
0.00833335
0.00833335
0.00833335
0.00833335
0.00833335
0.00833335
0.00833335
0.00833335
0.00833335
0.00833335
0.00833335
0.00833335
0.00833334
0.0083329
0.00822211
0.00902496
0.00992704
0.00945685
0.00725118
0.00606891
0.0099251
0.00814674
0.000947675
0.01
0.00323387
0.01
0.00897199
0.0082424
0.00771711
0.00865859
0.00900211
0.00645225
0.00975069
0.00599473
0.01
0.00730186
0.00826867
0.00833334
0.00832197
0.00829494
0.00830538
0.00837025
0.00826706
0.00834651
0.0001
0.0001
0.0001
0.0001
0.0001
0.0001
0.00833335
0.00833335
0.00833335
0.00833335
0.00833335
0.00833335
0.00833335
0.00833335
0.00833335
0.00833335
0.00833335
0.00833335
0.00833335
0.00833335
0.00833335
0.00833335
0.00833335
0.00833335
0.00833335
0.00833335
0.00833335
0.00833335
0.00833335
0.00833335
0.00833335
0.00833335
0.00833335
0.00833335
0.00833335
0.00833335
0.00833335
0.00833335
0.00833335
0.00833335
0.00833335
0.00833335
0.00833335
0.00833335
0.00833335
0.00833335
0.00833335
0.00833335
0.00833335
0.00833335
0.00833335
0.00833335
0.00833335
0.00833335
0.00833335
0.00833335
0.00833335
0.00833335
0.00833335
0.00833335
0.00833335
0.00833335
0.00833335
0.00833334
0.00833302
0.00833331
0.00850907
0.00835163
0.00833611
0.00847203
0.00807423
0.00962239
0.00807233
0.00549367
0.00857695
0.00722491
0.00515732
0.01
0.01
0.00832641
0.00826678
0.00833323
0.00833433
0.00845749
0.00879349
0.0001
0.0001
0.0001
0.0001
0.0001
0.0001
0.0001
0.0001
0.0001
0.0001
0.0001
0.0001
0.0001
0.0001
0.0001
0.0001
0.0001
0.00833335
0.00833335
0.00833335
0.00833335
0.00833335
0.00833335
0.00833335
0.00833335
0.00833335
0.00833335
0.00833335
0.00833335
0.00833335
0.00833335
0.00833335
0.00833335
0.00833335
0.00833335
0.00833335
0.00833335
0.00833335
0.00833335
0.00833335
0.00833335
0.00833335
0.00833335
0.00833335
0.00833335
0.00833335
0.00833335
0.00833335
0.00833335
0.00833335
0.00833335
0.00833335
0.00833335
0.00833335
0.00833335
0.00833335
0.00833335
0.00833335
0.00833335
0.00833335
0.00833335
0.00833335
0.00833335
0.00833335
0.00833335
0.00833335
0.00833335
0.00833335
0.00833335
0.00833335
0.00833335
0.00833335
0.00833335
0.00833335
0.00833335
0.00833521
0.00833158
0.00833541
0.0001
0.00833376
0.00833336
0.0083384
0.0001
0.0001
0.0083304
0.00833418
0.00833331
0.0001
0.0001
0.00836928
0.00833367
0.00828156
0.0001
0.0001
0.0001
0.0001
0.0001
0.0001
0.0001
0.0001
0.0001
0.0001
0.0001
0.0001
0.0001
0.0001
0.0001
0.0001
0.0001
0.0001
0.0001
0.0001
0.0001
0.00833335
0.00833335
0.00833335
0.00833335
0.00833335
0.00833335
0.00833335
0.00833335
0.00833335
0.00833335
0.00833335
0.00833335
0.00833335
0.00833335
0.00833335
0.00833335
0.00833335
0.00833335
0.00833335
0.00833335
0.00833335
0.00833335
0.00833335
0.00833335
0.00833335
0.00833335
0.00833335
0.00833335
0.00833335
0.00833335
0.00833335
0.00833335
0.00833335
0.00833335
0.00833335
0.00833335
0.00833335
0.00833335
0.00833335
0.00833335
0.00833335
0.00833335
0.00833335
0.00833335
0.00833335
0.00833335
0.00833335
0.00833335
0.00833335
0.00833335
0.00833335
0.00833335
0.00833335
0.00833335
0.00833335
0.00833335
0.00833335
0.00833335
0.00833332
0.00832638
0.00850381
0.0001
0.0001
0.0001
0.0001
0.0001
0.0001
0.0001
0.0001
0.0001
0.0001
0.0001
0.0001
0.0001
0.0001
0.0001
0.0001
0.0001
0.0001
0.0001
0.0001
0.0001
0.0001
0.0001
0.0001
0.0001
0.0001
0.0001
0.0001
0.0001
0.0001
0.0001
0.0001
0.0001
0.0001
0.0001
0.00833335
0.00833335
0.00833335
0.00833335
0.00833335
0.00833335
0.00833335
0.00833335
0.00833335
0.00833335
0.00833335
0.00833335
0.00833335
0.00833335
0.00833335
0.00833335
0.00833335
0.00833335
0.00833335
0.00833335
0.00833335
0.00833335
0.00833335
0.00833335
0.00833335
0.00833335
0.00833335
0.00833335
0.00833335
0.00833335
0.00833335
0.00833335
0.00833335
0.00833335
0.00833335
0.00833335
0.00833335
0.00833335
0.00833335
0.00833335
0.00833335
0.00833335
0.00833335
0.00833335
0.00833335
0.00833335
0.00833335
0.00833335
0.00833335
0.00833335
0.00833335
0.00833335
0.00833335
0.00833335
0.00833335
0.00833335
0.00833335
0.00833335
0.00833378
0.00834227
0.00814933
0.0001
0.0001
0.0001
0.0001
0.0001
0.0001
0.0001
0.0001
0.0001
0.0001
0.0001
0.0001
0.0001
0.0001
0.0001
0.0001
0.0001
0.0001
0.0001
0.0001
0.0001
0.0001
0.0001
0.0001
0.0001
0.0001
0.0001
0.0001
0.0001
0.0001
0.0001
0.0001
0.0001
0.0001
0.0001
0.00833335
0.00833335
0.00833335
0.00833335
0.00833335
0.00833335
0.00833335
0.00833335
0.00833335
0.00833335
0.00833335
0.00833335
0.00833335
0.00833335
0.00833335
0.00833335
0.00833335
0.00833335
0.00833335
0.00833335
0.00833335
0.00833335
0.00833335
0.00833335
0.00833335
0.00833335
0.00833335
0.00833335
0.00833335
0.00833335
0.00833335
0.00833335
0.00833335
0.00833335
0.00833335
0.00833335
0.00833335
0.00833335
0.00833335
0.00833335
0.00833335
0.00833335
0.00833335
0.00833335
0.00833335
0.00833335
0.00833335
0.00833335
0.00833335
0.00833335
0.00833335
0.00833335
0.00833335
0.00833335
0.00833335
0.00833335
0.00833335
0.00833313
0.00831947
0.00838889
0.00771783
0.00833341
0.0001
0.0001
0.0001
0.0001
0.0001
0.0001
0.0001
0.0001
0.0001
0.0001
0.0001
0.0001
0.0001
0.0001
0.0001
0.0001
0.0001
0.0001
0.0001
0.0001
0.0001
0.0001
0.0001
0.0001
0.0001
0.0001
0.0001
0.0001
0.0001
0.0001
0.0001
0.0001
0.0001
0.0001
0.00833335
0.00833335
0.00833335
0.00833335
0.00833335
0.00833335
0.00833335
0.00833335
0.00833335
0.00833335
0.00833335
0.00833335
0.00833335
0.00833335
0.00833335
0.00833335
0.00833335
0.00833335
0.00833335
0.00833335
0.00833335
0.00833335
0.00833335
0.00833335
0.00833335
0.00833335
0.00833335
0.00833335
0.00833335
0.00833335
0.00833335
0.00833335
0.00833335
0.00833335
0.00833335
0.00833335
0.00833335
0.00833335
0.00833335
0.00833335
0.00833335
0.00833335
0.00833335
0.00833335
0.00833335
0.00833335
0.00833335
0.00833335
0.00833335
0.00833335
0.00833335
0.00833335
0.00833335
0.00833335
0.00833335
0.00833335
0.00833335
0.00833334
0.00833313
0.00833324
0.00833339
0.0083333
0.0001
0.0001
0.0001
0.0001
0.0001
0.0001
0.0001
0.0001
0.0001
0.0001
0.0001
0.0001
0.0001
0.0001
0.0001
0.0001
0.0001
0.0001
0.0001
0.0001
0.0001
0.0001
0.0001
0.0001
0.0001
0.0001
0.0001
0.0001
0.0001
0.0001
0.0001
0.0001
0.0001
0.0001
0.00833335
0.00833335
0.00833335
0.00833335
0.00833335
0.00833335
0.00833335
0.00833335
0.00833335
0.00833335
0.00833335
0.00833335
0.00833335
0.00833335
0.00833335
0.00833335
0.00833335
0.00833335
0.00833335
0.00833335
0.00833335
0.00833335
0.00833335
0.00833335
0.00833335
0.00833335
0.00833335
0.00833335
0.00833335
0.00833335
0.00833335
0.00833335
0.00833335
0.00833335
0.00833335
0.00833335
0.00833335
0.00833335
0.00833335
0.00833335
0.00833335
0.00833335
0.00833335
0.00833335
0.00833335
0.00833335
0.00833335
0.00833335
0.00833335
0.00833335
0.00833335
0.00833335
0.00833335
0.00833335
0.00833335
0.00833335
0.00833335
0.00833335
0.00833336
0.00833336
0.00834406
0.00904951
0.0001
0.0001
0.0001
0.0001
0.0001
0.0001
0.0001
0.0001
0.0001
0.0001
0.0001
0.0001
0.0001
0.0001
0.0001
0.0001
0.0001
0.0001
0.0001
0.0001
0.0001
0.0001
0.0001
0.0001
0.0001
0.0001
0.0001
0.0001
0.0001
0.0001
0.0001
0.0001
0.0001
0.0001
0.00833335
0.00833335
0.00833335
0.00833335
0.00833335
0.00833335
0.00833335
0.00833335
0.00833335
0.00833335
0.00833335
0.00833335
0.00833335
0.00833335
0.00833335
0.00833335
0.00833335
0.00833335
0.00833335
0.00833335
0.00833335
0.00833335
0.00833335
0.00833335
0.00833335
0.00833335
0.00833335
0.00833335
0.00833335
0.00833335
0.00833335
0.00833335
0.00833335
0.00833335
0.00833335
0.00833335
0.00833335
0.00833335
0.00833335
0.00833335
0.00833335
0.00833335
0.00833335
0.00833335
0.00833335
0.00833335
0.00833335
0.00833335
0.00833335
0.00833335
0.00833335
0.00833335
0.00833335
0.00833335
0.00833335
0.00833335
0.00833335
0.00833335
0.00833322
0.00833433
0.00830958
0.00783378
0.0001
0.0001
0.0001
0.0001
0.0001
0.0001
0.0001
0.0001
0.0001
0.0001
0.0001
0.0001
0.0001
0.0001
0.0001
0.0001
0.0001
0.0001
0.0001
0.0001
0.0001
0.0001
0.0001
0.0001
0.0001
0.0001
0.0001
0.0001
0.0001
0.0001
0.0001
0.0001
0.0001
0.0001
0.00833335
0.00833335
0.00833335
0.00833335
0.00833335
0.00833335
0.00833335
0.00833335
0.00833335
0.00833335
0.00833335
0.00833335
0.00833335
0.00833335
0.00833335
0.00833335
0.00833335
0.00833335
0.00833335
0.00833335
0.00833335
0.00833335
0.00833335
0.00833335
0.00833335
0.00833335
0.00833335
0.00833335
0.00833335
0.00833335
0.00833335
0.00833335
0.00833335
0.00833335
0.00833335
0.00833335
0.00833335
0.00833335
0.00833335
0.00833335
0.00833335
0.00833335
0.00833335
0.00833335
0.00833335
0.00833335
0.00833335
0.00833335
0.00833335
0.00833335
0.00833335
0.00833335
0.00833335
0.00833335
0.00833335
0.00833335
0.00833335
0.00833335
0.0083335
0.00833233
0.00831631
0.00815464
0.0001
0.0001
0.0001
0.0001
0.0001
0.0001
0.0001
0.0001
0.0001
0.0001
0.0001
0.0001
0.0001
0.0001
0.0001
0.0001
0.0001
0.0001
0.0001
0.0001
0.0001
0.0001
0.0001
0.0001
0.0001
0.0001
0.0001
0.0001
0.0001
0.0001
0.0001
0.0001
0.0001
0.0001
0.00833335
0.00833335
0.00833335
0.00833335
0.00833335
0.00833335
0.00833335
0.00833335
0.00833335
0.00833335
0.00833335
0.00833335
0.00833335
0.00833335
0.00833335
0.00833335
0.00833335
0.00833335
0.00833335
0.00833335
0.00833335
0.00833335
0.00833335
0.00833335
0.00833335
0.00833335
0.00833335
0.00833335
0.00833335
0.00833335
0.00833335
0.00833335
0.00833335
0.00833335
0.00833335
0.00833335
0.00833335
0.00833335
0.00833335
0.00833335
0.00833335
0.00833335
0.00833335
0.00833335
0.00833335
0.00833335
0.00833335
0.00833335
0.00833335
0.00833335
0.00833335
0.00833335
0.00833335
0.00833335
0.00833335
0.00833335
0.00833335
0.00833335
0.00833308
0.00833324
0.00830433
0.00842207
0.00844926
0.00787802
0.00855444
0.0001
0.0001
0.0001
0.0001
0.0001
0.0001
0.0001
0.0001
0.0001
0.0001
0.0001
0.0001
0.0001
0.0001
0.0001
0.0001
0.0001
0.0001
0.0001
0.0001
0.0001
0.0001
0.0001
0.0001
0.0001
0.0001
0.0001
0.0001
0.0001
0.0001
0.0001
0.00833335
0.00833335
0.00833335
0.00833335
0.00833335
0.00833335
0.00833335
0.00833335
0.00833335
0.00833335
0.00833335
0.00833335
0.00833335
0.00833335
0.00833335
0.00833335
0.00833335
0.00833335
0.00833335
0.00833335
0.00833335
0.00833335
0.00833335
0.00833335
0.00833335
0.00833335
0.00833335
0.00833335
0.00833335
0.00833335
0.00833335
0.00833335
0.00833335
0.00833335
0.00833335
0.00833335
0.00833335
0.00833335
0.00833335
0.00833335
0.00833335
0.00833335
0.00833335
0.00833335
0.00833335
0.00833335
0.00833335
0.00833335
0.00833335
0.00833335
0.00833335
0.00833335
0.00833335
0.00833335
0.00833335
0.00833335
0.00833335
0.00833335
0.00833304
0.00833383
0.00822892
0.00872342
0.00834499
0.00806661
0.00714352
0.00825942
0.00810177
0.00833259
0.0001
0.0001
0.0001
0.0001
0.0001
0.0001
0.0001
0.0001
0.0001
0.0001
0.0001
0.0001
0.0001
0.0001
0.0001
0.0001
0.0001
0.0001
0.0001
0.0001
0.0001
0.0001
0.0001
0.0001
0.0001
0.0001
0.0001
0.0001
0.00833335
0.00833335
0.00833335
0.00833335
0.00833335
0.00833335
0.00833335
0.00833335
0.00833335
0.00833335
0.00833335
0.00833335
0.00833335
0.00833335
0.00833335
0.00833335
0.00833335
0.00833335
0.00833335
0.00833335
0.00833335
0.00833335
0.00833335
0.00833335
0.00833335
0.00833335
0.00833335
0.00833335
0.00833335
0.00833335
0.00833335
0.00833335
0.00833335
0.00833335
0.00833335
0.00833335
0.00833335
0.00833335
0.00833335
0.00833335
0.00833335
0.00833335
0.00833335
0.00833335
0.00833335
0.00833335
0.00833335
0.00833335
0.00833335
0.00833335
0.00833335
0.00833335
0.00833335
0.00833335
0.00833335
0.00833335
0.00833335
0.00833336
0.00834107
0.00832335
0.00840013
0.00848888
0.0084055
0.01
0.00564376
0.00815165
0.01
0.00609993
0.00902426
0.00833327
0.00833335
0.00836566
0.00833752
0.00832078
0.00837396
0.00886936
0.00833862
0.00648842
0.00472153
0.01
0.01
0.00824235
0.00834258
0.00823507
0.00858877
0.00822073
0.00833228
0.00854345
0.00795319
0.0083456
0.00833343
0.00833333
0.0001
0.0001
0.0001
0.0001
0.00833335
0.00833335
0.00833335
0.00833335
0.00833335
0.00833335
0.00833335
0.00833335
0.00833335
0.00833335
0.00833335
0.00833335
0.00833335
0.00833335
0.00833335
0.00833335
0.00833335
0.00833335
0.00833335
0.00833335
0.00833335
0.00833335
0.00833335
0.00833335
0.00833335
0.00833335
0.00833335
0.00833335
0.00833335
0.00833335
0.00833335
0.00833335
0.00833335
0.00833335
0.00833335
0.00833335
0.00833335
0.00833335
0.00833335
0.00833335
0.00833335
0.00833335
0.00833335
0.00833335
0.00833335
0.00833335
0.00833335
0.00833335
0.00833335
0.00833335
0.00833335
0.00833335
0.00833335
0.00833335
0.00833335
0.00833335
0.00833335
0.00833336
0.00833341
0.00833325
0.0083554
0.00832313
0.00830591
0.00834878
0.00833173
0.008372
0.00809898
0.00837148
0.00833722
0.00835721
0.01
0.00637792
0.00851419
0.00817864
0.01
0.00518703
0.00846988
0.0048923
0.00274162
0.00062649
0.00175508
0.00296041
0.00424617
0.00832995
0.00817963
0.00853871
0.00841011
0.00638498
0.00845481
0.00950947
0.00892394
0.00769948
0.00857579
0.00791914
0.0083261
0.00833589
0.00833335
0.00833335
0.00833335
0.00833335
0.00833335
0.00833335
0.00833335
0.00833335
0.00833335
0.00833335
0.00833335
0.00833335
0.00833335
0.00833335
0.00833335
0.00833335
0.00833335
0.00833335
0.00833335
0.00833335
0.00833335
0.00833335
0.00833335
0.00833335
0.00833335
0.00833335
0.00833335
0.00833335
0.00833335
0.00833335
0.00833335
0.00833335
0.00833335
0.00833335
0.00833335
0.00833335
0.00833335
0.00833335
0.00833335
0.00833335
0.00833335
0.00833335
0.00833335
0.00833335
0.00833335
0.00833335
0.00833335
0.00833335
0.00833335
0.00833335
0.00833335
0.00833335
0.00833335
0.00833335
0.00833335
0.00833335
0.00833335
0.00833336
0.00833353
0.0082989
0.00908902
0.00821214
0.0085557
0.00723435
0.0096555
0.00927488
0.00837202
0.00839356
0.00791591
0.00869722
0.00831422
0.00844706
0.00868681
0.00777882
0.00845672
0.00828894
0.00833454
0.00918504
0.01
0.00725544
0.00968853
0.00592734
0.01
0.00632917
0.0081999
0.00807025
0.00875749
0.01
0.00718919
0.00774724
0.00809252
0.00971209
0.00658388
0.0083299
0.00818866
0.00832745
0.00833335
0.00833335
0.00833335
0.00833335
0.00833335
0.00833335
0.00833335
0.00833335
0.00833335
0.00833335
0.00833335
0.00833335
0.00833335
0.00833335
0.00833335
0.00833335
0.00833335
0.00833335
0.00833335
0.00833335
0.00833335
0.00833335
0.00833335
0.00833335
0.00833335
0.00833335
0.00833335
0.00833335
0.00833335
0.00833335
0.00833335
0.00833335
0.00833335
0.00833335
0.00833335
0.00833335
0.00833335
0.00833335
0.00833335
0.00833335
0.00833335
0.00833335
0.00833335
0.00833335
0.00833335
0.00833335
0.00833335
0.00833335
0.00833335
0.00833335
0.00833335
0.00833335
0.00833335
0.00833335
0.00833335
0.00833335
0.00833335
0.00833335
0.00834426
0.00834222
0.00743021
0.0083797
0.00832233
0.00234747
0.00505593
0.01
0.00309591
0.01
0.0073275
0.00736793
0.00982693
0.00774381
0.00817043
0.00864642
0.00820058
0.00834675
0.0083947
0.00850937
0.00817293
0.00808923
0.00834204
0.00254362
0.00787224
0.0083863
0.00830881
0.00824955
0.0082993
0.00833206
0.00834029
0.00832505
0.00813406
0.00823864
0.00841061
0.0089879
0.00832775
0.00835506
0.00833335
0.00833335
0.00833335
0.00833335
0.00833335
0.00833335
0.00833335
0.00833335
0.00833335
0.00833335
0.00833335
0.00833335
0.00833335
0.00833335
0.00833335
0.00833335
0.00833335
0.00833335
0.00833335
0.00833335
0.00833335
0.00833335
0.00833335
0.00833335
0.00833335
0.00833335
0.00833335
0.00833335
0.00833335
0.00833335
0.00833335
0.00833335
0.00833335
0.00833335
0.00833335
0.00833335
0.00833335
0.00833335
0.00833335
0.00833335
0.00833335
0.00833335
0.00833335
0.00833335
0.00833335
0.00833335
0.00833335
0.00833335
0.00833335
0.00833335
0.00833335
0.00833335
0.00833335
0.00833335
0.00833335
0.00833335
0.00833335
0.00833335
0.00833318
0.00833482
0.00832294
0.00840923
0.01
0.00881208
0.01
0.0084676
0.00860119
0.00905104
0.00694258
0.00658403
0.01
0.00542587
0.01
0.00890774
0.0060817
0.01
0.00897068
0.00833531
0.00830083
0.01
0.00822803
0.0001
0.0001
0.0001
0.0001
0.0001
0.0001
0.0001
0.0001
0.0001
0.0001
0.0001
0.0001
0.0001
0.0001
0.0001
0.00833335
0.00833335
0.00833335
0.00833335
0.00833335
0.00833335
0.00833335
0.00833335
0.00833335
0.00833335
0.00833335
0.00833335
0.00833335
0.00833335
0.00833335
0.00833335
0.00833335
0.00833335
0.00833335
0.00833335
0.00833335
0.00833335
0.00833335
0.00833335
0.00833335
0.00833335
0.00833335
0.00833335
0.00833335
0.00833335
0.00833335
0.00833335
0.00833335
0.00833335
0.00833335
0.00833335
0.00833335
0.00833335
0.00833335
0.00833335
0.00833335
0.00833335
0.00833335
0.00833335
0.00833335
0.00833335
0.00833335
0.00833335
0.00833335
0.00833335
0.00833335
0.00833335
0.00833335
0.00833335
0.00833335
0.00833335
0.00833335
0.00833335
0.00833339
0.00833378
0.00834134
0.00833293
0.00839448
0.00826745
0.00833558
0.00802511
0.00861426
0.0082335
0.00921704
0.00875914
0.00838532
0.00787477
0.00806251
0.00874348
0.00833696
0.00835068
0.00853309
0.00833337
0.0001
0.0001
0.0001
0.0001
0.0001
0.0001
0.0001
0.0001
0.0001
0.0001
0.0001
0.0001
0.0001
0.0001
0.0001
0.0001
0.0001
0.0001
0.00833335
0.00833335
0.00833335
0.00833335
0.00833335
0.00833335
0.00833335
0.00833335
0.00833335
0.00833335
0.00833335
0.00833335
0.00833335
0.00833335
0.00833335
0.00833335
0.00833335
0.00833335
0.00833335
0.00833335
0.00833335
0.00833335
0.00833335
0.00833335
0.00833335
0.00833335
0.00833335
0.00833335
0.00833335
0.00833335
0.00833335
0.00833335
0.00833335
0.00833335
0.00833335
0.00833335
0.00833335
0.00833335
0.00833335
0.00833335
0.00833335
0.00833335
0.00833335
0.00833335
0.00833335
0.00833335
0.00833335
0.00833335
0.00833335
0.00833335
0.00833335
0.00833335
0.00833335
0.00833335
0.00833335
0.00833335
0.00833335
0.00833334
0.00833245
0.00832264
0.00852099
0.0001
0.00833293
0.00833616
0.00833334
0.00833332
0.00828129
0.0001
0.0001
0.00832963
0.00833347
0.0001
0.0001
0.0001
0.0001
0.0001
0.0001
0.0001
0.0001
0.0001
0.0001
0.0001
0.0001
0.0001
0.0001
0.0001
0.0001
0.0001
0.0001
0.0001
0.0001
0.0001
0.0001
0.0001
0.0001
0.0001
0.00833335
0.00833335
0.00833335
0.00833335
0.00833335
0.00833335
0.00833335
0.00833335
0.00833335
0.00833335
0.00833335
0.00833335
0.00833335
0.00833335
0.00833335
0.00833335
0.00833335
0.00833335
0.00833335
0.00833335
0.00833335
0.00833335
0.00833335
0.00833335
0.00833335
0.00833335
0.00833335
0.00833335
0.00833335
0.00833335
0.00833335
0.00833335
0.00833335
0.00833335
0.00833335
0.00833335
0.00833335
0.00833335
0.00833335
0.00833335
0.00833335
0.00833335
0.00833335
0.00833335
0.00833335
0.00833335
0.00833335
0.00833335
0.00833335
0.00833335
0.00833335
0.00833335
0.00833335
0.00833335
0.00833335
0.00833335
0.00833335
0.00833335
0.00833338
0.00833359
0.00830195
0.00833855
0.0001
0.0001
0.0001
0.0001
0.0001
0.0001
0.0001
0.0001
0.0001
0.0001
0.0001
0.0001
0.0001
0.0001
0.0001
0.0001
0.0001
0.0001
0.0001
0.0001
0.0001
0.0001
0.0001
0.0001
0.0001
0.0001
0.0001
0.0001
0.0001
0.0001
0.0001
0.0001
0.0001
0.0001
0.00833335
0.00833335
0.00833335
0.00833335
0.00833335
0.00833335
0.00833335
0.00833335
0.00833335
0.00833335
0.00833335
0.00833335
0.00833335
0.00833335
0.00833335
0.00833335
0.00833335
0.00833335
0.00833335
0.00833335
0.00833335
0.00833335
0.00833335
0.00833335
0.00833335
0.00833335
0.00833335
0.00833335
0.00833335
0.00833335
0.00833335
0.00833335
0.00833335
0.00833335
0.00833335
0.00833335
0.00833335
0.00833335
0.00833335
0.00833335
0.00833335
0.00833335
0.00833335
0.00833335
0.00833335
0.00833335
0.00833335
0.00833335
0.00833335
0.00833335
0.00833335
0.00833335
0.00833335
0.00833335
0.00833335
0.00833335
0.00833335
0.00833328
0.00833353
0.00833445
0.00834646
0.00833335
0.0001
0.0001
0.0001
0.0001
0.0001
0.0001
0.0001
0.0001
0.0001
0.0001
0.0001
0.0001
0.0001
0.0001
0.0001
0.0001
0.0001
0.0001
0.0001
0.0001
0.0001
0.0001
0.0001
0.0001
0.0001
0.0001
0.0001
0.0001
0.0001
0.0001
0.0001
0.0001
0.0001
0.0001
0.00833335
0.00833335
0.00833335
0.00833335
0.00833335
0.00833335
0.00833335
0.00833335
0.00833335
0.00833335
0.00833335
0.00833335
0.00833335
0.00833335
0.00833335
0.00833335
0.00833335
0.00833335
0.00833335
0.00833335
0.00833335
0.00833335
0.00833335
0.00833335
0.00833335
0.00833335
0.00833335
0.00833335
0.00833335
0.00833335
0.00833335
0.00833335
0.00833335
0.00833335
0.00833335
0.00833335
0.00833335
0.00833335
0.00833335
0.00833335
0.00833335
0.00833335
0.00833335
0.00833335
0.00833335
0.00833335
0.00833335
0.00833335
0.00833335
0.00833335
0.00833335
0.00833335
0.00833335
0.00833335
0.00833335
0.00833335
0.00833335
0.00833335
0.00832321
0.00833175
0.00843379
0.0001
0.0001
0.0001
0.0001
0.0001
0.0001
0.0001
0.0001
0.0001
0.0001
0.0001
0.0001
0.0001
0.0001
0.0001
0.0001
0.0001
0.0001
0.0001
0.0001
0.0001
0.0001
0.0001
0.0001
0.0001
0.0001
0.0001
0.0001
0.0001
0.0001
0.0001
0.0001
0.0001
0.0001
0.0001
0.00833335
0.00833335
0.00833335
0.00833335
0.00833335
0.00833335
0.00833335
0.00833335
0.00833335
0.00833335
0.00833335
0.00833335
0.00833335
0.00833335
0.00833335
0.00833335
0.00833335
0.00833335
0.00833335
0.00833335
0.00833335
0.00833335
0.00833335
0.00833335
0.00833335
0.00833335
0.00833335
0.00833335
0.00833335
0.00833335
0.00833335
0.00833335
0.00833335
0.00833335
0.00833335
0.00833335
0.00833335
0.00833335
0.00833335
0.00833335
0.00833335
0.00833335
0.00833335
0.00833335
0.00833335
0.00833335
0.00833335
0.00833335
0.00833335
0.00833335
0.00833335
0.00833335
0.00833335
0.00833335
0.00833335
0.00833335
0.00833335
0.0083332
0.0083335
0.00833351
0.00833487
0.00833316
0.0001
0.0001
0.0001
0.0001
0.0001
0.0001
0.0001
0.0001
0.0001
0.0001
0.0001
0.0001
0.0001
0.0001
0.0001
0.0001
0.0001
0.0001
0.0001
0.0001
0.0001
0.0001
0.0001
0.0001
0.0001
0.0001
0.0001
0.0001
0.0001
0.0001
0.0001
0.0001
0.0001
0.0001
0.00833335
0.00833335
0.00833335
0.00833335
0.00833335
0.00833335
0.00833335
0.00833335
0.00833335
0.00833335
0.00833335
0.00833335
0.00833335
0.00833335
0.00833335
0.00833335
0.00833335
0.00833335
0.00833335
0.00833335
0.00833335
0.00833335
0.00833335
0.00833335
0.00833335
0.00833335
0.00833335
0.00833335
0.00833335
0.00833335
0.00833335
0.00833335
0.00833335
0.00833335
0.00833335
0.00833335
0.00833335
0.00833335
0.00833335
0.00833335
0.00833335
0.00833335
0.00833335
0.00833335
0.00833335
0.00833335
0.00833335
0.00833335
0.00833335
0.00833335
0.00833335
0.00833335
0.00833335
0.00833335
0.00833335
0.00833335
0.00833335
0.00833335
0.00833299
0.00830005
0.00937608
0.00826364
0.0001
0.0001
0.0001
0.0001
0.0001
0.0001
0.0001
0.0001
0.0001
0.0001
0.0001
0.0001
0.0001
0.0001
0.0001
0.0001
0.0001
0.0001
0.0001
0.0001
0.0001
0.0001
0.0001
0.0001
0.0001
0.0001
0.0001
0.0001
0.0001
0.0001
0.0001
0.0001
0.0001
0.0001
0.00833335
0.00833335
0.00833335
0.00833335
0.00833335
0.00833335
0.00833335
0.00833335
0.00833335
0.00833335
0.00833335
0.00833335
0.00833335
0.00833335
0.00833335
0.00833335
0.00833335
0.00833335
0.00833335
0.00833335
0.00833335
0.00833335
0.00833335
0.00833335
0.00833335
0.00833335
0.00833335
0.00833335
0.00833335
0.00833335
0.00833335
0.00833335
0.00833335
0.00833335
0.00833335
0.00833335
0.00833335
0.00833335
0.00833335
0.00833335
0.00833335
0.00833335
0.00833335
0.00833335
0.00833335
0.00833335
0.00833335
0.00833335
0.00833335
0.00833335
0.00833335
0.00833335
0.00833335
0.00833335
0.00833335
0.00833335
0.00833335
0.00833335
0.00833337
0.00833461
0.00834247
0.00769674
0.0001
0.0001
0.0001
0.0001
0.0001
0.0001
0.0001
0.0001
0.0001
0.0001
0.0001
0.0001
0.0001
0.0001
0.0001
0.0001
0.0001
0.0001
0.0001
0.0001
0.0001
0.0001
0.0001
0.0001
0.0001
0.0001
0.0001
0.0001
0.0001
0.0001
0.0001
0.0001
0.0001
0.0001
0.00833335
0.00833335
0.00833335
0.00833335
0.00833335
0.00833335
0.00833335
0.00833335
0.00833335
0.00833335
0.00833335
0.00833335
0.00833335
0.00833335
0.00833335
0.00833335
0.00833335
0.00833335
0.00833335
0.00833335
0.00833335
0.00833335
0.00833335
0.00833335
0.00833335
0.00833335
0.00833335
0.00833335
0.00833335
0.00833335
0.00833335
0.00833335
0.00833335
0.00833335
0.00833335
0.00833335
0.00833335
0.00833335
0.00833335
0.00833335
0.00833335
0.00833335
0.00833335
0.00833335
0.00833335
0.00833335
0.00833335
0.00833335
0.00833335
0.00833335
0.00833335
0.00833335
0.00833335
0.00833335
0.00833335
0.00833335
0.00833335
0.00833335
0.00833358
0.00833361
0.0083321
0.00893596
0.0001
0.0001
0.0001
0.0001
0.0001
0.0001
0.0001
0.0001
0.0001
0.0001
0.0001
0.0001
0.0001
0.0001
0.0001
0.0001
0.0001
0.0001
0.0001
0.0001
0.0001
0.0001
0.0001
0.0001
0.0001
0.0001
0.0001
0.0001
0.0001
0.0001
0.0001
0.0001
0.0001
0.0001
0.00833335
0.00833335
0.00833335
0.00833335
0.00833335
0.00833335
0.00833335
0.00833335
0.00833335
0.00833335
0.00833335
0.00833335
0.00833335
0.00833335
0.00833335
0.00833335
0.00833335
0.00833335
0.00833335
0.00833335
0.00833335
0.00833335
0.00833335
0.00833335
0.00833335
0.00833335
0.00833335
0.00833335
0.00833335
0.00833335
0.00833335
0.00833335
0.00833335
0.00833335
0.00833335
0.00833335
0.00833335
0.00833335
0.00833335
0.00833335
0.00833335
0.00833335
0.00833335
0.00833335
0.00833335
0.00833335
0.00833335
0.00833335
0.00833335
0.00833335
0.00833335
0.00833335
0.00833335
0.00833335
0.00833335
0.00833335
0.00833335
0.00833342
0.00832511
0.00834225
0.00835106
0.00833337
0.0001
0.0001
0.0001
0.0001
0.0001
0.0001
0.0001
0.0001
0.0001
0.0001
0.0001
0.0001
0.0001
0.0001
0.0001
0.0001
0.0001
0.0001
0.0001
0.0001
0.0001
0.0001
0.0001
0.0001
0.0001
0.0001
0.0001
0.0001
0.0001
0.0001
0.0001
0.0001
0.0001
0.0001
0.00833335
0.00833335
0.00833335
0.00833335
0.00833335
0.00833335
0.00833335
0.00833335
0.00833335
0.00833335
0.00833335
0.00833335
0.00833335
0.00833335
0.00833335
0.00833335
0.00833335
0.00833335
0.00833335
0.00833335
0.00833335
0.00833335
0.00833335
0.00833335
0.00833335
0.00833335
0.00833335
0.00833335
0.00833335
0.00833335
0.00833335
0.00833335
0.00833335
0.00833335
0.00833335
0.00833335
0.00833335
0.00833335
0.00833335
0.00833335
0.00833335
0.00833335
0.00833335
0.00833335
0.00833335
0.00833335
0.00833335
0.00833335
0.00833335
0.00833335
0.00833335
0.00833335
0.00833335
0.00833335
0.00833335
0.00833335
0.00833335
0.00833335
0.00833321
0.0083347
0.00831351
0.00832121
0.00834533
0.00834847
0.00833587
0.00830842
0.00833352
0.0001
0.0001
0.0001
0.0001
0.0001
0.0001
0.0001
0.0001
0.0001
0.0001
0.0001
0.0001
0.0001
0.0001
0.0001
0.0001
0.0001
0.0001
0.0001
0.0001
0.0001
0.0001
0.0001
0.0001
0.0001
0.0001
0.0001
0.0001
0.0001
0.00833335
0.00833335
0.00833335
0.00833335
0.00833335
0.00833335
0.00833335
0.00833335
0.00833335
0.00833335
0.00833335
0.00833335
0.00833335
0.00833335
0.00833335
0.00833335
0.00833335
0.00833335
0.00833335
0.00833335
0.00833335
0.00833335
0.00833335
0.00833335
0.00833335
0.00833335
0.00833335
0.00833335
0.00833335
0.00833335
0.00833335
0.00833335
0.00833335
0.00833335
0.00833335
0.00833335
0.00833335
0.00833335
0.00833335
0.00833335
0.00833335
0.00833335
0.00833335
0.00833335
0.00833335
0.00833335
0.00833335
0.00833335
0.00833335
0.00833335
0.00833335
0.00833335
0.00833335
0.00833335
0.00833335
0.00833335
0.00833335
0.00833337
0.00833291
0.00833319
0.00833801
0.00881962
0.0082333
0.00839728
0.00838408
0.00828357
0.00829625
0.00834828
0.0083311
0.00830568
0.00833323
0.00833334
0.00833558
0.00833331
0.0001
0.0001
0.0001
0.0001
0.0001
0.0001
0.00833536
0.00833198
0.0001
0.0001
0.0001
0.00833347
0.00833358
0.0001
0.0001
0.0001
0.0001
0.0001
0.0001
0.0001
0.0001
0.0001
0.00833335
0.00833335
0.00833335
0.00833335
0.00833335
0.00833335
0.00833335
0.00833335
0.00833335
0.00833335
0.00833335
0.00833335
0.00833335
0.00833335
0.00833335
0.00833335
0.00833335
0.00833335
0.00833335
0.00833335
0.00833335
0.00833335
0.00833335
0.00833335
0.00833335
0.00833335
0.00833335
0.00833335
0.00833335
0.00833335
0.00833335
0.00833335
0.00833335
0.00833335
0.00833335
0.00833335
0.00833335
0.00833335
0.00833335
0.00833335
0.00833335
0.00833335
0.00833335
0.00833335
0.00833335
0.00833335
0.00833335
0.00833335
0.00833335
0.00833335
0.00833335
0.00833335
0.00833335
0.00833335
0.00833335
0.00833335
0.00833335
0.00833306
0.00833858
0.00832769
0.00830303
0.00865957
0.00725854
0.00909706
0.00825512
0.00844568
0.00823703
0.00832196
0.00840845
0.00825436
0.00833281
0.00831222
0.00834379
0.00806688
0.00885564
0.00790563
0.00824274
0.00825045
0.00770444
0.00858565
0.00681496
0.00927101
0.00874208
0.00851669
0.01
0.00830843
0.0083252
0.0083423
0.00832973
0.00833358
0.0001
0.0001
0.0001
0.0001
0.0001
0.0001
0.00833335
0.00833335
0.00833335
0.00833335
0.00833335
0.00833335
0.00833335
0.00833335
0.00833335
0.00833335
0.00833335
0.00833335
0.00833335
0.00833335
0.00833335
0.00833335
0.00833335
0.00833335
0.00833335
0.00833335
0.00833335
0.00833335
0.00833335
0.00833335
0.00833335
0.00833335
0.00833335
0.00833335
0.00833335
0.00833335
0.00833335
0.00833335
0.00833335
0.00833335
0.00833335
0.00833335
0.00833335
0.00833335
0.00833335
0.00833335
0.00833335
0.00833335
0.00833335
0.00833335
0.00833335
0.00833335
0.00833335
0.00833335
0.00833335
0.00833335
0.00833335
0.00833335
0.00833335
0.00833335
0.00833335
0.00833335
0.00833335
0.00833331
0.00832976
0.00833712
0.0083331
0.0087326
0.00833766
0.00833322
0.00846532
0.00820037
0.00837007
0.00841076
0.00832137
0.00832734
0.00833334
0.00812215
0.00851359
0.00854091
0.00761121
0.00926896
0.01
0.00828989
0.00832421
0.00833339
0.00820352
0.0077865
0.00815492
0.00790255
0.00857173
0.00842878
0.00838476
0.00847073
0.00831998
0.00833666
0.0001
0.0001
0.0001
0.0001
0.0001
0.0001
0.00833335
0.00833335
0.00833335
0.00833335
0.00833335
0.00833335
0.00833335
0.00833335
0.00833335
0.00833335
0.00833335
0.00833335
0.00833335
0.00833335
0.00833335
0.00833335
0.00833335
0.00833335
0.00833335
0.00833335
0.00833335
0.00833335
0.00833335
0.00833335
0.00833335
0.00833335
0.00833335
0.00833335
0.00833335
0.00833335
0.00833335
0.00833335
0.00833335
0.00833335
0.00833335
0.00833335
0.00833335
0.00833335
0.00833335
0.00833335
0.00833335
0.00833335
0.00833335
0.00833335
0.00833335
0.00833335
0.00833335
0.00833335
0.00833335
0.00833335
0.00833335
0.00833335
0.00833335
0.00833335
0.00833335
0.00833335
0.00833335
0.00833335
0.00832899
0.00833868
0.00830952
0.00833479
0.00833739
0.00832899
0.00825265
0.0087133
0.0083049
0.00856052
0.0081636
0.00839319
0.00833285
0.00835349
0.00830743
0.0083649
0.00820329
0.00474384
0.01
0.00832394
0.00825682
0.0079797
0.00900574
0.00838837
0.00832467
0.00833256
0.00832001
0.00833258
0.00833337
0.00833336
0.00833317
0.0001
0.00833331
0.00833351
0.0001
0.0001
0.0001
0.0001
0.00833335
0.00833335
0.00833335
0.00833335
0.00833335
0.00833335
0.00833335
0.00833335
0.00833335
0.00833335
0.00833335
0.00833335
0.00833335
0.00833335
0.00833335
0.00833335
0.00833335
0.00833335
0.00833335
0.00833335
0.00833335
0.00833335
0.00833335
0.00833335
0.00833335
0.00833335
0.00833335
0.00833335
0.00833335
0.00833335
0.00833335
0.00833335
0.00833335
0.00833335
0.00833335
0.00833335
0.00833335
0.00833335
0.00833335
0.00833335
0.00833335
0.00833335
0.00833335
0.00833335
0.00833335
0.00833335
0.00833335
0.00833335
0.00833335
0.00833335
0.00833335
0.00833335
0.00833335
0.00833335
0.00833335
0.00833335
0.00833335
0.00833335
0.00833337
0.00830126
0.00932645
0.00827157
0.00833327
0.00833935
0.00830473
0.0081653
0.00857261
0.00828284
0.00723724
0.01
0.00630577
0.00833887
0.00833216
0.00832343
0.00833776
0.00845017
0.00586719
0.00825434
0.0083335
0.0083333
0.00830254
0.0001
0.0001
0.0001
0.0001
0.0001
0.0001
0.0001
0.0001
0.0001
0.0001
0.0001
0.0001
0.0001
0.0001
0.0001
0.00833335
0.00833335
0.00833335
0.00833335
0.00833335
0.00833335
0.00833335
0.00833335
0.00833335
0.00833335
0.00833335
0.00833335
0.00833335
0.00833335
0.00833335
0.00833335
0.00833335
0.00833335
0.00833335
0.00833335
0.00833335
0.00833335
0.00833335
0.00833335
0.00833335
0.00833335
0.00833335
0.00833335
0.00833335
0.00833335
0.00833335
0.00833335
0.00833335
0.00833335
0.00833335
0.00833335
0.00833335
0.00833335
0.00833335
0.00833335
0.00833335
0.00833335
0.00833335
0.00833335
0.00833335
0.00833335
0.00833335
0.00833335
0.00833335
0.00833335
0.00833335
0.00833335
0.00833335
0.00833335
0.00833335
0.00833335
0.00833335
0.00833335
0.00833307
0.00836499
0.00757954
0.00833337
0.00833956
0.00859263
0.00811275
0.00834768
0.00832266
0.00833337
0.00833682
0.00791901
0.00836291
0.00830399
0.00834033
0.00832955
0.00827695
0.00833504
0.00833152
0.00833333
0.0001
0.0001
0.0001
0.0001
0.0001
0.0001
0.0001
0.0001
0.0001
0.0001
0.0001
0.0001
0.0001
0.0001
0.0001
0.0001
0.0001
0.0001
0.00833335
0.00833335
0.00833335
0.00833335
0.00833335
0.00833335
0.00833335
0.00833335
0.00833335
0.00833335
0.00833335
0.00833335
0.00833335
0.00833335
0.00833335
0.00833335
0.00833335
0.00833335
0.00833335
0.00833335
0.00833335
0.00833335
0.00833335
0.00833335
0.00833335
0.00833335
0.00833335
0.00833335
0.00833335
0.00833335
0.00833335
0.00833335
0.00833335
0.00833335
0.00833335
0.00833335
0.00833335
0.00833335
0.00833335
0.00833335
0.00833335
0.00833335
0.00833335
0.00833335
0.00833335
0.00833335
0.00833335
0.00833335
0.00833335
0.00833335
0.00833335
0.00833335
0.00833335
0.00833335
0.00833335
0.00833335
0.00833335
0.00833335
0.00833335
0.00833438
0.00835493
0.00740822
0.0001
0.0001
0.0001
0.00833736
0.00833334
0.0001
0.0001
0.00833337
0.00833554
0.0001
0.0001
0.0083333
0.00833343
0.0001
0.0001
0.0001
0.0001
0.0001
0.0001
0.0001
0.0001
0.0001
0.0001
0.0001
0.0001
0.0001
0.0001
0.0001
0.0001
0.0001
0.0001
0.0001
0.0001
0.0001
0.00833335
0.00833335
0.00833335
0.00833335
0.00833335
0.00833335
0.00833335
0.00833335
0.00833335
0.00833335
0.00833335
0.00833335
0.00833335
0.00833335
0.00833335
0.00833335
0.00833335
0.00833335
0.00833335
0.00833335
0.00833335
0.00833335
0.00833335
0.00833335
0.00833335
0.00833335
0.00833335
0.00833335
0.00833335
0.00833335
0.00833335
0.00833335
0.00833335
0.00833335
0.00833335
0.00833335
0.00833335
0.00833335
0.00833335
0.00833335
0.00833335
0.00833335
0.00833335
0.00833335
0.00833335
0.00833335
0.00833335
0.00833335
0.00833335
0.00833335
0.00833335
0.00833335
0.00833335
0.00833335
0.00833335
0.00833335
0.00833335
0.00833323
0.00833337
0.00833334
0.00832888
0.00927587
0.0001
0.0001
0.0001
0.0001
0.0001
0.0001
0.0001
0.0001
0.0001
0.0001
0.0001
0.0001
0.0001
0.0001
0.0001
0.0001
0.0001
0.0001
0.0001
0.0001
0.0001
0.0001
0.0001
0.0001
0.0001
0.0001
0.0001
0.0001
0.0001
0.0001
0.0001
0.0001
0.0001
0.0001
0.00833335
0.00833335
0.00833335
0.00833335
0.00833335
0.00833335
0.00833335
0.00833335
0.00833335
0.00833335
0.00833335
0.00833335
0.00833335
0.00833335
0.00833335
0.00833335
0.00833335
0.00833335
0.00833335
0.00833335
0.00833335
0.00833335
0.00833335
0.00833335
0.00833335
0.00833335
0.00833335
0.00833335
0.00833335
0.00833335
0.00833335
0.00833335
0.00833335
0.00833335
0.00833335
0.00833335
0.00833335
0.00833335
0.00833335
0.00833335
0.00833335
0.00833335
0.00833335
0.00833335
0.00833335
0.00833335
0.00833335
0.00833335
0.00833335
0.00833335
0.00833335
0.00833335
0.00833335
0.00833335
0.00833335
0.00833335
0.00833335
0.00833335
0.00832762
0.00833927
0.00833948
0.00732758
0.0001
0.0001
0.0001
0.0001
0.0001
0.0001
0.0001
0.0001
0.0001
0.0001
0.0001
0.0001
0.0001
0.0001
0.0001
0.0001
0.0001
0.0001
0.0001
0.0001
0.0001
0.0001
0.0001
0.0001
0.0001
0.0001
0.0001
0.0001
0.0001
0.0001
0.0001
0.0001
0.0001
0.0001
0.00833335
0.00833335
0.00833335
0.00833335
0.00833335
0.00833335
0.00833335
0.00833335
0.00833335
0.00833335
0.00833335
0.00833335
0.00833335
0.00833335
0.00833335
0.00833335
0.00833335
0.00833335
0.00833335
0.00833335
0.00833335
0.00833335
0.00833335
0.00833335
0.00833335
0.00833335
0.00833335
0.00833335
0.00833335
0.00833335
0.00833335
0.00833335
0.00833335
0.00833335
0.00833335
0.00833335
0.00833335
0.00833335
0.00833335
0.00833335
0.00833335
0.00833335
0.00833335
0.00833335
0.00833335
0.00833335
0.00833335
0.00833335
0.00833335
0.00833335
0.00833335
0.00833335
0.00833335
0.00833335
0.00833335
0.00833335
0.00833335
0.00833333
0.00833322
0.00833416
0.00834546
0.00833351
0.0001
0.0001
0.0001
0.0001
0.0001
0.0001
0.0001
0.0001
0.0001
0.0001
0.0001
0.0001
0.0001
0.0001
0.0001
0.0001
0.0001
0.0001
0.0001
0.0001
0.0001
0.0001
0.0001
0.0001
0.0001
0.0001
0.0001
0.0001
0.0001
0.0001
0.0001
0.0001
0.0001
0.0001
0.00833335
0.00833335
0.00833335
0.00833335
0.00833335
0.00833335
0.00833335
0.00833335
0.00833335
0.00833335
0.00833335
0.00833335
0.00833335
0.00833335
0.00833335
0.00833335
0.00833335
0.00833335
0.00833335
0.00833335
0.00833335
0.00833335
0.00833335
0.00833335
0.00833335
0.00833335
0.00833335
0.00833335
0.00833335
0.00833335
0.00833335
0.00833335
0.00833335
0.00833335
0.00833335
0.00833335
0.00833335
0.00833335
0.00833335
0.00833335
0.00833335
0.00833335
0.00833335
0.00833335
0.00833335
0.00833335
0.00833335
0.00833335
0.00833335
0.00833335
0.00833335
0.00833335
0.00833335
0.00833335
0.00833335
0.00833335
0.00833335
0.00833353
0.00832352
0.00830415
0.00914257
0.00920127
0.0001
0.0001
0.0001
0.0001
0.0001
0.0001
0.0001
0.0001
0.0001
0.0001
0.0001
0.0001
0.0001
0.0001
0.0001
0.0001
0.0001
0.0001
0.0001
0.0001
0.0001
0.0001
0.0001
0.0001
0.0001
0.0001
0.0001
0.0001
0.0001
0.0001
0.0001
0.0001
0.0001
0.0001
)
;

boundaryField
{
    outlet
    {
        type            zeroGradient;
    }
    inlet
    {
        type            fixedValue;
        value           uniform 0.005;
    }
    walls
    {
        type            zeroGradient;
    }
}


// ************************************************************************* //
