/*--------------------------------*- C++ -*----------------------------------*\
| =========                 |                                                 |
| \\      /  F ield         | OpenFOAM: The Open Source CFD Toolbox           |
|  \\    /   O peration     | Version:  2.3.0                                 |
|   \\  /    A nd           | Web:      www.OpenFOAM.org                      |
|    \\/     M anipulation  |                                                 |
\*---------------------------------------------------------------------------*/
FoamFile
{
    version     2.0;
    format      ascii;
    class       volScalarField;
    location    "44";
    object      p;
}
// * * * * * * * * * * * * * * * * * * * * * * * * * * * * * * * * * * * * * //

dimensions      [1 -1 -2 0 0 0 0];

internalField   nonuniform List<scalar> 
6144
(
100000
100000
100000
100000
100001
100001
100001
100001
100001
100001
100002
100002
100002
100002
100002
100002
100002
100003
100003
100003
100003
100003
100003
100003
100004
100004
100004
100004
100004
100004
100004
100005
100005
100005
100005
100005
100005
100005
100006
100006
100006
100006
100006
100006
100006
100007
100007
100007
100007
100007
100007
100007
100008
100008
100008
100008
100008
100008
100009
100010
100039
100223
100322
100444
100567
100689
100812
100934
101057
101181
101306
101432
101560
101688
101816
101945
102073
102201
102328
102454
102580
102706
102832
102958
103084
103210
103336
103462
103588
103713
103839
103965
104090
104216
104343
104469
100000
100000
100000
100000
100001
100001
100001
100001
100001
100001
100002
100002
100002
100002
100002
100002
100002
100003
100003
100003
100003
100003
100003
100003
100004
100004
100004
100004
100004
100004
100004
100005
100005
100005
100005
100005
100005
100005
100006
100006
100006
100006
100006
100006
100006
100007
100007
100007
100007
100007
100007
100007
100008
100008
100008
100008
100008
100008
100009
100010
100035
100216
100313
100443
100565
100688
100811
100933
101056
101180
101305
101431
101559
101687
101815
101944
102072
102200
102327
102453
102579
102706
102832
102958
103084
103210
103336
103462
103588
103713
103839
103964
104090
104216
104342
104469
100000
100000
100000
100000
100001
100001
100001
100001
100001
100001
100002
100002
100002
100002
100002
100002
100002
100003
100003
100003
100003
100003
100003
100003
100004
100004
100004
100004
100004
100004
100004
100005
100005
100005
100005
100005
100005
100005
100006
100006
100006
100006
100006
100006
100006
100007
100007
100007
100007
100007
100007
100007
100008
100008
100008
100008
100008
100008
100008
100010
100033
100212
100309
100444
100564
100687
100810
100933
101055
101179
101304
101430
101557
101686
101814
101943
102071
102199
102327
102453
102579
102706
102832
102958
103084
103210
103336
103462
103588
103713
103839
103964
104090
104216
104342
104469
100000
100000
100000
100000
100001
100001
100001
100001
100001
100001
100002
100002
100002
100002
100002
100002
100002
100003
100003
100003
100003
100003
100003
100003
100004
100004
100004
100004
100004
100004
100004
100005
100005
100005
100005
100005
100005
100005
100006
100006
100006
100006
100006
100006
100006
100007
100007
100007
100007
100007
100007
100007
100008
100008
100008
100008
100008
100008
100008
100010
100034
100211
100308
100442
100562
100687
100809
100931
101053
101177
101302
101429
101556
101684
101813
101942
102070
102198
102326
102452
102579
102706
102832
102958
103084
103210
103336
103462
103588
103713
103839
103964
104090
104216
104342
104469
100000
100000
100000
100000
100001
100001
100001
100001
100001
100001
100002
100002
100002
100002
100002
100002
100002
100003
100003
100003
100003
100003
100003
100003
100004
100004
100004
100004
100004
100004
100004
100005
100005
100005
100005
100005
100005
100005
100006
100006
100006
100006
100006
100006
100006
100007
100007
100007
100007
100007
100007
100007
100008
100008
100008
100008
100008
100008
100008
100010
100040
100209
100311
100441
100562
100685
100807
100929
101052
101176
101301
101428
101555
101683
101812
101941
102070
102197
102325
102452
102579
102705
102831
102957
103084
103210
103336
103461
103587
103713
103839
103964
104090
104216
104343
104469
100000
100000
100000
100000
100001
100001
100001
100001
100001
100001
100002
100002
100002
100002
100002
100002
100002
100003
100003
100003
100003
100003
100003
100003
100004
100004
100004
100004
100004
100004
100004
100005
100005
100005
100005
100005
100005
100005
100006
100006
100006
100006
100006
100006
100006
100007
100007
100007
100007
100007
100007
100007
100008
100008
100008
100008
100008
100008
100008
100010
100050
100208
100316
100440
100563
100685
100807
100929
101052
101176
101302
101428
101555
101683
101812
101940
102069
102196
102324
102451
102578
102704
102830
102957
103083
103209
103335
103461
103587
103713
103838
103964
104090
104216
104343
104469
100000
100000
100000
100000
100001
100001
100001
100001
100001
100001
100002
100002
100002
100002
100002
100002
100002
100003
100003
100003
100003
100003
100003
100003
100004
100004
100004
100004
100004
100004
100004
100005
100005
100005
100005
100005
100005
100005
100006
100006
100006
100006
100006
100006
100006
100007
100007
100007
100007
100007
100007
100007
100008
100008
100008
100008
100008
100008
100008
100010
100062
100205
100318
100441
100563
100685
100808
100930
101053
101177
101303
101429
101556
101684
101812
101941
102068
102196
102323
102450
102576
102702
102829
102956
103083
103209
103335
103461
103586
103712
103838
103964
104090
104217
104343
104470
100000
100000
100000
100000
100001
100001
100001
100001
100001
100001
100002
100002
100002
100002
100002
100002
100002
100003
100003
100003
100003
100003
100003
100003
100004
100004
100004
100004
100004
100004
100004
100005
100005
100005
100005
100005
100005
100005
100006
100006
100006
100006
100006
100006
100006
100007
100007
100007
100007
100007
100007
100007
100008
100008
100008
100008
100008
100008
100008
100010
100055
100203
100316
100439
100563
100686
100809
100933
101057
101182
101308
101433
101559
101686
101814
101942
102068
102194
102320
102447
102573
102701
102828
102955
103081
103208
103334
103460
103585
103711
103837
103964
104090
104216
104343
104470
100000
100000
100000
100000
100001
100001
100001
100001
100001
100001
100002
100002
100002
100002
100002
100002
100002
100003
100003
100003
100003
100003
100003
100003
100004
100004
100004
100004
100004
100004
100004
100005
100005
100005
100005
100005
100005
100005
100006
100006
100006
100006
100006
100006
100006
100007
100007
100007
100007
100007
100007
100007
100008
100008
100008
100008
100008
100008
100008
100010
100044
100201
100311
100437
100562
100686
100811
100936
101061
101186
101312
101438
101564
101690
101817
101943
102069
102194
102319
102445
102572
102699
102826
102953
103080
103207
103333
103459
103585
103711
103837
103963
104089
104216
104342
104469
100000
100000
100000
100000
100001
100001
100001
100001
100001
100001
100001
100002
100002
100002
100002
100002
100002
100003
100003
100003
100003
100003
100003
100003
100004
100004
100004
100004
100004
100004
100004
100005
100005
100005
100005
100005
100005
100005
100006
100006
100006
100006
100006
100006
100006
100007
100007
100007
100007
100007
100007
100007
100008
100008
100008
100008
100008
100008
100008
100010
100033
100202
100306
100436
100561
100687
100812
100938
101063
101189
101316
101442
101568
101693
101819
101944
102069
102194
102319
102444
102570
102697
102824
102951
103079
103206
103332
103458
103584
103710
103836
103963
104089
104216
104342
104469
100000
100000
100000
100000
100001
100001
100001
100001
100001
100001
100001
100002
100002
100002
100002
100002
100002
100003
100003
100003
100003
100003
100003
100003
100004
100004
100004
100004
100004
100004
100004
100005
100005
100005
100005
100005
100005
100005
100006
100006
100006
100006
100006
100006
100006
100007
100007
100007
100007
100007
100007
100007
100008
100008
100008
100008
100008
100008
100008
100010
100026
100203
100302
100436
100560
100687
100813
100939
101065
101191
101317
101444
101570
101695
101821
101945
102070
102194
102318
102443
102568
102695
102822
102950
103077
103204
103332
103458
103584
103709
103835
103962
104089
104215
104342
104468
100000
100000
100000
100000
100001
100001
100001
100001
100001
100001
100001
100002
100002
100002
100002
100002
100002
100003
100003
100003
100003
100003
100003
100003
100004
100004
100004
100004
100004
100004
100004
100005
100005
100005
100005
100005
100005
100005
100006
100006
100006
100006
100006
100006
100006
100007
100007
100007
100007
100007
100007
100007
100008
100008
100008
100008
100008
100008
100008
100009
100022
100203
100296
100436
100560
100688
100814
100940
101066
101192
101318
101445
101571
101697
101822
101946
102070
102194
102317
102442
102567
102694
102821
102948
103076
103204
103331
103458
103583
103709
103835
103961
104088
104215
104342
104469
100000
100000
100000
100000
100001
100001
100001
100001
100001
100001
100001
100002
100002
100002
100002
100002
100002
100003
100003
100003
100003
100003
100003
100003
100004
100004
100004
100004
100004
100004
100004
100005
100005
100005
100005
100005
100005
100005
100006
100006
100006
100006
100006
100006
100006
100007
100007
100007
100007
100007
100007
100007
100008
100008
100008
100008
100008
100008
100008
100009
100021
100202
100293
100440
100559
100690
100815
100941
101067
101192
101318
101445
101571
101697
101822
101947
102071
102194
102317
102441
102566
102692
102820
102948
103076
103203
103330
103457
103583
103709
103834
103961
104088
104215
104342
104469
100000
100000
100000
100000
100001
100001
100001
100001
100001
100001
100001
100002
100002
100002
100002
100002
100002
100003
100003
100003
100003
100003
100003
100003
100004
100004
100004
100004
100004
100004
100004
100005
100005
100005
100005
100005
100005
100005
100006
100006
100006
100006
100006
100006
100006
100007
100007
100007
100007
100007
100007
100007
100008
100008
100008
100008
100008
100008
100008
100009
100021
100205
100295
100440
100560
100690
100816
100942
101068
101193
101319
101445
101571
101697
101822
101947
102071
102195
102318
102441
102566
102692
102820
102948
103075
103203
103330
103457
103583
103708
103834
103960
104087
104215
104342
104469
100000
100000
100000
100000
100001
100001
100001
100001
100001
100001
100001
100002
100002
100002
100002
100002
100002
100003
100003
100003
100003
100003
100003
100003
100004
100004
100004
100004
100004
100004
100004
100005
100005
100005
100005
100005
100005
100005
100006
100006
100006
100006
100006
100006
100006
100007
100007
100007
100007
100007
100007
100007
100008
100008
100008
100008
100008
100008
100008
100010
100022
100206
100301
100439
100561
100689
100815
100942
101068
101194
101319
101445
101571
101697
101822
101947
102072
102195
102319
102442
102567
102693
102820
102948
103076
103203
103330
103457
103583
103708
103834
103960
104087
104215
104342
104468
100000
100000
100000
100000
100001
100001
100001
100001
100001
100001
100001
100002
100002
100002
100002
100002
100002
100003
100003
100003
100003
100003
100003
100003
100004
100004
100004
100004
100004
100004
100004
100005
100005
100005
100005
100005
100005
100005
100006
100006
100006
100006
100006
100006
100006
100007
100007
100007
100007
100007
100007
100007
100008
100008
100008
100008
100008
100008
100008
100009
100025
100209
100306
100438
100563
100689
100815
100942
101068
101194
101320
101446
101572
101697
101823
101948
102073
102197
102320
102444
102568
102694
102821
102948
103076
103203
103330
103457
103583
103708
103833
103960
104087
104215
104342
104468
100000
100000
100000
100000
100001
100001
100001
100001
100001
100001
100002
100002
100002
100002
100002
100002
100002
100003
100003
100003
100003
100003
100003
100003
100004
100004
100004
100004
100004
100004
100004
100005
100005
100005
100005
100005
100005
100005
100006
100006
100006
100006
100006
100006
100006
100007
100007
100007
100007
100007
100007
100007
100008
100008
100008
100008
100008
100008
100009
100010
100038
100219
100319
100443
100567
100689
100812
100934
101057
101181
101306
101432
101559
101687
101816
101944
102073
102200
102327
102454
102579
102705
102832
102958
103084
103210
103336
103462
103588
103713
103839
103965
104090
104217
104343
104469
100000
100000
100000
100000
100001
100001
100001
100001
100001
100001
100002
100002
100002
100002
100002
100002
100002
100003
100003
100003
100003
100003
100003
100003
100004
100004
100004
100004
100004
100004
100004
100005
100005
100005
100005
100005
100005
100005
100006
100006
100006
100006
100006
100006
100006
100007
100007
100007
100007
100007
100007
100007
100008
100008
100008
100008
100008
100008
100009
100011
100035
100214
100307
100445
100566
100688
100810
100933
101056
101179
101304
101431
101558
101686
101815
101943
102072
102200
102327
102453
102579
102705
102832
102958
103084
103210
103336
103462
103587
103713
103839
103964
104090
104216
104342
104469
100000
100000
100000
100000
100001
100001
100001
100001
100001
100001
100002
100002
100002
100002
100002
100002
100002
100003
100003
100003
100003
100003
100003
100003
100004
100004
100004
100004
100004
100004
100004
100005
100005
100005
100005
100005
100005
100005
100006
100006
100006
100006
100006
100006
100006
100007
100007
100007
100007
100007
100007
100007
100008
100008
100008
100008
100008
100008
100009
100010
100035
100210
100307
100445
100564
100687
100810
100932
101054
101178
101303
101429
101556
101685
101813
101942
102071
102199
102326
102452
102579
102706
102832
102958
103084
103210
103336
103462
103587
103713
103838
103964
104089
104216
104342
104468
100000
100000
100000
100000
100001
100001
100001
100001
100001
100001
100002
100002
100002
100002
100002
100002
100002
100003
100003
100003
100003
100003
100003
100003
100004
100004
100004
100004
100004
100004
100004
100005
100005
100005
100005
100005
100005
100005
100006
100006
100006
100006
100006
100006
100006
100007
100007
100007
100007
100007
100007
100007
100008
100008
100008
100008
100008
100008
100008
100010
100037
100208
100308
100441
100562
100686
100808
100929
101052
101176
101301
101428
101555
101683
101812
101941
102069
102198
102325
102452
102579
102706
102832
102957
103083
103209
103335
103461
103587
103713
103838
103963
104089
104216
104342
104468
100000
100000
100000
100000
100001
100001
100001
100001
100001
100001
100002
100002
100002
100002
100002
100002
100002
100003
100003
100003
100003
100003
100003
100003
100004
100004
100004
100004
100004
100004
100004
100005
100005
100005
100005
100005
100005
100005
100006
100006
100006
100006
100006
100006
100006
100007
100007
100007
100007
100007
100007
100007
100008
100008
100008
100008
100008
100008
100008
100010
100046
100204
100310
100439
100562
100685
100807
100928
101051
101175
101301
101427
101554
101682
101811
101940
102069
102197
102324
102452
102579
102706
102831
102957
103083
103209
103335
103461
103587
103712
103838
103963
104089
104215
104342
104468
100000
100000
100000
100000
100001
100001
100001
100001
100001
100001
100002
100002
100002
100002
100002
100002
100002
100003
100003
100003
100003
100003
100003
100003
100004
100004
100004
100004
100004
100004
100004
100005
100005
100005
100005
100005
100005
100005
100006
100006
100006
100006
100006
100006
100006
100007
100007
100007
100007
100007
100007
100007
100008
100008
100008
100008
100008
100008
100008
100010
100055
100201
100313
100438
100561
100684
100806
100928
101051
101176
101301
101427
101554
101682
101811
101939
102068
102196
102324
102452
102578
102704
102830
102957
103083
103209
103334
103460
103586
103712
103838
103963
104089
104215
104342
104468
100000
100000
100000
100000
100001
100001
100001
100001
100001
100001
100001
100002
100002
100002
100002
100002
100002
100003
100003
100003
100003
100003
100003
100003
100004
100004
100004
100004
100004
100004
100004
100005
100005
100005
100005
100005
100005
100005
100006
100006
100006
100006
100006
100006
100006
100007
100007
100007
100007
100007
100007
100007
100008
100008
100008
100008
100008
100008
100008
100010
100063
100198
100314
100438
100561
100684
100806
100929
101052
101176
101301
101428
101555
101683
101811
101939
102068
102196
102324
102451
102577
102703
102829
102956
103083
103208
103334
103460
103586
103711
103837
103963
104089
104215
104342
104468
100000
100000
100000
100000
100001
100001
100001
100001
100001
100001
100001
100002
100002
100002
100002
100002
100002
100003
100003
100003
100003
100003
100003
100003
100004
100004
100004
100004
100004
100004
100004
100005
100005
100005
100005
100005
100005
100005
100006
100006
100006
100006
100006
100006
100006
100007
100007
100007
100007
100007
100007
100007
100008
100008
100008
100008
100008
100008
100008
100010
100061
100195
100311
100436
100561
100685
100808
100932
101056
101181
101306
101432
101558
101685
101813
101940
102068
102195
102321
102447
102573
102698
102825
102955
103082
103206
103332
103458
103585
103711
103837
103963
104089
104215
104342
104466
100000
100000
100000
100000
100001
100001
100001
100001
100001
100001
100001
100002
100002
100002
100002
100002
100002
100003
100003
100003
100003
100003
100003
100003
100004
100004
100004
100004
100004
100004
100004
100005
100005
100005
100005
100005
100005
100005
100006
100006
100006
100006
100006
100006
100006
100007
100007
100007
100007
100007
100007
100007
100008
100008
100008
100008
100008
100008
100008
100010
100045
100195
100306
100434
100560
100685
100810
100935
101061
101186
101312
101438
101563
101689
101815
101941
102066
102191
102317
102442
102568
102695
102823
102951
103079
103205
103331
103457
103583
103709
103835
103961
104088
104215
104341
104468
100000
100000
100000
100000
100001
100001
100001
100001
100001
100001
100001
100002
100002
100002
100002
100002
100002
100003
100003
100003
100003
100003
100003
100003
100004
100004
100004
100004
100004
100004
100004
100005
100005
100005
100005
100005
100005
100005
100006
100006
100006
100006
100006
100006
100006
100007
100007
100007
100007
100007
100007
100007
100008
100008
100008
100008
100008
100008
100008
100010
100034
100199
100302
100434
100559
100685
100811
100937
101063
101189
101315
101442
101567
101693
101818
101942
102067
102191
102316
102442
102568
102694
102822
102949
103077
103204
103331
103457
103582
103708
103834
103961
104088
104215
104341
104467
100000
100000
100000
100000
100001
100001
100001
100001
100001
100001
100001
100002
100002
100002
100002
100002
100002
100003
100003
100003
100003
100003
100003
100003
100004
100004
100004
100004
100004
100004
100004
100005
100005
100005
100005
100005
100005
100005
100006
100006
100006
100006
100006
100006
100006
100007
100007
100007
100007
100007
100007
100007
100008
100008
100008
100008
100008
100008
100008
100010
100027
100201
100298
100435
100559
100686
100811
100937
101064
101191
101317
101443
101570
101695
101820
101944
102068
102192
102316
102441
102567
102693
102820
102948
103076
103203
103330
103456
103582
103707
103833
103960
104087
104214
104341
104468
100000
100000
100000
100000
100001
100001
100001
100001
100001
100001
100001
100002
100002
100002
100002
100002
100002
100003
100003
100003
100003
100003
100003
100003
100004
100004
100004
100004
100004
100004
100004
100005
100005
100005
100005
100005
100005
100005
100006
100006
100006
100006
100006
100006
100006
100007
100007
100007
100007
100007
100007
100007
100008
100008
100008
100008
100008
100008
100008
100010
100024
100201
100293
100436
100558
100687
100813
100938
101064
101191
101317
101444
101570
101696
101821
101946
102070
102193
102316
102440
102566
102692
102819
102947
103075
103203
103330
103456
103582
103707
103832
103959
104087
104214
104341
104468
100000
100000
100000
100000
100001
100001
100001
100001
100001
100001
100001
100002
100002
100002
100002
100002
100002
100003
100003
100003
100003
100003
100003
100003
100004
100004
100004
100004
100004
100004
100004
100005
100005
100005
100005
100005
100005
100005
100006
100006
100006
100006
100006
100006
100006
100007
100007
100007
100007
100007
100007
100007
100008
100008
100008
100008
100008
100008
100008
100010
100024
100202
100291
100439
100560
100688
100815
100940
101065
101191
101317
101444
101570
101697
101822
101947
102071
102194
102317
102440
102565
102692
102819
102947
103075
103203
103330
103457
103582
103706
103832
103959
104086
104214
104341
104468
100000
100000
100000
100000
100001
100001
100001
100001
100001
100001
100001
100002
100002
100002
100002
100002
100002
100003
100003
100003
100003
100003
100003
100003
100004
100004
100004
100004
100004
100004
100004
100005
100005
100005
100005
100005
100005
100005
100006
100006
100006
100006
100006
100006
100006
100007
100007
100007
100007
100007
100007
100007
100008
100008
100008
100008
100008
100008
100009
100010
100024
100203
100293
100442
100561
100688
100815
100941
101067
101192
101317
101443
101569
101696
101822
101947
102071
102195
102318
102441
102566
102692
102820
102947
103075
103203
103330
103457
103582
103706
103832
103958
104086
104214
104341
104468
100000
100000
100000
100000
100001
100001
100001
100001
100001
100001
100001
100002
100002
100002
100002
100002
100002
100003
100003
100003
100003
100003
100003
100003
100004
100004
100004
100004
100004
100004
100004
100005
100005
100005
100005
100005
100005
100005
100006
100006
100006
100006
100006
100006
100006
100007
100007
100007
100007
100007
100007
100007
100008
100008
100008
100008
100008
100008
100009
100010
100023
100204
100297
100440
100562
100688
100815
100941
101067
101193
101319
101444
101570
101695
101821
101946
102071
102195
102318
102442
102567
102693
102820
102948
103076
103203
103330
103457
103582
103706
103831
103958
104086
104214
104341
104468
100000
100000
100000
100000
100001
100001
100001
100001
100001
100001
100001
100002
100002
100002
100002
100002
100002
100003
100003
100003
100003
100003
100003
100003
100004
100004
100004
100004
100004
100004
100004
100005
100005
100005
100005
100005
100005
100005
100006
100006
100006
100006
100006
100006
100006
100007
100007
100007
100007
100007
100007
100007
100008
100008
100008
100008
100008
100008
100009
100010
100024
100207
100304
100439
100563
100689
100815
100941
101067
101193
101319
101445
101571
101696
101822
101947
102072
102196
102319
102443
102568
102694
102821
102948
103076
103203
103330
103457
103582
103706
103831
103958
104086
104215
104341
104468
100000
100000
100000
100000
100001
100001
100001
100001
100001
100001
100002
100002
100002
100002
100002
100002
100002
100003
100003
100003
100003
100003
100003
100003
100004
100004
100004
100004
100004
100004
100004
100005
100005
100005
100005
100005
100005
100005
100006
100006
100006
100006
100006
100006
100006
100007
100007
100007
100007
100007
100007
100007
100008
100008
100008
100008
100008
100008
100009
100010
100037
100217
100319
100443
100567
100690
100812
100934
101057
101181
101305
101432
101559
101687
101815
101944
102072
102200
102327
102454
102580
102706
102832
102958
103084
103210
103336
103462
103587
103713
103839
103965
104090
104217
104343
104469
100000
100000
100000
100000
100001
100001
100001
100001
100001
100001
100002
100002
100002
100002
100002
100002
100002
100003
100003
100003
100003
100003
100003
100003
100004
100004
100004
100004
100004
100004
100004
100005
100005
100005
100005
100005
100005
100005
100006
100006
100006
100006
100006
100006
100006
100007
100007
100007
100007
100007
100007
100007
100008
100008
100008
100008
100008
100008
100009
100011
100034
100212
100305
100445
100566
100688
100811
100933
101056
101179
101304
101430
101558
101686
101814
101943
102072
102200
102327
102454
102580
102706
102832
102958
103084
103210
103336
103462
103587
103713
103839
103964
104090
104216
104342
104469
100000
100000
100000
100000
100001
100001
100001
100001
100001
100001
100002
100002
100002
100002
100002
100002
100002
100003
100003
100003
100003
100003
100003
100003
100004
100004
100004
100004
100004
100004
100004
100005
100005
100005
100005
100005
100005
100005
100006
100006
100006
100006
100006
100006
100006
100007
100007
100007
100007
100007
100007
100007
100008
100008
100008
100008
100008
100008
100009
100010
100033
100210
100304
100444
100565
100688
100810
100932
101054
101177
101302
101429
101556
101684
101813
101942
102070
102199
102326
102453
102580
102706
102833
102958
103084
103210
103336
103462
103587
103713
103838
103964
104090
104216
104342
104468
100000
100000
100000
100000
100001
100001
100001
100001
100001
100001
100002
100002
100002
100002
100002
100002
100002
100003
100003
100003
100003
100003
100003
100003
100004
100004
100004
100004
100004
100004
100004
100005
100005
100005
100005
100005
100005
100005
100006
100006
100006
100006
100006
100006
100006
100007
100007
100007
100007
100007
100007
100007
100008
100008
100008
100008
100008
100008
100008
100011
100034
100207
100304
100441
100562
100687
100809
100929
101051
101175
101301
101427
101555
101683
101811
101940
102069
102198
102326
102453
102580
102707
102832
102958
103083
103209
103335
103461
103587
103713
103838
103963
104089
104215
104342
104468
100000
100000
100000
100000
100001
100001
100001
100001
100001
100001
100002
100002
100002
100002
100002
100002
100002
100003
100003
100003
100003
100003
100003
100003
100004
100004
100004
100004
100004
100004
100004
100005
100005
100005
100005
100005
100005
100005
100006
100006
100006
100006
100006
100006
100006
100007
100007
100007
100007
100007
100007
100007
100008
100008
100008
100008
100008
100008
100008
100010
100040
100202
100306
100438
100562
100686
100807
100928
101051
101175
101300
101427
101554
101682
101811
101940
102068
102197
102325
102453
102580
102706
102832
102957
103083
103209
103335
103461
103587
103712
103838
103963
104089
104215
104342
104468
100000
100000
100000
100000
100001
100001
100001
100001
100001
100001
100002
100002
100002
100002
100002
100002
100002
100003
100003
100003
100003
100003
100003
100003
100004
100004
100004
100004
100004
100004
100004
100005
100005
100005
100005
100005
100005
100005
100006
100006
100006
100006
100006
100006
100006
100007
100007
100007
100007
100007
100007
100007
100008
100008
100008
100008
100008
100008
100008
100010
100048
100198
100309
100436
100561
100684
100806
100928
101051
101175
101301
101427
101554
101682
101811
101939
102068
102197
102325
102453
102580
102705
102831
102957
103083
103209
103335
103460
103586
103712
103837
103963
104089
104215
104342
104468
100000
100000
100000
100000
100001
100001
100001
100001
100001
100001
100001
100002
100002
100002
100002
100002
100002
100003
100003
100003
100003
100003
100003
100003
100004
100004
100004
100004
100004
100004
100004
100005
100005
100005
100005
100005
100005
100005
100006
100006
100006
100006
100006
100006
100006
100007
100007
100007
100007
100007
100007
100007
100008
100008
100008
100008
100008
100008
100008
100010
100054
100194
100309
100436
100561
100684
100806
100929
101052
101177
101302
101428
101555
101683
101811
101939
102068
102196
102325
102452
102578
102704
102830
102957
103083
103208
103334
103460
103585
103711
103837
103962
104088
104215
104342
104468
100000
100000
100000
100000
100001
100001
100001
100001
100001
100001
100001
100002
100002
100002
100002
100002
100002
100003
100003
100003
100003
100003
100003
100003
100004
100004
100004
100004
100004
100004
100004
100005
100005
100005
100005
100005
100005
100005
100006
100006
100006
100006
100006
100006
100006
100007
100007
100007
100007
100007
100007
100007
100008
100008
100008
100008
100008
100008
100008
100010
100053
100192
100307
100434
100560
100684
100808
100932
101056
101181
101307
101432
101559
101685
101812
101940
102067
102195
102322
102448
102574
102699
102828
102954
103081
103206
103332
103457
103584
103710
103835
103961
104087
104214
104342
104467
100000
100000
100000
100000
100001
100001
100001
100001
100001
100001
100001
100002
100002
100002
100002
100002
100002
100003
100003
100003
100003
100003
100003
100003
100004
100004
100004
100004
100004
100004
100004
100005
100005
100005
100005
100005
100005
100005
100006
100006
100006
100006
100006
100006
100006
100007
100007
100007
100007
100007
100007
100007
100008
100008
100008
100008
100008
100008
100008
100010
100039
100193
100303
100433
100559
100684
100809
100935
101060
101186
101312
101438
101563
101689
101815
101940
102066
102192
102318
102443
102569
102695
102822
102951
103079
103205
103331
103457
103582
103708
103834
103961
104088
104215
104341
104468
100000
100000
100000
100000
100001
100001
100001
100001
100001
100001
100001
100002
100002
100002
100002
100002
100002
100003
100003
100003
100003
100003
100003
100003
100004
100004
100004
100004
100004
100004
100004
100005
100005
100005
100005
100005
100005
100005
100006
100006
100006
100006
100006
100006
100006
100007
100007
100007
100007
100007
100007
100007
100008
100008
100008
100008
100008
100008
100008
100010
100030
100197
100299
100433
100558
100685
100810
100936
101063
101189
101315
101441
101567
101692
101817
101942
102067
102191
102317
102442
102568
102695
102822
102949
103077
103204
103331
103457
103582
103707
103834
103960
104087
104214
104341
104467
100000
100000
100000
100000
100001
100001
100001
100001
100001
100001
100001
100002
100002
100002
100002
100002
100002
100003
100003
100003
100003
100003
100003
100003
100004
100004
100004
100004
100004
100004
100004
100005
100005
100005
100005
100005
100005
100005
100006
100006
100006
100006
100006
100006
100006
100007
100007
100007
100007
100007
100007
100007
100008
100008
100008
100008
100008
100008
100008
100010
100025
100199
100295
100434
100558
100685
100811
100937
101064
101191
101317
101444
101570
101695
101820
101944
102068
102192
102316
102441
102567
102693
102820
102948
103076
103204
103331
103457
103581
103706
103833
103960
104087
104214
104341
104467
100000
100000
100000
100000
100001
100001
100001
100001
100001
100001
100001
100002
100002
100002
100002
100002
100002
100003
100003
100003
100003
100003
100003
100003
100004
100004
100004
100004
100004
100004
100004
100005
100005
100005
100005
100005
100005
100005
100006
100006
100006
100006
100006
100006
100006
100007
100007
100007
100007
100007
100007
100007
100008
100008
100008
100008
100008
100008
100008
100010
100022
100199
100291
100436
100557
100686
100811
100938
101064
101191
101318
101445
101571
101697
101821
101945
102069
102192
102316
102440
102566
102692
102819
102947
103075
103203
103331
103457
103582
103706
103832
103959
104087
104214
104341
104467
100000
100000
100000
100000
100001
100001
100001
100001
100001
100001
100001
100002
100002
100002
100002
100002
100002
100003
100003
100003
100003
100003
100003
100003
100004
100004
100004
100004
100004
100004
100004
100005
100005
100005
100005
100005
100005
100005
100006
100006
100006
100006
100006
100006
100006
100007
100007
100007
100007
100007
100007
100007
100008
100008
100008
100008
100008
100008
100008
100010
100021
100201
100291
100438
100559
100686
100813
100939
101065
101191
101318
101444
101571
101697
101822
101946
102069
102193
102316
102440
102566
102692
102819
102947
103075
103203
103331
103458
103583
103706
103831
103958
104086
104214
104341
104467
100000
100000
100000
100000
100001
100001
100001
100001
100001
100001
100001
100002
100002
100002
100002
100002
100002
100003
100003
100003
100003
100003
100003
100003
100004
100004
100004
100004
100004
100004
100004
100005
100005
100005
100005
100005
100005
100005
100006
100006
100006
100006
100006
100006
100006
100007
100007
100007
100007
100007
100007
100007
100008
100008
100008
100008
100008
100008
100009
100010
100023
100204
100292
100441
100561
100687
100814
100940
101066
101192
101318
101444
101570
101697
101822
101947
102070
102194
102317
102442
102567
102693
102820
102948
103075
103204
103331
103458
103583
103706
103831
103958
104086
104214
104341
104467
100000
100000
100000
100000
100001
100001
100001
100001
100001
100001
100001
100002
100002
100002
100002
100002
100002
100003
100003
100003
100003
100003
100003
100003
100004
100004
100004
100004
100004
100004
100004
100005
100005
100005
100005
100005
100005
100005
100006
100006
100006
100006
100006
100006
100006
100007
100007
100007
100007
100007
100007
100007
100008
100008
100008
100008
100008
100008
100009
100010
100025
100204
100294
100441
100562
100688
100814
100940
101067
101193
101319
101444
101570
101696
101822
101947
102071
102195
102318
102443
102568
102694
102821
102948
103076
103204
103332
103458
103583
103707
103831
103957
104085
104214
104341
104467
100000
100000
100000
100000
100001
100001
100001
100001
100001
100001
100001
100002
100002
100002
100002
100002
100002
100003
100003
100003
100003
100003
100003
100003
100004
100004
100004
100004
100004
100004
100004
100005
100005
100005
100005
100005
100005
100005
100006
100006
100006
100006
100006
100006
100006
100007
100007
100007
100007
100007
100007
100007
100008
100008
100008
100008
100008
100008
100009
100010
100025
100206
100301
100440
100563
100688
100815
100941
101067
101193
101319
101445
101571
101696
101822
101947
102071
102195
102319
102443
102568
102694
102821
102949
103077
103204
103332
103458
103583
103706
103830
103957
104085
104214
104341
104467
100000
100000
100000
100000
100001
100001
100001
100001
100001
100001
100002
100002
100002
100002
100002
100002
100002
100003
100003
100003
100003
100003
100003
100003
100004
100004
100004
100004
100004
100004
100004
100005
100005
100005
100005
100005
100005
100005
100006
100006
100006
100006
100006
100006
100006
100007
100007
100007
100007
100007
100007
100007
100008
100008
100008
100008
100008
100008
100009
100010
100038
100224
100325
100443
100567
100690
100812
100934
101057
101180
101305
101431
101559
101687
101815
101944
102072
102200
102327
102454
102580
102706
102832
102958
103084
103210
103336
103462
103587
103713
103839
103965
104091
104217
104343
104469
100000
100000
100000
100000
100001
100001
100001
100001
100001
100001
100002
100002
100002
100002
100002
100002
100002
100003
100003
100003
100003
100003
100003
100003
100004
100004
100004
100004
100004
100004
100004
100005
100005
100005
100005
100005
100005
100005
100006
100006
100006
100006
100006
100006
100006
100007
100007
100007
100007
100007
100007
100007
100008
100008
100008
100008
100008
100008
100009
100010
100034
100217
100316
100442
100566
100689
100811
100933
101055
101179
101303
101430
101557
101685
101814
101943
102072
102200
102327
102454
102580
102706
102832
102958
103084
103210
103336
103462
103587
103713
103839
103964
104090
104216
104343
104469
100000
100000
100000
100000
100001
100001
100001
100001
100001
100001
100002
100002
100002
100002
100002
100002
100002
100003
100003
100003
100003
100003
100003
100003
100004
100004
100004
100004
100004
100004
100004
100005
100005
100005
100005
100005
100005
100005
100006
100006
100006
100006
100006
100006
100006
100007
100007
100007
100007
100007
100007
100007
100008
100008
100008
100008
100008
100008
100009
100010
100032
100213
100313
100441
100565
100688
100810
100931
101053
101176
101301
101428
101556
101684
101812
101941
102070
102199
102326
102454
102580
102707
102833
102958
103084
103210
103335
103461
103587
103713
103839
103964
104090
104216
104342
104468
100000
100000
100000
100000
100001
100001
100001
100001
100001
100001
100002
100002
100002
100002
100002
100002
100002
100003
100003
100003
100003
100003
100003
100003
100004
100004
100004
100004
100004
100004
100004
100005
100005
100005
100005
100005
100005
100005
100006
100006
100006
100006
100006
100006
100006
100007
100007
100007
100007
100007
100007
100007
100008
100008
100008
100008
100008
100008
100008
100010
100033
100210
100312
100439
100564
100688
100809
100929
101051
101175
101300
101427
101555
101683
101811
101940
102069
102198
102326
102453
102580
102707
102833
102958
103084
103209
103335
103461
103587
103713
103838
103963
104089
104215
104342
104468
100000
100000
100000
100000
100001
100001
100001
100001
100001
100001
100002
100002
100002
100002
100002
100002
100002
100003
100003
100003
100003
100003
100003
100003
100004
100004
100004
100004
100004
100004
100004
100005
100005
100005
100005
100005
100005
100005
100006
100006
100006
100006
100006
100006
100006
100007
100007
100007
100007
100007
100007
100007
100008
100008
100008
100008
100008
100008
100008
100010
100037
100207
100311
100438
100563
100687
100808
100929
101051
101175
101300
101427
101554
101682
101811
101940
102068
102197
102325
102453
102580
102707
102832
102958
103083
103209
103335
103461
103587
103712
103838
103963
104088
104215
104341
104468
100000
100000
100000
100000
100001
100001
100001
100001
100001
100001
100001
100002
100002
100002
100002
100002
100002
100003
100003
100003
100003
100003
100003
100003
100004
100004
100004
100004
100004
100004
100004
100005
100005
100005
100005
100005
100005
100005
100006
100006
100006
100006
100006
100006
100006
100007
100007
100007
100007
100007
100007
100007
100008
100008
100008
100008
100008
100008
100008
100010
100041
100204
100311
100438
100563
100686
100807
100929
101051
101176
101301
101428
101555
101683
101811
101939
102068
102196
102325
102453
102579
102705
102831
102957
103083
103209
103334
103460
103586
103712
103837
103962
104088
104215
104341
104467
100000
100000
100000
100000
100001
100001
100001
100001
100001
100001
100001
100002
100002
100002
100002
100002
100002
100003
100003
100003
100003
100003
100003
100003
100004
100004
100004
100004
100004
100004
100004
100005
100005
100005
100005
100005
100005
100005
100006
100006
100006
100006
100006
100006
100006
100007
100007
100007
100007
100007
100007
100007
100008
100008
100008
100008
100008
100008
100008
100010
100044
100201
100311
100437
100562
100685
100807
100930
101053
101178
101303
101429
101556
101684
101811
101939
102067
102195
102324
102451
102578
102704
102830
102956
103083
103208
103333
103459
103585
103711
103836
103962
104088
104215
104341
104467
100000
100000
100000
100000
100001
100001
100001
100001
100001
100001
100001
100002
100002
100002
100002
100002
100002
100003
100003
100003
100003
100003
100003
100003
100004
100004
100004
100004
100004
100004
100004
100005
100005
100005
100005
100005
100005
100005
100006
100006
100006
100006
100006
100006
100006
100007
100007
100007
100007
100007
100007
100007
100008
100008
100008
100008
100008
100008
100008
100010
100042
100199
100308
100436
100560
100684
100808
100932
101056
101182
101307
101433
101559
101686
101812
101939
102067
102194
102321
102448
102574
102700
102827
102954
103081
103206
103332
103458
103584
103710
103836
103962
104088
104215
104341
104467
100000
100000
100000
100000
100001
100001
100001
100001
100001
100001
100001
100002
100002
100002
100002
100002
100002
100003
100003
100003
100003
100003
100003
100003
100004
100004
100004
100004
100004
100004
100004
100005
100005
100005
100005
100005
100005
100005
100006
100006
100006
100006
100006
100006
100006
100007
100007
100007
100007
100007
100007
100007
100008
100008
100008
100008
100008
100008
100008
100010
100035
100199
100306
100434
100559
100685
100809
100934
101060
101186
101311
101437
101563
101689
101814
101940
102066
102192
102318
102444
102570
102696
102823
102951
103078
103205
103331
103457
103583
103709
103835
103961
104088
104215
104341
104468
100000
100000
100000
100000
100001
100001
100001
100001
100001
100001
100001
100002
100002
100002
100002
100002
100002
100003
100003
100003
100003
100003
100003
100003
100004
100004
100004
100004
100004
100004
100004
100005
100005
100005
100005
100005
100005
100005
100006
100006
100006
100006
100006
100006
100006
100007
100007
100007
100007
100007
100007
100007
100008
100008
100008
100008
100008
100008
100008
100010
100029
100201
100305
100434
100560
100685
100810
100936
101062
101188
101315
101441
101567
101692
101817
101942
102067
102192
102317
102442
102568
102695
102822
102950
103077
103204
103331
103457
103582
103708
103834
103961
104088
104215
104341
104468
100000
100000
100000
100000
100001
100001
100001
100001
100001
100001
100001
100002
100002
100002
100002
100002
100002
100003
100003
100003
100003
100003
100003
100003
100004
100004
100004
100004
100004
100004
100004
100005
100005
100005
100005
100005
100005
100005
100006
100006
100006
100006
100006
100006
100006
100007
100007
100007
100007
100007
100007
100007
100008
100008
100008
100008
100008
100008
100008
100009
100024
100201
100302
100435
100559
100686
100811
100937
101063
101190
101317
101443
101569
101695
101820
101944
102068
102192
102316
102441
102567
102693
102820
102948
103076
103204
103331
103457
103582
103707
103834
103960
104087
104214
104341
104468
100000
100000
100000
100000
100001
100001
100001
100001
100001
100001
100001
100002
100002
100002
100002
100002
100002
100003
100003
100003
100003
100003
100003
100003
100004
100004
100004
100004
100004
100004
100004
100005
100005
100005
100005
100005
100005
100005
100006
100006
100006
100006
100006
100006
100006
100007
100007
100007
100007
100007
100007
100007
100008
100008
100008
100008
100008
100008
100008
100009
100021
100201
100300
100435
100559
100686
100812
100938
101065
101191
101318
101445
101571
101697
101821
101945
102069
102191
102315
102440
102566
102692
102819
102947
103075
103203
103331
103457
103582
103707
103833
103960
104087
104214
104341
104468
100000
100000
100000
100000
100001
100001
100001
100001
100001
100001
100001
100002
100002
100002
100002
100002
100002
100003
100003
100003
100003
100003
100003
100003
100004
100004
100004
100004
100004
100004
100004
100005
100005
100005
100005
100005
100005
100005
100006
100006
100006
100006
100006
100006
100006
100007
100007
100007
100007
100007
100007
100007
100008
100008
100008
100008
100008
100008
100008
100009
100021
100203
100301
100436
100560
100686
100812
100939
101066
101192
101318
101445
101571
101698
101823
101946
102069
102192
102316
102441
102566
102692
102819
102947
103075
103203
103331
103457
103583
103707
103833
103959
104087
104214
104341
104468
100000
100000
100000
100000
100001
100001
100001
100001
100001
100001
100001
100002
100002
100002
100002
100002
100002
100003
100003
100003
100003
100003
100003
100003
100004
100004
100004
100004
100004
100004
100004
100005
100005
100005
100005
100005
100005
100005
100006
100006
100006
100006
100006
100006
100006
100007
100007
100007
100007
100007
100007
100007
100008
100008
100008
100008
100008
100008
100008
100009
100023
100205
100303
100438
100561
100687
100813
100940
101066
101192
101318
101445
101571
101697
101823
101947
102070
102193
102317
102442
102567
102693
102820
102948
103076
103204
103332
103458
103583
103707
103832
103959
104087
104214
104341
104468
100000
100000
100000
100000
100001
100001
100001
100001
100001
100001
100001
100002
100002
100002
100002
100002
100002
100003
100003
100003
100003
100003
100003
100003
100004
100004
100004
100004
100004
100004
100004
100005
100005
100005
100005
100005
100005
100005
100006
100006
100006
100006
100006
100006
100006
100007
100007
100007
100007
100007
100007
100007
100008
100008
100008
100008
100008
100008
100009
100010
100025
100207
100304
100439
100562
100687
100814
100940
101067
101193
101319
101445
101571
101697
101822
101947
102071
102195
102318
102443
102568
102694
102821
102948
103077
103205
103332
103459
103583
103707
103832
103959
104086
104214
104341
104467
100000
100000
100000
100000
100001
100001
100001
100001
100001
100001
100001
100002
100002
100002
100002
100002
100002
100003
100003
100003
100003
100003
100003
100003
100004
100004
100004
100004
100004
100004
100004
100005
100005
100005
100005
100005
100005
100005
100006
100006
100006
100006
100006
100006
100006
100007
100007
100007
100007
100007
100007
100007
100008
100008
100008
100008
100008
100008
100008
100009
100025
100209
100305
100440
100563
100688
100814
100941
101067
101193
101319
101445
101571
101697
101822
101947
102071
102195
102319
102444
102569
102695
102821
102949
103077
103205
103333
103459
103584
103707
103832
103959
104086
104214
104341
104468
)
;

boundaryField
{
    outlet
    {
        type            fixedValue;
        value           uniform 100000;
    }
    inlet
    {
        type            fixedFluxPressure;
        gradient        uniform 11.8736;
        value           uniform 104466;
    }
    walls
    {
        type            fixedFluxPressure;
        gradient        nonuniform List<scalar> 
3903
(
0
0
0
0
0
0
0
0
0
0
0
0
0
0
0
0
0
0
0
0
0
0
0
0
0
0
0
0
0
0
0
0
0
0
0
0
0
0
0
0
0
0
0
0
0
0
0
0
0
0
0
0
0
0
0
0
0
0
0
0
0
0
0
0
0
0
0
0
0
0
0
0
0
0
0
0
0
0
0
0
0
0
0
0
0
0
0
0
0
0
0
0
0
0
0
0
0
0
0
0
0
0
0
0
0
0
0
0
0
0
0
0
0
0
0
0
0
0
0
0
0
0
0
0
0
0
0
0
0
0
0
0
0
0
0
0
0
0
0
0
0
0
0
0
0
0
0
0
0
0
0
0
0
0
0
0
0
0
0
0
0
0
0
0
0
0
0
0
0
0
0
0
0
0
0
0
0
0
0
0
0
0
0
0
0
0
0
0
0
0
0
0
10075.8
0
0
0
0
0
0
0
0
0
0
0
0
0
0
0
0
0
0
0
0
0
0
0
0
0
0
0
0
0
0
0
0
0
0
0
0
0
0
0
0
0
0
0
0
0
0
0
0
0
0
0
0
0
0
0
0
0
0
0
0
0
0
0
0
0
0
0
0
0
0
0
0
0
0
0
0
0
0
0
0
0
0
0
0
0
0
0
0
0
0
0
0
0
0
0
0
10075.8
0
0
0
0
0
0
0
0
0
0
0
0
0
0
0
0
0
0
0
0
0
0
0
0
0
0
0
0
0
0
0
0
0
0
0
0
0
0
0
0
0
0
0
0
0
0
0
0
0
0
0
0
0
0
0
0
0
0
0
0
0
0
0
0
0
0
0
0
0
0
0
0
0
0
0
0
0
0
0
0
0
0
0
0
0
0
0
0
0
0
0
0
0
0
0
0
10075.8
0
0
0
0
0
0
0
0
0
0
0
0
0
0
0
0
0
0
0
0
0
0
0
0
0
0
0
0
0
0
0
0
0
0
0
0
0
0
0
0
0
0
0
0
0
0
0
0
0
0
0
0
0
0
0
0
0
0
0
0
0
0
0
0
0
0
0
0
0
0
0
0
0
0
0
0
0
0
0
0
0
0
0
0
0
0
0
0
0
0
0
0
0
0
0
0
10075.8
0
0
0
0
0
0
0
0
0
0
0
0
0
0
0
0
0
0
0
0
0
0
0
0
0
0
0
0
0
0
0
0
0
0
0
0
0
0
0
0
0
0
0
0
0
0
0
0
0
0
0
0
0
0
0
0
0
0
0
0
0
0
0
0
0
0
0
0
0
0
0
0
0
0
0
0
0
0
0
0
0
0
0
0
0
0
0
0
0
0
0
0
0
0
0
0
10075.8
0
0
0
0
0
0
0
0
0
0
0
0
0
0
0
0
0
0
0
0
0
0
0
0
0
0
0
0
0
0
0
0
0
0
0
0
0
0
0
0
0
0
0
0
0
0
0
0
0
0
0
0
0
0
0
0
0
0
0
0
0
0
0
0
0
0
0
0
0
0
0
0
0
0
0
0
0
0
0
0
0
0
0
0
0
0
0
0
0
0
0
0
0
0
0
0
10075.8
0
0
0
0
0
0
0
0
0
0
0
0
0
0
0
0
0
0
0
0
0
0
0
0
0
0
0
0
0
0
0
0
0
0
0
0
0
0
0
0
0
0
0
0
0
0
0
0
0
0
0
0
0
0
0
0
0
0
0
0
0
0
0
0
0
0
0
0
0
0
0
0
0
0
0
0
0
0
0
0
0
0
0
0
0
0
0
0
0
0
0
0
0
0
0
0
10075.6
0
0
0
0
0
0
0
0
0
0
0
0
0
0
0
0
0
0
0
0
0
0
0
0
0
0
0
0
0
0
0
0
0
0
0
0
0
0
0
0
0
0
0
0
0
0
0
0
0
0
0
0
0
0
0
0
0
0
0
0
0
0
0
0
0
0
0
0
0
0
0
0
0
0
0
0
0
0
0
0
0
0
0
0
0
0
0
0
0
0
0
0
0
0
0
0
10075.6
0
0
0
0
0
0
0
0
0
0
0
0
0
0
0
0
0
0
0
0
0
0
0
0
0
0
0
0
0
0
0
0
0
0
0
0
0
0
0
0
0
0
0
0
0
0
0
0
0
0
0
0
0
0
0
0
0
0
0
0
0
0
0
0
0
0
0
0
0
0
0
0
0
0
0
0
0
0
0
0
0
0
0
0
0
0
0
0
0
0
0
0
0
0
0
0
10075.8
0
0
0
0
0
0
0
0
0
0
0
0
0
0
0
0
0
0
0
0
0
0
0
0
0
0
0
0
0
0
0
0
0
0
0
0
0
0
0
0
0
0
0
0
0
0
0
0
0
0
0
0
0
0
0
0
0
0
0
0
0
0
0
0
0
0
0
0
0
0
0
0
0
0
0
0
0
0
0
0
0
0
0
0
0
0
0
0
0
0
0
0
0
0
0
0
10075.8
0
0
0
0
0
0
0
0
0
0
0
0
0
0
0
0
0
0
0
0
0
0
0
0
0
0
0
0
0
0
0
0
0
0
0
0
0
0
0
0
0
0
0
0
0
0
0
0
0
0
0
0
0
0
0
0
0
0
0
0
0
0
0
0
0
0
0
0
0
0
0
0
0
0
0
0
0
0
0
0
0
0
0
0
0
0
0
0
0
0
0
0
0
0
0
0
10075.8
0
0
0
0
0
0
0
0
0
0
0
0
0
0
0
0
0
0
0
0
0
0
0
0
0
0
0
0
0
0
0
0
0
0
0
0
0
0
0
0
0
0
0
0
0
0
0
0
0
0
0
0
0
0
0
0
0
0
0
0
0
0
0
0
0
0
0
0
0
0
0
0
0
0
0
0
0
0
0
0
0
0
0
0
0
0
0
0
0
0
0
0
0
0
0
0
10075.8
0
0
0
0
0
0
0
0
0
0
0
0
0
0
0
0
0
0
0
0
0
0
0
0
0
0
0
0
0
0
0
0
0
0
0
0
0
0
0
0
0
0
0
0
0
0
0
0
0
0
0
0
0
0
0
0
0
0
0
0
0
0
0
0
0
0
0
0
0
0
0
0
0
0
0
0
0
0
0
0
0
0
0
0
0
0
0
0
0
0
0
0
0
0
0
0
10075.8
0
0
0
0
0
0
0
0
0
0
0
0
0
0
0
0
0
0
0
0
0
0
0
0
0
0
0
0
0
0
0
0
0
0
0
0
0
0
0
0
0
0
0
0
0
0
0
0
0
0
0
0
0
0
0
0
0
0
0
0
0
0
0
0
0
0
0
0
0
0
0
0
0
0
0
0
0
0
0
0
0
0
0
0
0
0
0
0
0
0
0
0
0
0
0
0
10075.8
0
0
0
0
0
0
0
0
0
0
0
0
0
0
0
0
0
0
0
0
0
0
0
0
0
0
0
0
0
0
0
0
0
0
0
0
0
0
0
0
0
0
0
0
0
0
0
0
0
0
0
0
0
0
0
0
0
0
0
0
0
0
0
0
0
0
0
0
0
0
0
0
0
0
0
0
0
0
0
0
0
0
0
0
0
0
0
0
0
0
0
0
0
0
0
0
10075.8
0
0
0
0
0
0
0
0
0
0
0
0
0
0
0
0
0
0
0
0
0
0
0
0
0
0
0
0
0
0
0
0
0
0
0
0
0
0
0
0
0
0
0
0
0
0
0
0
0
0
0
0
0
0
0
0
0
0
0
0
0
0
0
0
0
0
0
0
0
0
0
0
0
0
0
0
0
0
0
0
0
0
0
0
0
0
0
0
0
0
0
0
0
0
0
0
0
0
0
0
0
0
0
0
0
0
0
0
0
0
0
0
0
0
0
0
0
0
0
0
0
0
0
0
0
0
0
0
0
0
0
0
0
0
0
0
0
0
0
0
0
0
0
0
0
0
0
0
0
0
0
0
0
0
0
0
0
0
0
0
0
0
0
0
0
0
0
0
0
0
0
0
0
0
0
0
0
0
0
0
0
0
0
0
0
0
0
0
0
0
0
0
10075.8
0
0
0
0
0
0
0
0
0
0
0
0
0
0
0
0
0
0
0
0
0
0
0
0
0
0
0
0
0
0
0
0
0
0
0
0
0
0
0
0
0
0
0
0
0
0
0
0
0
0
0
0
0
0
0
0
0
0
0
0
0
0
0
0
0
0
0
0
0
0
0
0
0
0
0
0
0
0
0
0
0
0
0
0
0
0
0
0
0
0
0
0
0
0
0
0
10075.8
10075.8
10075.8
10075.8
10075.8
10075.8
10059.9
10052.1
10075.8
10075.8
10075.8
10075.8
10075.8
10075.8
0
0
0
0
0
0
0
0
0
0
0
0
0
0
0
0
0
0
0
0
0
0
0
0
0
0
0
0
0
0
0
0
0
0
0
0
0
0
0
0
0
0
0
0
0
0
0
0
0
0
0
0
0
0
0
0
0
0
0
0
0
0
0
0
0
0
0
0
0
0
0
0
0
0
0
0
0
0
0
0
0
0
0
0
0
0
0
0
0
0
0
0
0
0
0
0
10075.8
0
0
0
0
0
0
0
0
0
0
0
0
0
0
0
0
0
0
0
0
0
0
0
0
0
0
0
0
0
0
0
0
0
0
0
0
0
0
0
0
0
0
0
0
0
0
0
0
0
0
0
0
0
0
0
0
0
0
0
0
0
0
0
0
0
0
0
0
0
0
0
0
0
0
0
0
0
0
0
0
0
0
0
0
0
0
0
0
0
0
0
0
0
0
0
0
10075.8
10075.8
10075.8
10075.8
10075.8
10075.8
10075.8
10043.5
10075.7
10075.8
10075.8
10075.8
10075.8
10075.8
10075.8
0
0
0
0
0
0
0
0
0
0
0
0
0
0
0
0
0
0
0
0
0
0
0
0
0
0
0
0
0
0
0
0
0
0
0
0
0
0
0
0
0
0
0
0
0
0
0
0
0
0
0
0
0
0
0
0
0
0
0
0
0
0
0
0
0
0
0
0
0
0
0
0
0
0
0
0
0
0
0
0
0
0
0
0
0
0
0
0
0
0
0
0
0
0
0
0
10075.8
0
0
0
0
0
0
0
0
0
0
0
0
0
0
0
0
0
0
0
0
0
0
0
0
0
0
0
0
0
0
0
0
0
0
0
0
0
0
0
0
0
0
0
0
0
0
0
0
0
0
0
0
0
0
0
0
0
0
0
0
0
0
0
0
0
0
0
0
0
0
0
0
0
0
0
0
0
0
0
0
0
0
0
0
0
0
0
0
0
0
0
0
0
0
0
0
0
0
0
0
0
0
0
0
0
0
0
0
0
0
0
0
0
0
0
0
0
0
0
0
0
0
0
0
0
0
0
0
0
0
0
0
0
0
0
0
0
0
0
0
0
0
0
0
0
0
0
0
0
0
0
0
0
0
0
0
0
0
0
0
0
0
0
0
0
0
0
0
0
0
0
0
0
0
0
0
0
0
0
0
0
0
0
0
0
0
0
0
0
0
0
0
10075.8
0
0
0
0
0
0
0
0
0
0
0
0
0
0
0
0
0
0
0
0
0
0
0
0
0
0
0
0
0
0
0
0
0
0
0
0
0
0
0
0
0
0
0
0
0
0
0
0
0
0
0
0
0
0
0
0
0
0
0
0
0
0
0
0
0
0
0
0
0
0
0
0
0
0
0
0
0
0
0
0
0
0
0
0
0
0
0
0
0
0
0
0
0
0
0
0
10075.8
0
0
0
0
0
0
0
0
0
0
0
0
0
0
0
0
0
0
0
0
0
0
0
0
0
0
0
0
0
0
0
0
0
0
0
0
0
0
0
0
0
0
0
0
0
0
0
0
0
0
0
0
0
0
0
0
0
0
0
0
0
0
0
0
0
0
0
0
0
0
0
0
0
0
0
0
0
0
0
0
0
0
0
0
0
0
0
0
0
0
0
0
0
0
0
0
10075.8
0
0
0
0
0
0
0
0
0
0
0
0
0
0
0
0
0
0
0
0
0
0
0
0
0
0
0
0
0
0
0
0
0
0
0
0
0
0
0
0
0
0
0
0
0
0
0
0
0
0
0
0
0
0
0
0
0
0
0
0
0
0
0
0
0
0
0
0
0
0
0
0
0
0
0
0
0
0
0
0
0
0
0
0
0
0
0
0
0
0
0
0
0
0
0
0
10075.8
0
0
0
0
0
0
0
0
0
0
0
0
0
0
0
0
0
0
0
0
0
0
0
0
0
0
0
0
0
0
0
0
0
0
0
0
0
0
0
0
0
0
0
0
0
0
0
0
0
0
0
0
0
0
0
0
0
0
0
0
0
0
0
0
0
0
0
0
0
0
0
0
0
0
0
0
0
0
0
0
0
0
0
0
0
0
0
0
0
0
0
0
0
0
0
0
10075.8
0
0
0
0
0
0
0
0
0
0
0
0
0
0
0
0
0
0
0
0
0
0
0
0
0
0
0
0
0
0
0
0
0
0
0
0
0
0
0
0
0
0
0
0
0
0
0
0
0
0
0
0
0
0
0
0
0
0
0
0
0
0
0
0
0
0
0
0
0
0
0
0
0
0
0
0
0
0
0
0
0
0
0
0
0
0
0
0
0
0
0
0
0
0
0
0
10075.8
0
0
0
0
0
0
0
0
0
0
0
0
0
0
0
0
0
0
0
0
0
0
0
0
0
0
0
0
0
0
0
0
0
0
0
0
0
0
0
0
0
0
0
0
0
0
0
0
0
0
0
0
0
0
0
0
0
0
0
0
0
0
0
0
0
0
0
0
0
0
0
0
0
0
0
0
0
0
0
0
0
0
0
0
0
0
0
0
0
0
0
0
0
0
0
0
10075.8
0
0
0
0
0
0
0
0
0
0
0
0
0
0
0
0
0
0
0
0
0
0
0
0
0
0
0
0
0
0
0
0
0
0
0
0
0
0
0
0
0
0
0
0
0
0
0
0
0
0
0
0
0
0
0
0
0
0
0
0
0
0
0
0
0
0
0
0
0
0
0
0
0
0
0
0
0
0
0
0
0
0
0
0
0
0
0
0
0
0
0
0
0
0
0
0
10075.8
0
0
0
0
0
0
0
0
0
0
0
0
0
0
0
0
0
0
0
0
0
0
0
0
0
0
0
0
0
0
0
0
0
0
0
0
0
0
0
0
0
0
0
0
0
0
0
0
0
0
0
0
0
0
0
0
0
0
0
0
0
0
0
0
0
0
0
0
0
0
0
0
0
0
0
0
0
0
0
0
0
0
0
0
0
0
0
0
0
0
0
0
0
0
0
0
10075.8
0
0
0
0
0
0
0
0
0
0
0
0
0
0
0
0
0
0
0
0
0
0
0
0
0
0
0
0
0
0
0
0
0
0
0
0
0
0
0
0
0
0
0
0
0
0
0
0
0
0
0
0
0
0
0
0
0
0
0
0
0
0
0
0
0
0
0
0
0
0
0
0
0
0
0
0
0
0
0
0
0
0
0
0
0
0
0
0
0
0
0
0
0
0
0
0
10075.8
0
0
0
0
0
0
0
0
0
0
0
0
0
0
0
0
0
0
0
0
0
0
0
0
0
0
0
0
0
0
0
0
0
0
0
0
0
0
0
0
0
0
0
0
0
0
0
0
0
0
0
0
0
0
0
0
0
0
0
0
0
0
0
0
0
0
0
0
0
0
0
0
0
0
0
0
0
0
0
0
0
0
0
0
0
0
0
0
0
0
0
0
0
0
0
0
10075.8
0
0
0
0
0
0
0
0
0
0
0
0
0
0
0
0
0
0
0
0
0
0
0
0
0
0
0
0
0
0
0
0
0
0
0
0
0
0
0
0
0
0
0
0
0
0
0
0
0
0
0
0
0
0
0
0
0
0
0
0
0
0
0
0
0
0
0
0
0
0
0
0
0
0
0
0
0
0
0
0
0
0
0
0
0
0
0
0
0
0
0
0
0
0
0
0
10075.8
0
0
0
0
0
0
0
0
0
0
0
0
0
0
0
0
0
0
0
0
0
0
0
0
0
0
0
0
0
0
0
0
0
0
0
0
0
0
0
0
0
0
0
0
0
0
0
0
0
0
0
0
0
0
0
0
0
0
0
0
0
0
0
0
0
0
0
0
0
0
0
0
0
0
0
0
0
0
0
0
0
0
0
0
0
0
0
0
0
0
0
0
0
0
0
0
10075.8
0
0
0
0
0
0
0
0
0
0
0
0
0
0
0
0
0
0
0
0
0
0
0
0
0
0
0
0
0
0
0
0
0
0
0
0
0
0
0
0
0
0
0
0
0
0
0
0
0
0
0
0
0
0
0
0
0
0
0
0
0
0
0
0
0
0
0
0
0
0
0
0
0
0
0
0
0
0
0
0
0
0
0
0
0
0
0
0
0
0
0
0
0
0
0
0
10075.8
0
0
0
0
0
0
0
0
0
0
0
0
0
0
0
0
0
0
0
0
0
0
0
0
0
0
0
0
0
0
0
0
0
0
0
0
0
0
0
0
0
0
0
0
0
0
0
0
0
0
0
0
0
0
0
0
0
0
0
0
0
0
0
0
0
0
0
0
0
0
0
0
0
0
0
0
0
0
0
0
0
0
0
0
0
0
0
0
0
0
0
0
0
0
0
0
10075.8
0
0
0
0
0
0
0
0
0
0
0
0
0
0
0
0
0
0
0
0
0
0
0
0
0
0
0
0
0
0
0
0
0
0
0
0
0
0
0
0
0
0
0
0
0
0
0
0
0
0
0
0
0
0
0
0
0
0
0
0
0
0
0
0
0
0
0
0
0
0
0
0
0
0
0
0
0
0
0
0
0
0
0
0
0
0
0
0
0
0
0
0
0
0
0
0
0
0
0
0
0
0
0
0
0
0
0
0
0
0
0
0
0
0
0
0
0
0
0
0
0
0
0
0
0
0
0
0
0
0
0
0
0
0
0
0
0
0
0
0
0
0
0
0
0
0
0
0
0
0
0
0
0
0
0
0
0
0
0
0
0
0
0
0
0
0
0
0
0
0
0
0
0
0
0
0
0
0
0
0
0
0
0
0
0
0
0
0
0
0
0
0
10075.8
)
;
        value           nonuniform List<scalar> 
3903
(
100000
100000
100000
100000
100000
100000
100000
100000
100001
100001
100001
100001
100001
100001
100001
100001
100001
100001
100001
100001
100002
100002
100002
100002
100002
100002
100002
100002
100002
100002
100002
100002
100002
100002
100003
100003
100003
100003
100003
100003
100003
100003
100003
100003
100003
100003
100003
100003
100004
100004
100004
100004
100004
100004
100004
100004
100004
100004
100004
100004
100004
100004
100005
100005
100005
100005
100005
100005
100005
100005
100005
100005
100005
100005
100005
100005
100006
100006
100006
100006
100006
100006
100006
100006
100006
100006
100006
100006
100006
100006
100007
100007
100007
100007
100007
100007
100007
100007
100007
100007
100007
100007
100007
100007
100008
100008
100008
100008
100008
100008
100008
100008
100008
100008
100008
100008
100009
100009
100010
100010
100039
100039
100223
100223
100322
100322
100444
100444
100567
100567
100689
100689
100812
100812
100934
100934
101057
101057
101181
101181
101306
101306
101432
101432
101560
101560
101688
101688
101816
101816
101945
101945
102073
102073
102201
102201
102328
102328
102454
102454
102580
102580
102706
102706
102832
102832
102958
102958
103084
103084
103210
103210
103336
103336
103462
103462
103588
103588
103713
103713
103839
103839
103965
103965
104090
104090
104216
104216
104343
104343
104469
104469
104532
100000
100000
100000
100000
100001
100001
100001
100001
100001
100001
100002
100002
100002
100002
100002
100002
100002
100003
100003
100003
100003
100003
100003
100003
100004
100004
100004
100004
100004
100004
100004
100005
100005
100005
100005
100005
100005
100005
100006
100006
100006
100006
100006
100006
100006
100007
100007
100007
100007
100007
100007
100007
100008
100008
100008
100008
100008
100008
100009
100010
100035
100216
100313
100443
100565
100688
100811
100933
101056
101180
101305
101431
101559
101687
101815
101944
102072
102200
102327
102453
102579
102706
102832
102958
103084
103210
103336
103462
103588
103713
103839
103964
104090
104216
104342
104469
104532
100000
100000
100000
100000
100001
100001
100001
100001
100001
100001
100002
100002
100002
100002
100002
100002
100002
100003
100003
100003
100003
100003
100003
100003
100004
100004
100004
100004
100004
100004
100004
100005
100005
100005
100005
100005
100005
100005
100006
100006
100006
100006
100006
100006
100006
100007
100007
100007
100007
100007
100007
100007
100008
100008
100008
100008
100008
100008
100008
100010
100033
100212
100309
100444
100564
100687
100810
100933
101055
101179
101304
101430
101557
101686
101814
101943
102071
102199
102327
102453
102579
102706
102832
102958
103084
103210
103336
103462
103588
103713
103839
103964
104090
104216
104342
104469
104532
100000
100000
100000
100000
100001
100001
100001
100001
100001
100001
100002
100002
100002
100002
100002
100002
100002
100003
100003
100003
100003
100003
100003
100003
100004
100004
100004
100004
100004
100004
100004
100005
100005
100005
100005
100005
100005
100005
100006
100006
100006
100006
100006
100006
100006
100007
100007
100007
100007
100007
100007
100007
100008
100008
100008
100008
100008
100008
100008
100010
100034
100211
100308
100442
100562
100687
100809
100931
101053
101177
101302
101429
101556
101684
101813
101942
102070
102198
102326
102452
102579
102706
102832
102958
103084
103210
103336
103462
103588
103713
103839
103964
104090
104216
104342
104469
104532
100000
100000
100000
100000
100001
100001
100001
100001
100001
100001
100002
100002
100002
100002
100002
100002
100002
100003
100003
100003
100003
100003
100003
100003
100004
100004
100004
100004
100004
100004
100004
100005
100005
100005
100005
100005
100005
100005
100006
100006
100006
100006
100006
100006
100006
100007
100007
100007
100007
100007
100007
100007
100008
100008
100008
100008
100008
100008
100008
100010
100040
100209
100311
100441
100562
100685
100807
100929
101052
101176
101301
101428
101555
101683
101812
101941
102070
102197
102325
102452
102579
102705
102831
102957
103084
103210
103336
103461
103587
103713
103839
103964
104090
104216
104343
104469
104532
100000
100000
100000
100000
100001
100001
100001
100001
100001
100001
100002
100002
100002
100002
100002
100002
100002
100003
100003
100003
100003
100003
100003
100003
100004
100004
100004
100004
100004
100004
100004
100005
100005
100005
100005
100005
100005
100005
100006
100006
100006
100006
100006
100006
100006
100007
100007
100007
100007
100007
100007
100007
100008
100008
100008
100008
100008
100008
100008
100010
100050
100208
100316
100440
100563
100685
100807
100929
101052
101176
101302
101428
101555
101683
101812
101940
102069
102196
102324
102451
102578
102704
102830
102957
103083
103209
103335
103461
103587
103713
103838
103964
104090
104216
104343
104469
104532
100000
100000
100000
100000
100001
100001
100001
100001
100001
100001
100002
100002
100002
100002
100002
100002
100002
100003
100003
100003
100003
100003
100003
100003
100004
100004
100004
100004
100004
100004
100004
100005
100005
100005
100005
100005
100005
100005
100006
100006
100006
100006
100006
100006
100006
100007
100007
100007
100007
100007
100007
100007
100008
100008
100008
100008
100008
100008
100008
100010
100062
100205
100318
100441
100563
100685
100808
100930
101053
101177
101303
101429
101556
101684
101812
101941
102068
102196
102323
102450
102576
102702
102829
102956
103083
103209
103335
103461
103586
103712
103838
103964
104090
104217
104343
104470
104532
100000
100000
100000
100000
100001
100001
100001
100001
100001
100001
100002
100002
100002
100002
100002
100002
100002
100003
100003
100003
100003
100003
100003
100003
100004
100004
100004
100004
100004
100004
100004
100005
100005
100005
100005
100005
100005
100005
100006
100006
100006
100006
100006
100006
100006
100007
100007
100007
100007
100007
100007
100007
100008
100008
100008
100008
100008
100008
100008
100010
100055
100203
100316
100439
100563
100686
100809
100933
101057
101182
101308
101433
101559
101686
101814
101942
102068
102194
102320
102447
102573
102701
102828
102955
103081
103208
103334
103460
103585
103711
103837
103964
104090
104216
104343
104470
104533
100000
100000
100000
100000
100001
100001
100001
100001
100001
100001
100002
100002
100002
100002
100002
100002
100002
100003
100003
100003
100003
100003
100003
100003
100004
100004
100004
100004
100004
100004
100004
100005
100005
100005
100005
100005
100005
100005
100006
100006
100006
100006
100006
100006
100006
100007
100007
100007
100007
100007
100007
100007
100008
100008
100008
100008
100008
100008
100008
100010
100044
100201
100311
100437
100562
100686
100811
100936
101061
101186
101312
101438
101564
101690
101817
101943
102069
102194
102319
102445
102572
102699
102826
102953
103080
103207
103333
103459
103585
103711
103837
103963
104089
104216
104342
104469
104532
100000
100000
100000
100000
100001
100001
100001
100001
100001
100001
100001
100002
100002
100002
100002
100002
100002
100003
100003
100003
100003
100003
100003
100003
100004
100004
100004
100004
100004
100004
100004
100005
100005
100005
100005
100005
100005
100005
100006
100006
100006
100006
100006
100006
100006
100007
100007
100007
100007
100007
100007
100007
100008
100008
100008
100008
100008
100008
100008
100010
100033
100202
100306
100436
100561
100687
100812
100938
101063
101189
101316
101442
101568
101693
101819
101944
102069
102194
102319
102444
102570
102697
102824
102951
103079
103206
103332
103458
103584
103710
103836
103963
104089
104216
104342
104469
104532
100000
100000
100000
100000
100001
100001
100001
100001
100001
100001
100001
100002
100002
100002
100002
100002
100002
100003
100003
100003
100003
100003
100003
100003
100004
100004
100004
100004
100004
100004
100004
100005
100005
100005
100005
100005
100005
100005
100006
100006
100006
100006
100006
100006
100006
100007
100007
100007
100007
100007
100007
100007
100008
100008
100008
100008
100008
100008
100008
100010
100026
100203
100302
100436
100560
100687
100813
100939
101065
101191
101317
101444
101570
101695
101821
101945
102070
102194
102318
102443
102568
102695
102822
102950
103077
103204
103332
103458
103584
103709
103835
103962
104089
104215
104342
104468
104531
100000
100000
100000
100000
100001
100001
100001
100001
100001
100001
100001
100002
100002
100002
100002
100002
100002
100003
100003
100003
100003
100003
100003
100003
100004
100004
100004
100004
100004
100004
100004
100005
100005
100005
100005
100005
100005
100005
100006
100006
100006
100006
100006
100006
100006
100007
100007
100007
100007
100007
100007
100007
100008
100008
100008
100008
100008
100008
100008
100009
100022
100203
100296
100436
100560
100688
100814
100940
101066
101192
101318
101445
101571
101697
101822
101946
102070
102194
102317
102442
102567
102694
102821
102948
103076
103204
103331
103458
103583
103709
103835
103961
104088
104215
104342
104469
104531
100000
100000
100000
100000
100001
100001
100001
100001
100001
100001
100001
100002
100002
100002
100002
100002
100002
100003
100003
100003
100003
100003
100003
100003
100004
100004
100004
100004
100004
100004
100004
100005
100005
100005
100005
100005
100005
100005
100006
100006
100006
100006
100006
100006
100006
100007
100007
100007
100007
100007
100007
100007
100008
100008
100008
100008
100008
100008
100008
100009
100021
100202
100293
100440
100559
100690
100815
100941
101067
101192
101318
101445
101571
101697
101822
101947
102071
102194
102317
102441
102566
102692
102820
102948
103076
103203
103330
103457
103583
103709
103834
103961
104088
104215
104342
104469
104532
100000
100000
100000
100000
100001
100001
100001
100001
100001
100001
100001
100002
100002
100002
100002
100002
100002
100003
100003
100003
100003
100003
100003
100003
100004
100004
100004
100004
100004
100004
100004
100005
100005
100005
100005
100005
100005
100005
100006
100006
100006
100006
100006
100006
100006
100007
100007
100007
100007
100007
100007
100007
100008
100008
100008
100008
100008
100008
100008
100009
100021
100205
100295
100440
100560
100690
100816
100942
101068
101193
101319
101445
101571
101697
101822
101947
102071
102195
102318
102441
102566
102692
102820
102948
103075
103203
103330
103457
103583
103708
103834
103960
104087
104215
104342
104469
104532
100000
100000
100000
100000
100001
100001
100001
100001
100001
100001
100001
100002
100002
100002
100002
100002
100002
100003
100003
100003
100003
100003
100003
100003
100004
100004
100004
100004
100004
100004
100004
100005
100005
100005
100005
100005
100005
100005
100006
100006
100006
100006
100006
100006
100006
100007
100007
100007
100007
100007
100007
100007
100008
100008
100008
100008
100008
100008
100008
100010
100022
100206
100301
100439
100561
100689
100815
100942
101068
101194
101319
101445
101571
101697
101822
101947
102072
102195
102319
102442
102567
102693
102820
102948
103076
103203
103330
103457
103583
103708
103834
103960
104087
104215
104342
104468
104531
100000
100000
100000
100000
100000
100000
100000
100000
100001
100001
100001
100001
100001
100001
100001
100001
100001
100001
100001
100001
100001
100001
100002
100002
100002
100002
100002
100002
100002
100002
100002
100002
100002
100002
100003
100003
100003
100003
100003
100003
100003
100003
100003
100003
100003
100003
100003
100003
100004
100004
100004
100004
100004
100004
100004
100004
100004
100004
100004
100004
100004
100004
100005
100005
100005
100005
100005
100005
100005
100005
100005
100005
100005
100005
100005
100005
100006
100006
100006
100006
100006
100006
100006
100006
100006
100006
100006
100006
100006
100006
100007
100007
100007
100007
100007
100007
100007
100007
100007
100007
100007
100007
100007
100007
100008
100008
100008
100008
100008
100008
100008
100008
100008
100008
100008
100008
100008
100008
100009
100009
100025
100025
100209
100209
100306
100306
100438
100438
100563
100563
100689
100689
100815
100815
100942
100942
101068
101068
101194
101194
101320
101320
101446
101446
101572
101572
101697
101697
101823
101823
101948
101948
102073
102073
102197
102197
102320
102320
102444
102444
102568
102568
102694
102694
102821
102821
102948
102948
103076
103076
103203
103203
103330
103330
103457
103457
103583
103583
103708
103708
103833
103833
103960
103960
104087
104087
104215
104215
104342
104342
104468
104468
104531
100000
100000
100000
100000
100001
100001
100001
100001
100001
100001
100002
100002
100002
100002
100002
100002
100002
100003
100003
100003
100003
100003
100003
100003
100004
100004
100004
100004
100004
100004
100004
100005
100005
100005
100005
100005
100005
100005
100006
100006
100006
100006
100006
100006
100006
100007
100007
100007
100007
100007
100007
100007
100008
100008
100008
100008
100008
100008
100009
100010
100038
100219
100319
100443
100567
100689
100812
100934
101057
101181
101306
101432
101559
101687
101816
101944
102073
102200
102327
102454
102579
102705
102832
102958
103084
103210
103336
103462
103588
103713
103839
103965
104090
104217
104343
104469
104532
104532
104531
104531
104531
104531
104531
104531
104531
104531
104531
104531
104531
104531
100000
100000
100000
100000
100001
100001
100001
100001
100001
100001
100001
100002
100002
100002
100002
100002
100002
100003
100003
100003
100003
100003
100003
100003
100004
100004
100004
100004
100004
100004
100004
100005
100005
100005
100005
100005
100005
100005
100006
100006
100006
100006
100006
100006
100006
100007
100007
100007
100007
100007
100007
100007
100008
100008
100008
100008
100008
100008
100009
100010
100024
100207
100304
100439
100563
100689
100815
100941
101067
101193
101319
101445
101571
101696
101822
101947
102072
102196
102319
102443
102568
102694
102821
102948
103076
103203
103330
103457
103582
103706
103831
103958
104086
104215
104341
104468
104531
100000
100000
100000
100000
100001
100001
100001
100001
100001
100001
100002
100002
100002
100002
100002
100002
100002
100003
100003
100003
100003
100003
100003
100003
100004
100004
100004
100004
100004
100004
100004
100005
100005
100005
100005
100005
100005
100005
100006
100006
100006
100006
100006
100006
100006
100007
100007
100007
100007
100007
100007
100007
100008
100008
100008
100008
100008
100008
100009
100010
100037
100217
100319
100443
100567
100690
100812
100934
101057
101181
101305
101432
101559
101687
101815
101944
102072
102200
102327
102454
102580
102706
102832
102958
103084
103210
103336
103462
103587
103713
103839
103965
104090
104217
104343
104469
104532
104532
104531
104531
104531
104531
104531
104530
104531
104530
104530
104530
104530
104530
104530
100000
100000
100000
100000
100001
100001
100001
100001
100001
100001
100001
100002
100002
100002
100002
100002
100002
100003
100003
100003
100003
100003
100003
100003
100004
100004
100004
100004
100004
100004
100004
100005
100005
100005
100005
100005
100005
100005
100006
100006
100006
100006
100006
100006
100006
100007
100007
100007
100007
100007
100007
100007
100008
100008
100008
100008
100008
100008
100009
100010
100025
100206
100301
100440
100563
100688
100815
100941
101067
101193
101319
101445
101571
101696
101822
101947
102071
102195
102319
102443
102568
102694
102821
102949
103077
103204
103332
103458
103583
103706
103830
103957
104085
104214
104341
104467
104530
100000
100000
100000
100000
100000
100000
100000
100000
100001
100001
100001
100001
100001
100001
100001
100001
100001
100001
100001
100001
100002
100002
100002
100002
100002
100002
100002
100002
100002
100002
100002
100002
100002
100002
100003
100003
100003
100003
100003
100003
100003
100003
100003
100003
100003
100003
100003
100003
100004
100004
100004
100004
100004
100004
100004
100004
100004
100004
100004
100004
100004
100004
100005
100005
100005
100005
100005
100005
100005
100005
100005
100005
100005
100005
100005
100005
100006
100006
100006
100006
100006
100006
100006
100006
100006
100006
100006
100006
100006
100006
100007
100007
100007
100007
100007
100007
100007
100007
100007
100007
100007
100007
100007
100007
100008
100008
100008
100008
100008
100008
100008
100008
100008
100008
100008
100008
100009
100009
100010
100010
100038
100038
100224
100224
100325
100325
100443
100443
100567
100567
100690
100690
100812
100812
100934
100934
101057
101057
101180
101180
101305
101305
101431
101431
101559
101559
101687
101687
101815
101815
101944
101944
102072
102072
102200
102200
102327
102327
102454
102454
102580
102580
102706
102706
102832
102832
102958
102958
103084
103084
103210
103210
103336
103336
103462
103462
103587
103587
103713
103713
103839
103839
103965
103965
104091
104091
104217
104217
104343
104343
104469
104469
104532
100000
100000
100000
100000
100001
100001
100001
100001
100001
100001
100002
100002
100002
100002
100002
100002
100002
100003
100003
100003
100003
100003
100003
100003
100004
100004
100004
100004
100004
100004
100004
100005
100005
100005
100005
100005
100005
100005
100006
100006
100006
100006
100006
100006
100006
100007
100007
100007
100007
100007
100007
100007
100008
100008
100008
100008
100008
100008
100009
100010
100034
100217
100316
100442
100566
100689
100811
100933
101055
101179
101303
101430
101557
101685
101814
101943
102072
102200
102327
102454
102580
102706
102832
102958
103084
103210
103336
103462
103587
103713
103839
103964
104090
104216
104343
104469
104532
100000
100000
100000
100000
100001
100001
100001
100001
100001
100001
100002
100002
100002
100002
100002
100002
100002
100003
100003
100003
100003
100003
100003
100003
100004
100004
100004
100004
100004
100004
100004
100005
100005
100005
100005
100005
100005
100005
100006
100006
100006
100006
100006
100006
100006
100007
100007
100007
100007
100007
100007
100007
100008
100008
100008
100008
100008
100008
100009
100010
100032
100213
100313
100441
100565
100688
100810
100931
101053
101176
101301
101428
101556
101684
101812
101941
102070
102199
102326
102454
102580
102707
102833
102958
103084
103210
103335
103461
103587
103713
103839
103964
104090
104216
104342
104468
104531
100000
100000
100000
100000
100001
100001
100001
100001
100001
100001
100002
100002
100002
100002
100002
100002
100002
100003
100003
100003
100003
100003
100003
100003
100004
100004
100004
100004
100004
100004
100004
100005
100005
100005
100005
100005
100005
100005
100006
100006
100006
100006
100006
100006
100006
100007
100007
100007
100007
100007
100007
100007
100008
100008
100008
100008
100008
100008
100008
100010
100033
100210
100312
100439
100564
100688
100809
100929
101051
101175
101300
101427
101555
101683
101811
101940
102069
102198
102326
102453
102580
102707
102833
102958
103084
103209
103335
103461
103587
103713
103838
103963
104089
104215
104342
104468
104531
100000
100000
100000
100000
100001
100001
100001
100001
100001
100001
100002
100002
100002
100002
100002
100002
100002
100003
100003
100003
100003
100003
100003
100003
100004
100004
100004
100004
100004
100004
100004
100005
100005
100005
100005
100005
100005
100005
100006
100006
100006
100006
100006
100006
100006
100007
100007
100007
100007
100007
100007
100007
100008
100008
100008
100008
100008
100008
100008
100010
100037
100207
100311
100438
100563
100687
100808
100929
101051
101175
101300
101427
101554
101682
101811
101940
102068
102197
102325
102453
102580
102707
102832
102958
103083
103209
103335
103461
103587
103712
103838
103963
104088
104215
104341
104468
104531
100000
100000
100000
100000
100001
100001
100001
100001
100001
100001
100001
100002
100002
100002
100002
100002
100002
100003
100003
100003
100003
100003
100003
100003
100004
100004
100004
100004
100004
100004
100004
100005
100005
100005
100005
100005
100005
100005
100006
100006
100006
100006
100006
100006
100006
100007
100007
100007
100007
100007
100007
100007
100008
100008
100008
100008
100008
100008
100008
100010
100041
100204
100311
100438
100563
100686
100807
100929
101051
101176
101301
101428
101555
101683
101811
101939
102068
102196
102325
102453
102579
102705
102831
102957
103083
103209
103334
103460
103586
103712
103837
103962
104088
104215
104341
104467
104530
100000
100000
100000
100000
100001
100001
100001
100001
100001
100001
100001
100002
100002
100002
100002
100002
100002
100003
100003
100003
100003
100003
100003
100003
100004
100004
100004
100004
100004
100004
100004
100005
100005
100005
100005
100005
100005
100005
100006
100006
100006
100006
100006
100006
100006
100007
100007
100007
100007
100007
100007
100007
100008
100008
100008
100008
100008
100008
100008
100010
100044
100201
100311
100437
100562
100685
100807
100930
101053
101178
101303
101429
101556
101684
101811
101939
102067
102195
102324
102451
102578
102704
102830
102956
103083
103208
103333
103459
103585
103711
103836
103962
104088
104215
104341
104467
104530
100000
100000
100000
100000
100001
100001
100001
100001
100001
100001
100001
100002
100002
100002
100002
100002
100002
100003
100003
100003
100003
100003
100003
100003
100004
100004
100004
100004
100004
100004
100004
100005
100005
100005
100005
100005
100005
100005
100006
100006
100006
100006
100006
100006
100006
100007
100007
100007
100007
100007
100007
100007
100008
100008
100008
100008
100008
100008
100008
100010
100042
100199
100308
100436
100560
100684
100808
100932
101056
101182
101307
101433
101559
101686
101812
101939
102067
102194
102321
102448
102574
102700
102827
102954
103081
103206
103332
103458
103584
103710
103836
103962
104088
104215
104341
104467
104530
100000
100000
100000
100000
100001
100001
100001
100001
100001
100001
100001
100002
100002
100002
100002
100002
100002
100003
100003
100003
100003
100003
100003
100003
100004
100004
100004
100004
100004
100004
100004
100005
100005
100005
100005
100005
100005
100005
100006
100006
100006
100006
100006
100006
100006
100007
100007
100007
100007
100007
100007
100007
100008
100008
100008
100008
100008
100008
100008
100010
100035
100199
100306
100434
100559
100685
100809
100934
101060
101186
101311
101437
101563
101689
101814
101940
102066
102192
102318
102444
102570
102696
102823
102951
103078
103205
103331
103457
103583
103709
103835
103961
104088
104215
104341
104468
104531
100000
100000
100000
100000
100001
100001
100001
100001
100001
100001
100001
100002
100002
100002
100002
100002
100002
100003
100003
100003
100003
100003
100003
100003
100004
100004
100004
100004
100004
100004
100004
100005
100005
100005
100005
100005
100005
100005
100006
100006
100006
100006
100006
100006
100006
100007
100007
100007
100007
100007
100007
100007
100008
100008
100008
100008
100008
100008
100008
100010
100029
100201
100305
100434
100560
100685
100810
100936
101062
101188
101315
101441
101567
101692
101817
101942
102067
102192
102317
102442
102568
102695
102822
102950
103077
103204
103331
103457
103582
103708
103834
103961
104088
104215
104341
104468
104531
100000
100000
100000
100000
100001
100001
100001
100001
100001
100001
100001
100002
100002
100002
100002
100002
100002
100003
100003
100003
100003
100003
100003
100003
100004
100004
100004
100004
100004
100004
100004
100005
100005
100005
100005
100005
100005
100005
100006
100006
100006
100006
100006
100006
100006
100007
100007
100007
100007
100007
100007
100007
100008
100008
100008
100008
100008
100008
100008
100009
100024
100201
100302
100435
100559
100686
100811
100937
101063
101190
101317
101443
101569
101695
101820
101944
102068
102192
102316
102441
102567
102693
102820
102948
103076
103204
103331
103457
103582
103707
103834
103960
104087
104214
104341
104468
104531
100000
100000
100000
100000
100001
100001
100001
100001
100001
100001
100001
100002
100002
100002
100002
100002
100002
100003
100003
100003
100003
100003
100003
100003
100004
100004
100004
100004
100004
100004
100004
100005
100005
100005
100005
100005
100005
100005
100006
100006
100006
100006
100006
100006
100006
100007
100007
100007
100007
100007
100007
100007
100008
100008
100008
100008
100008
100008
100008
100009
100021
100201
100300
100435
100559
100686
100812
100938
101065
101191
101318
101445
101571
101697
101821
101945
102069
102191
102315
102440
102566
102692
102819
102947
103075
103203
103331
103457
103582
103707
103833
103960
104087
104214
104341
104468
104531
100000
100000
100000
100000
100001
100001
100001
100001
100001
100001
100001
100002
100002
100002
100002
100002
100002
100003
100003
100003
100003
100003
100003
100003
100004
100004
100004
100004
100004
100004
100004
100005
100005
100005
100005
100005
100005
100005
100006
100006
100006
100006
100006
100006
100006
100007
100007
100007
100007
100007
100007
100007
100008
100008
100008
100008
100008
100008
100008
100009
100021
100203
100301
100436
100560
100686
100812
100939
101066
101192
101318
101445
101571
101698
101823
101946
102069
102192
102316
102441
102566
102692
102819
102947
103075
103203
103331
103457
103583
103707
103833
103959
104087
104214
104341
104468
104531
100000
100000
100000
100000
100001
100001
100001
100001
100001
100001
100001
100002
100002
100002
100002
100002
100002
100003
100003
100003
100003
100003
100003
100003
100004
100004
100004
100004
100004
100004
100004
100005
100005
100005
100005
100005
100005
100005
100006
100006
100006
100006
100006
100006
100006
100007
100007
100007
100007
100007
100007
100007
100008
100008
100008
100008
100008
100008
100008
100009
100023
100205
100303
100438
100561
100687
100813
100940
101066
101192
101318
101445
101571
101697
101823
101947
102070
102193
102317
102442
102567
102693
102820
102948
103076
103204
103332
103458
103583
103707
103832
103959
104087
104214
104341
104468
104531
100000
100000
100000
100000
100001
100001
100001
100001
100001
100001
100001
100002
100002
100002
100002
100002
100002
100003
100003
100003
100003
100003
100003
100003
100004
100004
100004
100004
100004
100004
100004
100005
100005
100005
100005
100005
100005
100005
100006
100006
100006
100006
100006
100006
100006
100007
100007
100007
100007
100007
100007
100007
100008
100008
100008
100008
100008
100008
100009
100010
100025
100207
100304
100439
100562
100687
100814
100940
101067
101193
101319
101445
101571
101697
101822
101947
102071
102195
102318
102443
102568
102694
102821
102948
103077
103205
103332
103459
103583
103707
103832
103959
104086
104214
104341
104467
104530
100000
100000
100000
100000
100000
100000
100000
100000
100001
100001
100001
100001
100001
100001
100001
100001
100001
100001
100001
100001
100001
100001
100002
100002
100002
100002
100002
100002
100002
100002
100002
100002
100002
100002
100003
100003
100003
100003
100003
100003
100003
100003
100003
100003
100003
100003
100003
100003
100004
100004
100004
100004
100004
100004
100004
100004
100004
100004
100004
100004
100004
100004
100005
100005
100005
100005
100005
100005
100005
100005
100005
100005
100005
100005
100005
100005
100006
100006
100006
100006
100006
100006
100006
100006
100006
100006
100006
100006
100006
100006
100007
100007
100007
100007
100007
100007
100007
100007
100007
100007
100007
100007
100007
100007
100008
100008
100008
100008
100008
100008
100008
100008
100008
100008
100008
100008
100008
100008
100009
100009
100025
100025
100209
100209
100305
100305
100440
100440
100563
100563
100688
100688
100814
100814
100941
100941
101067
101067
101193
101193
101319
101319
101445
101445
101571
101571
101697
101697
101822
101822
101947
101947
102071
102071
102195
102195
102319
102319
102444
102444
102569
102569
102695
102695
102821
102821
102949
102949
103077
103077
103205
103205
103333
103333
103459
103459
103584
103584
103707
103707
103832
103832
103959
103959
104086
104086
104214
104214
104341
104341
104468
104468
104531
)
;
    }
}


// ************************************************************************* //
