/*--------------------------------*- C++ -*----------------------------------*\
| =========                 |                                                 |
| \\      /  F ield         | OpenFOAM: The Open Source CFD Toolbox           |
|  \\    /   O peration     | Version:  2.3.0                                 |
|   \\  /    A nd           | Web:      www.OpenFOAM.org                      |
|    \\/     M anipulation  |                                                 |
\*---------------------------------------------------------------------------*/
FoamFile
{
    version     2.0;
    format      ascii;
    class       volScalarField;
    location    "18";
    object      L3;
}
// * * * * * * * * * * * * * * * * * * * * * * * * * * * * * * * * * * * * * //

dimensions      [0 0 0 0 0 0 0];

internalField   nonuniform List<scalar> 
6144
(
0.00631579
0.00631579
0.00631579
0.00631579
0.00631579
0.00631579
0.00631579
0.00631579
0.00631579
0.00631579
0.00631579
0.00631579
0.00631579
0.00631579
0.00631579
0.00631579
0.00631579
0.00631579
0.00631579
0.00631579
0.00631579
0.00631579
0.00631579
0.00631579
0.00631579
0.00631579
0.00631579
0.00631579
0.00631579
0.00631579
0.00631579
0.00631579
0.00631579
0.00631579
0.00631579
0.00631579
0.00631579
0.00631579
0.00631579
0.00631579
0.00631579
0.00631579
0.00631579
0.00631579
0.00631579
0.00631579
0.00631579
0.00631579
0.00631579
0.00631579
0.00631579
0.00631579
0.00631579
0.00631579
0.00631579
0.00631579
0.00631579
0.00631579
0.00631579
0.00631579
0.00631579
0.00690318
0.00748044
0.0001
0.0001
0.0001
0.0001
0.0001
0.0001
0.0001
0.0001
0.0001
0.0001
0.0001
0.0001
0.0001
0.0001
0.0001
0.0001
0.0001
0.0001
0.0001
0.0001
0.0001
0.0001
0.0001
0.0001
0.0001
0.0001
0.0001
0.0001
0.0001
0.0001
0.0001
0.0001
0.0001
0.00631579
0.00631579
0.00631579
0.00631579
0.00631579
0.00631579
0.00631579
0.00631579
0.00631579
0.00631579
0.00631579
0.00631579
0.00631579
0.00631579
0.00631579
0.00631579
0.00631579
0.00631579
0.00631579
0.00631579
0.00631579
0.00631579
0.00631579
0.00631579
0.00631579
0.00631579
0.00631579
0.00631579
0.00631579
0.00631579
0.00631579
0.00631579
0.00631579
0.00631579
0.00631579
0.00631579
0.00631579
0.00631579
0.00631579
0.00631579
0.00631579
0.00631579
0.00631579
0.00631579
0.00631579
0.00631579
0.00631579
0.00631579
0.00631579
0.00631579
0.00631579
0.00631579
0.00631579
0.00631579
0.00631579
0.00631579
0.00631579
0.00631579
0.00631579
0.00631579
0.00631579
0.00737556
0.0001
0.0001
0.0001
0.0001
0.0001
0.0001
0.0001
0.0001
0.0001
0.0001
0.0001
0.0001
0.0001
0.0001
0.0001
0.0001
0.0001
0.0001
0.0001
0.0001
0.0001
0.0001
0.0001
0.0001
0.0001
0.0001
0.0001
0.0001
0.0001
0.0001
0.0001
0.0001
0.0001
0.0001
0.00631579
0.00631579
0.00631579
0.00631579
0.00631579
0.00631579
0.00631579
0.00631579
0.00631579
0.00631579
0.00631579
0.00631579
0.00631579
0.00631579
0.00631579
0.00631579
0.00631579
0.00631579
0.00631579
0.00631579
0.00631579
0.00631579
0.00631579
0.00631579
0.00631579
0.00631579
0.00631579
0.00631579
0.00631579
0.00631579
0.00631579
0.00631579
0.00631579
0.00631579
0.00631579
0.00631579
0.00631579
0.00631579
0.00631579
0.00631579
0.00631579
0.00631579
0.00631579
0.00631579
0.00631579
0.00631579
0.00631579
0.00631579
0.00631579
0.00631579
0.00631579
0.00631579
0.00631579
0.00631579
0.00631579
0.00631579
0.00631579
0.00631579
0.00631579
0.00631579
0.00631579
0.0001
0.0001
0.0001
0.0001
0.0001
0.0001
0.0001
0.0001
0.0001
0.0001
0.0001
0.0001
0.0001
0.0001
0.0001
0.0001
0.0001
0.0001
0.0001
0.0001
0.0001
0.0001
0.0001
0.0001
0.0001
0.0001
0.0001
0.0001
0.0001
0.0001
0.0001
0.0001
0.0001
0.0001
0.0001
0.00631579
0.00631579
0.00631579
0.00631579
0.00631579
0.00631579
0.00631579
0.00631579
0.00631579
0.00631579
0.00631579
0.00631579
0.00631579
0.00631579
0.00631579
0.00631579
0.00631579
0.00631579
0.00631579
0.00631579
0.00631579
0.00631579
0.00631579
0.00631579
0.00631579
0.00631579
0.00631579
0.00631579
0.00631579
0.00631579
0.00631579
0.00631579
0.00631579
0.00631579
0.00631579
0.00631579
0.00631579
0.00631579
0.00631579
0.00631579
0.00631579
0.00631579
0.00631579
0.00631579
0.00631579
0.00631579
0.00631579
0.00631579
0.00631579
0.00631579
0.00631579
0.00631579
0.00631579
0.00631579
0.00631579
0.00631579
0.00631579
0.00631579
0.00631579
0.00631579
0.00631579
0.0001
0.0001
0.0001
0.0001
0.0001
0.0001
0.0001
0.0001
0.0001
0.0001
0.0001
0.0001
0.0001
0.0001
0.0001
0.0001
0.0001
0.0001
0.0001
0.0001
0.0001
0.0001
0.0001
0.0001
0.0001
0.0001
0.0001
0.0001
0.0001
0.0001
0.0001
0.0001
0.0001
0.0001
0.0001
0.00631579
0.00631579
0.00631579
0.00631579
0.00631579
0.00631579
0.00631579
0.00631579
0.00631579
0.00631579
0.00631579
0.00631579
0.00631579
0.00631579
0.00631579
0.00631579
0.00631579
0.00631579
0.00631579
0.00631579
0.00631579
0.00631579
0.00631579
0.00631579
0.00631579
0.00631579
0.00631579
0.00631579
0.00631579
0.00631579
0.00631579
0.00631579
0.00631579
0.00631579
0.00631579
0.00631579
0.00631579
0.00631579
0.00631579
0.00631579
0.00631579
0.00631579
0.00631579
0.00631579
0.00631579
0.00631579
0.00631579
0.00631579
0.00631579
0.00631579
0.00631579
0.00631579
0.00631579
0.00631579
0.00631579
0.00631579
0.00631579
0.00631579
0.00631579
0.00631579
0.00631579
0.00740673
0.00742122
0.00704766
0.0074341
0.00730817
0.00696154
0.00707726
0.00631579
0.00631579
0.00631579
0.00631579
0.00631579
0.00731143
0.00746792
0.00661127
0.00699595
0.00722445
0.00748044
0.00748044
0.0001
0.0001
0.0001
0.0001
0.0001
0.0001
0.0001
0.0001
0.0001
0.0001
0.0001
0.0001
0.0001
0.0001
0.0001
0.0001
0.00631579
0.00631579
0.00631579
0.00631579
0.00631579
0.00631579
0.00631579
0.00631579
0.00631579
0.00631579
0.00631579
0.00631579
0.00631579
0.00631579
0.00631579
0.00631579
0.00631579
0.00631579
0.00631579
0.00631579
0.00631579
0.00631579
0.00631579
0.00631579
0.00631579
0.00631579
0.00631579
0.00631579
0.00631579
0.00631579
0.00631579
0.00631579
0.00631579
0.00631579
0.00631579
0.00631579
0.00631579
0.00631579
0.00631579
0.00631579
0.00631579
0.00631579
0.00631579
0.00631579
0.00631579
0.00631579
0.00631579
0.00631579
0.00631579
0.00631579
0.00631579
0.00631579
0.00631579
0.00631579
0.00631579
0.00631579
0.00631579
0.00631579
0.00631579
0.00631579
0.00631579
0.00631579
0.00631579
0.00631579
0.00631579
0.00631579
0.00631579
0.00631579
0.00631579
0.00631579
0.00631579
0.00631579
0.00631579
0.00631579
0.00631579
0.00631579
0.00631579
0.00631579
0.00631579
0.00631579
0.00631579
0.00631579
0.00631579
0.0064492
0.00740712
0.00748044
0.0001
0.0001
0.0001
0.0001
0.0001
0.0001
0.0001
0.0001
0.0001
0.0001
0.00631579
0.00631579
0.00631579
0.00631579
0.00631579
0.00631579
0.00631579
0.00631579
0.00631579
0.00631579
0.00631579
0.00631579
0.00631579
0.00631579
0.00631579
0.00631579
0.00631579
0.00631579
0.00631579
0.00631579
0.00631579
0.00631579
0.00631579
0.00631579
0.00631579
0.00631579
0.00631579
0.00631579
0.00631579
0.00631579
0.00631579
0.00631579
0.00631579
0.00631579
0.00631579
0.00631579
0.00631579
0.00631579
0.00631579
0.00631579
0.00631579
0.00631579
0.00631579
0.00631579
0.00631579
0.00631579
0.00631579
0.00631579
0.00631579
0.00631579
0.00631579
0.00631579
0.00631579
0.00631579
0.00631579
0.00631579
0.00631579
0.00631579
0.00631579
0.00631579
0.00631579
0.00631579
0.00631579
0.00631579
0.00631579
0.00631579
0.00631579
0.00631579
0.00631579
0.00631579
0.00631579
0.00631579
0.00631579
0.00631579
0.00631579
0.00631579
0.00631579
0.00631579
0.00631579
0.00631579
0.00631579
0.00631579
0.00631579
0.00631579
0.00631579
0.00631579
0.00631579
0.00631579
0.00746751
0.0001
0.0001
0.0001
0.0001
0.0001
0.00660906
0.00748044
0.00631579
0.00631579
0.00631579
0.00631579
0.00631579
0.00631579
0.00631579
0.00631579
0.00631579
0.00631579
0.00631579
0.00631579
0.00631579
0.00631579
0.00631579
0.00631579
0.00631579
0.00631579
0.00631579
0.00631579
0.00631579
0.00631579
0.00631579
0.00631579
0.00631579
0.00631579
0.00631579
0.00631579
0.00631579
0.00631579
0.00631579
0.00631579
0.00631579
0.00631579
0.00631579
0.00631579
0.00631579
0.00631579
0.00631579
0.00631579
0.00631579
0.00631579
0.00631579
0.00631579
0.00631579
0.00631579
0.00631579
0.00631579
0.00631579
0.00631579
0.00631579
0.00631579
0.00631579
0.00631579
0.00631579
0.00631579
0.00631579
0.00631579
0.00631579
0.00631579
0.00631579
0.00631579
0.00631579
0.00631579
0.00631579
0.00631579
0.00631579
0.00631579
0.00631579
0.00631579
0.00631579
0.00631579
0.00631579
0.00631579
0.00631579
0.00631579
0.00631579
0.00631579
0.00631579
0.00631579
0.00631579
0.00631579
0.00631579
0.00631579
0.00631579
0.00631579
0.00631579
0.00631579
0.00631579
0.00631579
0.00631579
0.00631579
0.00631579
0.00631579
0.00631579
0.00631579
0.00631579
0.00631579
0.00631579
0.00631579
0.00631579
0.00631579
0.00631579
0.00631579
0.00631579
0.00631579
0.00631579
0.00631579
0.00631579
0.00631579
0.00631579
0.00631579
0.00631579
0.00631579
0.00631579
0.00631579
0.00631579
0.00631579
0.00631579
0.00631579
0.00631579
0.00631579
0.00631579
0.00631579
0.00631579
0.00631579
0.00631579
0.00631579
0.00631579
0.00631579
0.00631579
0.00631579
0.00631579
0.00631579
0.00631579
0.00631579
0.00631579
0.00631579
0.00631579
0.00631579
0.00631579
0.00631579
0.00631579
0.00631579
0.00631579
0.00631579
0.00631579
0.00631579
0.00631579
0.00631579
0.00631579
0.00631579
0.00631579
0.00631579
0.00631579
0.00631579
0.00631579
0.00631579
0.00631579
0.00631579
0.00631579
0.00631579
0.00631579
0.00631579
0.00631579
0.00631579
0.00631579
0.00631579
0.00631579
0.00631579
0.00631579
0.00631579
0.00631579
0.00631579
0.00631579
0.00631579
0.00631579
0.00631579
0.00631579
0.00631579
0.00631579
0.00631579
0.00631579
0.00631579
0.00631579
0.00631579
0.00631579
0.00631579
0.00631579
0.00631579
0.00631579
0.00655649
0.00631579
0.00631579
0.00631579
0.00631579
0.00631579
0.00631579
0.00631579
0.00631579
0.00631579
0.00631579
0.00631579
0.00631579
0.00631579
0.00631579
0.00631579
0.00631579
0.00631579
0.00631579
0.00631579
0.00631579
0.00631579
0.00631579
0.00631579
0.00631579
0.00631579
0.00631579
0.00631579
0.00631579
0.00631579
0.00631579
0.00631579
0.00631579
0.00631579
0.00631579
0.00631579
0.00631579
0.00631579
0.00631579
0.00631579
0.00631579
0.00631579
0.00631579
0.00631579
0.00631579
0.00631579
0.00631579
0.00631579
0.00631579
0.00631579
0.00631579
0.00631579
0.00631579
0.00631579
0.00631579
0.00631579
0.00631579
0.00631579
0.00631579
0.00631579
0.00631579
0.00631579
0.00631579
0.00631579
0.00631579
0.00631579
0.00683784
0.00631579
0.00631579
0.00631579
0.00631579
0.00631579
0.00644354
0.00657433
0.00707535
0.00632975
0.00631579
0.00631579
0.00631579
0.00631579
0.00631579
0.00631579
0.00631579
0.00631579
0.00631579
0.00631579
0.00631579
0.00631579
0.00631579
0.00631579
0.00631579
0.00631579
0.00631579
0.00631579
0.00631579
0.00653929
0.00748044
0.00631579
0.00631579
0.00631579
0.00631579
0.00631579
0.00631579
0.00631579
0.00631579
0.00631579
0.00631579
0.00631579
0.00631579
0.00631579
0.00631579
0.00631579
0.00631579
0.00631579
0.00631579
0.00631579
0.00631579
0.00631579
0.00631579
0.00631579
0.00631579
0.00631579
0.00631579
0.00631579
0.00631579
0.00631579
0.00631579
0.00631579
0.00631579
0.00631579
0.00631579
0.00631579
0.00631579
0.00631579
0.00631579
0.00631579
0.00631579
0.00631579
0.00631579
0.00631579
0.00631579
0.00631579
0.00631579
0.00631579
0.00631579
0.00631579
0.00631579
0.00631579
0.00631579
0.00631579
0.00631579
0.00631579
0.00631579
0.00631579
0.00631579
0.00631579
0.00631579
0.00631579
0.00631579
0.00716111
0.00714982
0.00746188
0.00748044
0.00748044
0.0001
0.0001
0.0001
0.0001
0.0001
0.0001
0.0001
0.0001
0.0001
0.0001
0.0001
0.0001
0.0001
0.0001
0.0001
0.0001
0.00748044
0.00748044
0.00730043
0.00748044
0.00748044
0.0001
0.0001
0.0001
0.0001
0.0001
0.0001
0.0001
0.0001
0.00631579
0.00631579
0.00631579
0.00631579
0.00631579
0.00631579
0.00631579
0.00631579
0.00631579
0.00631579
0.00631579
0.00631579
0.00631579
0.00631579
0.00631579
0.00631579
0.00631579
0.00631579
0.00631579
0.00631579
0.00631579
0.00631579
0.00631579
0.00631579
0.00631579
0.00631579
0.00631579
0.00631579
0.00631579
0.00631579
0.00631579
0.00631579
0.00631579
0.00631579
0.00631579
0.00631579
0.00631579
0.00631579
0.00631579
0.00631579
0.00631579
0.00631579
0.00631579
0.00631579
0.00631579
0.00631579
0.00631579
0.00631579
0.00631579
0.00631579
0.00631579
0.00631579
0.00631579
0.00631579
0.00631579
0.00631579
0.00631579
0.00631579
0.00631579
0.00631579
0.00631579
0.0001
0.0001
0.0001
0.0001
0.0001
0.0001
0.0001
0.0001
0.0001
0.0001
0.0001
0.0001
0.0001
0.0001
0.0001
0.0001
0.0001
0.0001
0.0001
0.0001
0.0001
0.0001
0.0001
0.0001
0.0001
0.0001
0.0001
0.0001
0.0001
0.0001
0.0001
0.0001
0.0001
0.0001
0.0001
0.00631579
0.00631579
0.00631579
0.00631579
0.00631579
0.00631579
0.00631579
0.00631579
0.00631579
0.00631579
0.00631579
0.00631579
0.00631579
0.00631579
0.00631579
0.00631579
0.00631579
0.00631579
0.00631579
0.00631579
0.00631579
0.00631579
0.00631579
0.00631579
0.00631579
0.00631579
0.00631579
0.00631579
0.00631579
0.00631579
0.00631579
0.00631579
0.00631579
0.00631579
0.00631579
0.00631579
0.00631579
0.00631579
0.00631579
0.00631579
0.00631579
0.00631579
0.00631579
0.00631579
0.00631579
0.00631579
0.00631579
0.00631579
0.00631579
0.00631579
0.00631579
0.00631579
0.00631579
0.00631579
0.00631579
0.00631579
0.00631579
0.00631579
0.00631579
0.00631579
0.00631579
0.0001
0.0001
0.0001
0.0001
0.0001
0.0001
0.0001
0.0001
0.0001
0.0001
0.0001
0.0001
0.0001
0.0001
0.0001
0.0001
0.0001
0.0001
0.0001
0.0001
0.0001
0.0001
0.0001
0.0001
0.0001
0.0001
0.0001
0.0001
0.0001
0.0001
0.0001
0.0001
0.0001
0.0001
0.0001
0.00631579
0.00631579
0.00631579
0.00631579
0.00631579
0.00631579
0.00631579
0.00631579
0.00631579
0.00631579
0.00631579
0.00631579
0.00631579
0.00631579
0.00631579
0.00631579
0.00631579
0.00631579
0.00631579
0.00631579
0.00631579
0.00631579
0.00631579
0.00631579
0.00631579
0.00631579
0.00631579
0.00631579
0.00631579
0.00631579
0.00631579
0.00631579
0.00631579
0.00631579
0.00631579
0.00631579
0.00631579
0.00631579
0.00631579
0.00631579
0.00631579
0.00631579
0.00631579
0.00631579
0.00631579
0.00631579
0.00631579
0.00631579
0.00631579
0.00631579
0.00631579
0.00631579
0.00631579
0.00631579
0.00631579
0.00631579
0.00631579
0.00631579
0.00631579
0.00631579
0.00631579
0.00748044
0.0001
0.0001
0.0001
0.0001
0.0001
0.0001
0.0001
0.0001
0.0001
0.0001
0.0001
0.0001
0.0001
0.0001
0.0001
0.0001
0.0001
0.0001
0.0001
0.0001
0.0001
0.0001
0.0001
0.0001
0.0001
0.0001
0.0001
0.0001
0.0001
0.0001
0.0001
0.0001
0.0001
0.0001
0.00631579
0.00631579
0.00631579
0.00631579
0.00631579
0.00631579
0.00631579
0.00631579
0.00631579
0.00631579
0.00631579
0.00631579
0.00631579
0.00631579
0.00631579
0.00631579
0.00631579
0.00631579
0.00631579
0.00631579
0.00631579
0.00631579
0.00631579
0.00631579
0.00631579
0.00631579
0.00631579
0.00631579
0.00631579
0.00631579
0.00631579
0.00631579
0.00631579
0.00631579
0.00631579
0.00631579
0.00631579
0.00631579
0.00631579
0.00631579
0.00631579
0.00631579
0.00631579
0.00631579
0.00631579
0.00631579
0.00631579
0.00631579
0.00631579
0.00631579
0.00631579
0.00631579
0.00631579
0.00631579
0.00631579
0.00631579
0.00631579
0.00631579
0.00631579
0.00631579
0.00631579
0.00731758
0.0001
0.0001
0.0001
0.0001
0.0001
0.0001
0.0001
0.0001
0.0001
0.0001
0.0001
0.0001
0.0001
0.0001
0.0001
0.0001
0.0001
0.0001
0.0001
0.0001
0.0001
0.0001
0.0001
0.0001
0.0001
0.0001
0.0001
0.0001
0.0001
0.0001
0.0001
0.0001
0.0001
0.0001
0.00631579
0.00631579
0.00631579
0.00631579
0.00631579
0.00631579
0.00631579
0.00631579
0.00631579
0.00631579
0.00631579
0.00631579
0.00631579
0.00631579
0.00631579
0.00631579
0.00631579
0.00631579
0.00631579
0.00631579
0.00631579
0.00631579
0.00631579
0.00631579
0.00631579
0.00631579
0.00631579
0.00631579
0.00631579
0.00631579
0.00631579
0.00631579
0.00631579
0.00631579
0.00631579
0.00631579
0.00631579
0.00631579
0.00631579
0.00631579
0.00631579
0.00631579
0.00631579
0.00631579
0.00631579
0.00631579
0.00631579
0.00631579
0.00631579
0.00631579
0.00631579
0.00631579
0.00631579
0.00631579
0.00631579
0.00631579
0.00631579
0.00631579
0.00631579
0.00631579
0.00631579
0.00631579
0.00748044
0.0001
0.0001
0.0001
0.0001
0.0001
0.0001
0.0001
0.0001
0.0001
0.0001
0.0001
0.0001
0.0001
0.0001
0.0001
0.0001
0.0001
0.0001
0.0001
0.0001
0.0001
0.0001
0.0001
0.0001
0.0001
0.0001
0.0001
0.0001
0.0001
0.0001
0.0001
0.0001
0.0001
0.00631579
0.00631579
0.00631579
0.00631579
0.00631579
0.00631579
0.00631579
0.00631579
0.00631579
0.00631579
0.00631579
0.00631579
0.00631579
0.00631579
0.00631579
0.00631579
0.00631579
0.00631579
0.00631579
0.00631579
0.00631579
0.00631579
0.00631579
0.00631579
0.00631579
0.00631579
0.00631579
0.00631579
0.00631579
0.00631579
0.00631579
0.00631579
0.00631579
0.00631579
0.00631579
0.00631579
0.00631579
0.00631579
0.00631579
0.00631579
0.00631579
0.00631579
0.00631579
0.00631579
0.00631579
0.00631579
0.00631579
0.00631579
0.00631579
0.00631579
0.00631579
0.00631579
0.00631579
0.00631579
0.00631579
0.00631579
0.00631579
0.00631579
0.00631579
0.00631579
0.00631579
0.00648275
0.00748044
0.0001
0.0001
0.0001
0.0001
0.0001
0.0001
0.0001
0.0001
0.0001
0.0001
0.0001
0.0001
0.0001
0.0001
0.0001
0.0001
0.0001
0.0001
0.0001
0.0001
0.0001
0.0001
0.0001
0.0001
0.0001
0.0001
0.0001
0.0001
0.0001
0.0001
0.0001
0.0001
0.0001
0.00631579
0.00631579
0.00631579
0.00631579
0.00631579
0.00631579
0.00631579
0.00631579
0.00631579
0.00631579
0.00631579
0.00631579
0.00631579
0.00631579
0.00631579
0.00631579
0.00631579
0.00631579
0.00631579
0.00631579
0.00631579
0.00631579
0.00631579
0.00631579
0.00631579
0.00631579
0.00631579
0.00631579
0.00631579
0.00631579
0.00631579
0.00631579
0.00631579
0.00631579
0.00631579
0.00631579
0.00631579
0.00631579
0.00631579
0.00631579
0.00631579
0.00631579
0.00631579
0.00631579
0.00631579
0.00631579
0.00631579
0.00631579
0.00631579
0.00631579
0.00631579
0.00631579
0.00631579
0.00631579
0.00631579
0.00631579
0.00631579
0.00631579
0.00631579
0.00631579
0.00631579
0.00726885
0.0001
0.0001
0.0001
0.0001
0.0001
0.0001
0.0001
0.0001
0.0001
0.0001
0.0001
0.0001
0.0001
0.0001
0.0001
0.0001
0.0001
0.0001
0.0001
0.0001
0.0001
0.0001
0.0001
0.0001
0.0001
0.0001
0.0001
0.0001
0.0001
0.0001
0.0001
0.0001
0.0001
0.0001
0.00631579
0.00631579
0.00631579
0.00631579
0.00631579
0.00631579
0.00631579
0.00631579
0.00631579
0.00631579
0.00631579
0.00631579
0.00631579
0.00631579
0.00631579
0.00631579
0.00631579
0.00631579
0.00631579
0.00631579
0.00631579
0.00631579
0.00631579
0.00631579
0.00631579
0.00631579
0.00631579
0.00631579
0.00631579
0.00631579
0.00631579
0.00631579
0.00631579
0.00631579
0.00631579
0.00631579
0.00631579
0.00631579
0.00631579
0.00631579
0.00631579
0.00631579
0.00631579
0.00631579
0.00631579
0.00631579
0.00631579
0.00631579
0.00631579
0.00631579
0.00631579
0.00631579
0.00631579
0.00631579
0.00631579
0.00631579
0.00631579
0.00631579
0.00631579
0.00631579
0.00631579
0.0001
0.0001
0.0001
0.0001
0.0001
0.0001
0.0001
0.0001
0.0001
0.0001
0.0001
0.0001
0.0001
0.0001
0.0001
0.0001
0.0001
0.0001
0.0001
0.0001
0.0001
0.0001
0.0001
0.0001
0.0001
0.0001
0.0001
0.0001
0.0001
0.0001
0.0001
0.0001
0.0001
0.0001
0.0001
0.00631579
0.00631579
0.00631579
0.00631579
0.00631579
0.00631579
0.00631579
0.00631579
0.00631579
0.00631579
0.00631579
0.00631579
0.00631579
0.00631579
0.00631579
0.00631579
0.00631579
0.00631579
0.00631579
0.00631579
0.00631579
0.00631579
0.00631579
0.00631579
0.00631579
0.00631579
0.00631579
0.00631579
0.00631579
0.00631579
0.00631579
0.00631579
0.00631579
0.00631579
0.00631579
0.00631579
0.00631579
0.00631579
0.00631579
0.00631579
0.00631579
0.00631579
0.00631579
0.00631579
0.00631579
0.00631579
0.00631579
0.00631579
0.00631579
0.00631579
0.00631579
0.00631579
0.00631579
0.00631579
0.00631579
0.00631579
0.00631579
0.00631579
0.00631579
0.00631579
0.00631579
0.0001
0.00748044
0.0001
0.0001
0.0001
0.00748044
0.00748044
0.00748044
0.0001
0.0001
0.00748044
0.00748044
0.00748044
0.0001
0.0001
0.0001
0.00748044
0.00748044
0.0001
0.0001
0.0001
0.0001
0.0001
0.0001
0.0001
0.0001
0.0001
0.0001
0.0001
0.0001
0.0001
0.0001
0.0001
0.0001
0.0001
0.00631579
0.00631579
0.00631579
0.00631579
0.00631579
0.00631579
0.00631579
0.00631579
0.00631579
0.00631579
0.00631579
0.00631579
0.00631579
0.00631579
0.00631579
0.00631579
0.00631579
0.00631579
0.00631579
0.00631579
0.00631579
0.00631579
0.00631579
0.00631579
0.00631579
0.00631579
0.00631579
0.00631579
0.00631579
0.00631579
0.00631579
0.00631579
0.00631579
0.00631579
0.00631579
0.00631579
0.00631579
0.00631579
0.00631579
0.00631579
0.00631579
0.00631579
0.00631579
0.00631579
0.00631579
0.00631579
0.00631579
0.00631579
0.00631579
0.00631579
0.00631579
0.00631579
0.00631579
0.00631579
0.00631579
0.00631579
0.00631579
0.00631579
0.00631579
0.00631579
0.00631579
0.00631579
0.00631579
0.0068633
0.00672803
0.00631579
0.00631579
0.00631579
0.00681938
0.00745853
0.00631579
0.00631579
0.00657126
0.00631579
0.00631579
0.00631579
0.00631579
0.00631579
0.00631579
0.00650242
0.00738792
0.00747697
0.00748044
0.00748044
0.0001
0.0001
0.0001
0.0001
0.0001
0.0001
0.0001
0.0001
0.0001
0.0001
0.0001
0.0001
0.00631579
0.00631579
0.00631579
0.00631579
0.00631579
0.00631579
0.00631579
0.00631579
0.00631579
0.00631579
0.00631579
0.00631579
0.00631579
0.00631579
0.00631579
0.00631579
0.00631579
0.00631579
0.00631579
0.00631579
0.00631579
0.00631579
0.00631579
0.00631579
0.00631579
0.00631579
0.00631579
0.00631579
0.00631579
0.00631579
0.00631579
0.00631579
0.00631579
0.00631579
0.00631579
0.00631579
0.00631579
0.00631579
0.00631579
0.00631579
0.00631579
0.00631579
0.00631579
0.00631579
0.00631579
0.00631579
0.00631579
0.00631579
0.00631579
0.00631579
0.00631579
0.00631579
0.00631579
0.00631579
0.00631579
0.00631579
0.00631579
0.00631579
0.00631579
0.00631579
0.00631579
0.00631579
0.00631579
0.00631579
0.00631579
0.00631579
0.00631579
0.00631579
0.00631579
0.00631579
0.00631579
0.00631579
0.00631579
0.00631579
0.00631579
0.00631579
0.00631579
0.00631579
0.00631579
0.00631579
0.00631579
0.00631579
0.00720324
0.00631579
0.00691271
0.00747831
0.00748044
0.0001
0.00736887
0.0001
0.0001
0.0001
0.0001
0.0001
0.0001
0.0001
0.00631579
0.00631579
0.00631579
0.00631579
0.00631579
0.00631579
0.00631579
0.00631579
0.00631579
0.00631579
0.00631579
0.00631579
0.00631579
0.00631579
0.00631579
0.00631579
0.00631579
0.00631579
0.00631579
0.00631579
0.00631579
0.00631579
0.00631579
0.00631579
0.00631579
0.00631579
0.00631579
0.00631579
0.00631579
0.00631579
0.00631579
0.00631579
0.00631579
0.00631579
0.00631579
0.00631579
0.00631579
0.00631579
0.00631579
0.00631579
0.00631579
0.00631579
0.00631579
0.00631579
0.00631579
0.00631579
0.00631579
0.00631579
0.00631579
0.00631579
0.00631579
0.00631579
0.00631579
0.00631579
0.00631579
0.00631579
0.00631579
0.00631579
0.00631579
0.00631579
0.00631579
0.00631579
0.00631579
0.00631579
0.00631579
0.00631579
0.00631579
0.00631579
0.00631579
0.00631579
0.00631579
0.00631579
0.00631579
0.00631579
0.00631579
0.00631579
0.00631579
0.00631579
0.00631579
0.00631579
0.00631579
0.00631579
0.00631579
0.00631579
0.00631579
0.00631579
0.00631579
0.00631579
0.00631579
0.00631579
0.00631579
0.00631579
0.00631579
0.00631579
0.00631579
0.00693164
0.00631579
0.00631579
0.00631579
0.00631579
0.00631579
0.00631579
0.00631579
0.00631579
0.00631579
0.00631579
0.00631579
0.00631579
0.00631579
0.00631579
0.00631579
0.00631579
0.00631579
0.00631579
0.00631579
0.00631579
0.00631579
0.00631579
0.00631579
0.00631579
0.00631579
0.00631579
0.00631579
0.00631579
0.00631579
0.00631579
0.00631579
0.00631579
0.00631579
0.00631579
0.00631579
0.00631579
0.00631579
0.00631579
0.00631579
0.00631579
0.00631579
0.00631579
0.00631579
0.00631579
0.00631579
0.00631579
0.00631579
0.00631579
0.00631579
0.00631579
0.00631579
0.00631579
0.00631579
0.00631579
0.00631579
0.00631579
0.00631579
0.00631579
0.00631579
0.00631579
0.00631579
0.00631579
0.00631579
0.00631579
0.00631579
0.00631579
0.00631579
0.00631579
0.00631579
0.00631579
0.00631579
0.00631579
0.00631579
0.00631579
0.00631579
0.00631579
0.00631579
0.00631579
0.00631579
0.00631579
0.00631579
0.00631579
0.00631579
0.00631579
0.00631579
0.00631579
0.00631579
0.00631579
0.00631579
0.00631579
0.00631579
0.00631579
0.00631579
0.00631579
0.00631579
0.00631579
0.00631579
0.00631579
0.00631579
0.00631579
0.00631579
0.00631579
0.00631579
0.00631579
0.00631579
0.00631579
0.00631579
0.00631579
0.00631579
0.00631579
0.00631579
0.00631579
0.00631579
0.00631579
0.00631579
0.00631579
0.00631579
0.00631579
0.00631579
0.00631579
0.00631579
0.00631579
0.00631579
0.00631579
0.00631579
0.00631579
0.00631579
0.00631579
0.00631579
0.00631579
0.00631579
0.00631579
0.00631579
0.00631579
0.00631579
0.00631579
0.00631579
0.00631579
0.00631579
0.00631579
0.00631579
0.00631579
0.00631579
0.00631579
0.00631579
0.00631579
0.00631579
0.00631579
0.00631579
0.00631579
0.00631579
0.00631579
0.00631579
0.00631579
0.00631579
0.00631579
0.00631579
0.00631579
0.00631579
0.00631579
0.00631579
0.00631579
0.00631579
0.00631579
0.00631579
0.00631579
0.00631579
0.00631579
0.00631579
0.00631579
0.00631579
0.00631579
0.00631579
0.00631579
0.00631579
0.00631579
0.00631579
0.00631579
0.00631579
0.00631579
0.00631579
0.00631579
0.00631579
0.00631579
0.00631579
0.00631579
0.00631579
0.00631579
0.00631579
0.00631579
0.00631579
0.00631579
0.00631579
0.00631579
0.00631579
0.00631579
0.00631579
0.00631579
0.00631579
0.00631579
0.00631579
0.00631579
0.00631579
0.00631579
0.00631579
0.00631579
0.00631579
0.00631579
0.00631579
0.00631579
0.00631579
0.00631579
0.00631579
0.00631579
0.00631579
0.00631579
0.00631579
0.00631579
0.00631579
0.00631579
0.00631579
0.00631579
0.00631579
0.00631579
0.00631579
0.00631579
0.00631579
0.00631579
0.00631579
0.00631579
0.00631579
0.00631579
0.00631579
0.00631579
0.00631579
0.00631579
0.00631579
0.00631579
0.00631579
0.00631579
0.00631579
0.00631579
0.00631579
0.00631579
0.00631579
0.00631579
0.00631579
0.00631579
0.00631579
0.00631579
0.00631579
0.00631579
0.00631579
0.00631579
0.00631579
0.00631579
0.00631579
0.00631579
0.00631579
0.00631579
0.00631579
0.00631579
0.00631579
0.00655206
0.00631579
0.00746398
0.00692802
0.00631579
0.00631579
0.00631579
0.00631579
0.00631579
0.00631579
0.00631579
0.00631579
0.0065429
0.00631579
0.00737693
0.00705911
0.00684109
0.00719189
0.00631579
0.00631579
0.00631579
0.00631579
0.00715474
0.00687764
0.00748044
0.00631579
0.00631579
0.00631579
0.00631579
0.00631579
0.00631579
0.00631579
0.00631579
0.00631579
0.00631579
0.00631579
0.00631579
0.00631579
0.00631579
0.00631579
0.00631579
0.00631579
0.00631579
0.00631579
0.00631579
0.00631579
0.00631579
0.00631579
0.00631579
0.00631579
0.00631579
0.00631579
0.00631579
0.00631579
0.00631579
0.00631579
0.00631579
0.00631579
0.00631579
0.00631579
0.00631579
0.00631579
0.00631579
0.00631579
0.00631579
0.00631579
0.00631579
0.00631579
0.00631579
0.00631579
0.00631579
0.00631579
0.00631579
0.00631579
0.00631579
0.00631579
0.00631579
0.00631579
0.00631579
0.00631579
0.00631579
0.00631579
0.00631579
0.00631579
0.00631579
0.00631579
0.0001
0.00748044
0.00742806
0.00748044
0.00748044
0.0001
0.0001
0.0001
0.0001
0.0001
0.0001
0.0001
0.00748044
0.00698915
0.0001
0.0001
0.0001
0.0001
0.0001
0.00732942
0.0001
0.0001
0.0001
0.0001
0.0001
0.0001
0.0001
0.0001
0.0001
0.0001
0.0001
0.0001
0.0001
0.0001
0.0001
0.00631579
0.00631579
0.00631579
0.00631579
0.00631579
0.00631579
0.00631579
0.00631579
0.00631579
0.00631579
0.00631579
0.00631579
0.00631579
0.00631579
0.00631579
0.00631579
0.00631579
0.00631579
0.00631579
0.00631579
0.00631579
0.00631579
0.00631579
0.00631579
0.00631579
0.00631579
0.00631579
0.00631579
0.00631579
0.00631579
0.00631579
0.00631579
0.00631579
0.00631579
0.00631579
0.00631579
0.00631579
0.00631579
0.00631579
0.00631579
0.00631579
0.00631579
0.00631579
0.00631579
0.00631579
0.00631579
0.00631579
0.00631579
0.00631579
0.00631579
0.00631579
0.00631579
0.00631579
0.00631579
0.00631579
0.00631579
0.00631579
0.00631579
0.00631579
0.00631579
0.00631579
0.0001
0.00748044
0.0001
0.0001
0.0001
0.0001
0.0001
0.0001
0.0001
0.0001
0.0001
0.0001
0.0001
0.0001
0.0001
0.0001
0.0001
0.0001
0.0001
0.0001
0.0001
0.0001
0.0001
0.0001
0.0001
0.0001
0.0001
0.0001
0.0001
0.0001
0.0001
0.0001
0.0001
0.0001
0.0001
0.00631579
0.00631579
0.00631579
0.00631579
0.00631579
0.00631579
0.00631579
0.00631579
0.00631579
0.00631579
0.00631579
0.00631579
0.00631579
0.00631579
0.00631579
0.00631579
0.00631579
0.00631579
0.00631579
0.00631579
0.00631579
0.00631579
0.00631579
0.00631579
0.00631579
0.00631579
0.00631579
0.00631579
0.00631579
0.00631579
0.00631579
0.00631579
0.00631579
0.00631579
0.00631579
0.00631579
0.00631579
0.00631579
0.00631579
0.00631579
0.00631579
0.00631579
0.00631579
0.00631579
0.00631579
0.00631579
0.00631579
0.00631579
0.00631579
0.00631579
0.00631579
0.00631579
0.00631579
0.00631579
0.00631579
0.00631579
0.00631579
0.00631579
0.00631579
0.00631579
0.00631579
0.0001
0.0001
0.0001
0.0001
0.0001
0.0001
0.0001
0.0001
0.0001
0.0001
0.0001
0.0001
0.0001
0.0001
0.0001
0.0001
0.0001
0.0001
0.0001
0.0001
0.0001
0.0001
0.0001
0.0001
0.0001
0.0001
0.0001
0.0001
0.0001
0.0001
0.0001
0.0001
0.0001
0.0001
0.0001
0.00631579
0.00631579
0.00631579
0.00631579
0.00631579
0.00631579
0.00631579
0.00631579
0.00631579
0.00631579
0.00631579
0.00631579
0.00631579
0.00631579
0.00631579
0.00631579
0.00631579
0.00631579
0.00631579
0.00631579
0.00631579
0.00631579
0.00631579
0.00631579
0.00631579
0.00631579
0.00631579
0.00631579
0.00631579
0.00631579
0.00631579
0.00631579
0.00631579
0.00631579
0.00631579
0.00631579
0.00631579
0.00631579
0.00631579
0.00631579
0.00631579
0.00631579
0.00631579
0.00631579
0.00631579
0.00631579
0.00631579
0.00631579
0.00631579
0.00631579
0.00631579
0.00631579
0.00631579
0.00631579
0.00631579
0.00631579
0.00631579
0.00631579
0.00631579
0.00631579
0.00631579
0.0001
0.0001
0.0001
0.0001
0.0001
0.0001
0.0001
0.0001
0.0001
0.0001
0.0001
0.0001
0.0001
0.0001
0.0001
0.0001
0.0001
0.0001
0.0001
0.0001
0.0001
0.0001
0.0001
0.0001
0.0001
0.0001
0.0001
0.0001
0.0001
0.0001
0.0001
0.0001
0.0001
0.0001
0.0001
0.00631579
0.00631579
0.00631579
0.00631579
0.00631579
0.00631579
0.00631579
0.00631579
0.00631579
0.00631579
0.00631579
0.00631579
0.00631579
0.00631579
0.00631579
0.00631579
0.00631579
0.00631579
0.00631579
0.00631579
0.00631579
0.00631579
0.00631579
0.00631579
0.00631579
0.00631579
0.00631579
0.00631579
0.00631579
0.00631579
0.00631579
0.00631579
0.00631579
0.00631579
0.00631579
0.00631579
0.00631579
0.00631579
0.00631579
0.00631579
0.00631579
0.00631579
0.00631579
0.00631579
0.00631579
0.00631579
0.00631579
0.00631579
0.00631579
0.00631579
0.00631579
0.00631579
0.00631579
0.00631579
0.00631579
0.00631579
0.00631579
0.00631579
0.00631579
0.00631579
0.00631579
0.00727821
0.0001
0.0001
0.0001
0.0001
0.0001
0.0001
0.0001
0.0001
0.0001
0.0001
0.0001
0.0001
0.0001
0.0001
0.0001
0.0001
0.0001
0.0001
0.0001
0.0001
0.0001
0.0001
0.0001
0.0001
0.0001
0.0001
0.0001
0.0001
0.0001
0.0001
0.0001
0.0001
0.0001
0.0001
0.00631579
0.00631579
0.00631579
0.00631579
0.00631579
0.00631579
0.00631579
0.00631579
0.00631579
0.00631579
0.00631579
0.00631579
0.00631579
0.00631579
0.00631579
0.00631579
0.00631579
0.00631579
0.00631579
0.00631579
0.00631579
0.00631579
0.00631579
0.00631579
0.00631579
0.00631579
0.00631579
0.00631579
0.00631579
0.00631579
0.00631579
0.00631579
0.00631579
0.00631579
0.00631579
0.00631579
0.00631579
0.00631579
0.00631579
0.00631579
0.00631579
0.00631579
0.00631579
0.00631579
0.00631579
0.00631579
0.00631579
0.00631579
0.00631579
0.00631579
0.00631579
0.00631579
0.00631579
0.00631579
0.00631579
0.00631579
0.00631579
0.00631579
0.00631579
0.00631579
0.00631579
0.00631579
0.00748044
0.0001
0.0001
0.0001
0.0001
0.0001
0.0001
0.0001
0.0001
0.0001
0.0001
0.0001
0.0001
0.0001
0.0001
0.0001
0.0001
0.0001
0.0001
0.0001
0.0001
0.0001
0.0001
0.0001
0.0001
0.0001
0.0001
0.0001
0.0001
0.0001
0.0001
0.0001
0.0001
0.0001
0.00631579
0.00631579
0.00631579
0.00631579
0.00631579
0.00631579
0.00631579
0.00631579
0.00631579
0.00631579
0.00631579
0.00631579
0.00631579
0.00631579
0.00631579
0.00631579
0.00631579
0.00631579
0.00631579
0.00631579
0.00631579
0.00631579
0.00631579
0.00631579
0.00631579
0.00631579
0.00631579
0.00631579
0.00631579
0.00631579
0.00631579
0.00631579
0.00631579
0.00631579
0.00631579
0.00631579
0.00631579
0.00631579
0.00631579
0.00631579
0.00631579
0.00631579
0.00631579
0.00631579
0.00631579
0.00631579
0.00631579
0.00631579
0.00631579
0.00631579
0.00631579
0.00631579
0.00631579
0.00631579
0.00631579
0.00631579
0.00631579
0.00631579
0.00631579
0.00631579
0.00631579
0.00631579
0.00748044
0.0001
0.0001
0.0001
0.0001
0.0001
0.0001
0.0001
0.0001
0.0001
0.0001
0.0001
0.0001
0.0001
0.0001
0.0001
0.0001
0.0001
0.0001
0.0001
0.0001
0.0001
0.0001
0.0001
0.0001
0.0001
0.0001
0.0001
0.0001
0.0001
0.0001
0.0001
0.0001
0.0001
0.00631579
0.00631579
0.00631579
0.00631579
0.00631579
0.00631579
0.00631579
0.00631579
0.00631579
0.00631579
0.00631579
0.00631579
0.00631579
0.00631579
0.00631579
0.00631579
0.00631579
0.00631579
0.00631579
0.00631579
0.00631579
0.00631579
0.00631579
0.00631579
0.00631579
0.00631579
0.00631579
0.00631579
0.00631579
0.00631579
0.00631579
0.00631579
0.00631579
0.00631579
0.00631579
0.00631579
0.00631579
0.00631579
0.00631579
0.00631579
0.00631579
0.00631579
0.00631579
0.00631579
0.00631579
0.00631579
0.00631579
0.00631579
0.00631579
0.00631579
0.00631579
0.00631579
0.00631579
0.00631579
0.00631579
0.00631579
0.00631579
0.00631579
0.00631579
0.00631579
0.00631579
0.00631579
0.00748044
0.0001
0.0001
0.0001
0.0001
0.0001
0.0001
0.0001
0.0001
0.0001
0.0001
0.0001
0.0001
0.0001
0.0001
0.0001
0.0001
0.0001
0.0001
0.0001
0.0001
0.0001
0.0001
0.0001
0.0001
0.0001
0.0001
0.0001
0.0001
0.0001
0.0001
0.0001
0.0001
0.0001
0.00631579
0.00631579
0.00631579
0.00631579
0.00631579
0.00631579
0.00631579
0.00631579
0.00631579
0.00631579
0.00631579
0.00631579
0.00631579
0.00631579
0.00631579
0.00631579
0.00631579
0.00631579
0.00631579
0.00631579
0.00631579
0.00631579
0.00631579
0.00631579
0.00631579
0.00631579
0.00631579
0.00631579
0.00631579
0.00631579
0.00631579
0.00631579
0.00631579
0.00631579
0.00631579
0.00631579
0.00631579
0.00631579
0.00631579
0.00631579
0.00631579
0.00631579
0.00631579
0.00631579
0.00631579
0.00631579
0.00631579
0.00631579
0.00631579
0.00631579
0.00631579
0.00631579
0.00631579
0.00631579
0.00631579
0.00631579
0.00631579
0.00631579
0.00631579
0.00631579
0.00631579
0.00734136
0.0001
0.0001
0.0001
0.0001
0.0001
0.0001
0.0001
0.0001
0.0001
0.0001
0.0001
0.0001
0.0001
0.0001
0.0001
0.0001
0.0001
0.0001
0.0001
0.0001
0.0001
0.0001
0.0001
0.0001
0.0001
0.0001
0.0001
0.0001
0.0001
0.0001
0.0001
0.0001
0.0001
0.0001
0.00631579
0.00631579
0.00631579
0.00631579
0.00631579
0.00631579
0.00631579
0.00631579
0.00631579
0.00631579
0.00631579
0.00631579
0.00631579
0.00631579
0.00631579
0.00631579
0.00631579
0.00631579
0.00631579
0.00631579
0.00631579
0.00631579
0.00631579
0.00631579
0.00631579
0.00631579
0.00631579
0.00631579
0.00631579
0.00631579
0.00631579
0.00631579
0.00631579
0.00631579
0.00631579
0.00631579
0.00631579
0.00631579
0.00631579
0.00631579
0.00631579
0.00631579
0.00631579
0.00631579
0.00631579
0.00631579
0.00631579
0.00631579
0.00631579
0.00631579
0.00631579
0.00631579
0.00631579
0.00631579
0.00631579
0.00631579
0.00631579
0.00631579
0.00631579
0.00631579
0.00631579
0.00745438
0.00748044
0.0001
0.0001
0.0001
0.0001
0.0001
0.0001
0.0001
0.0001
0.0001
0.0001
0.00748044
0.00748044
0.0001
0.0001
0.0001
0.0001
0.0001
0.0001
0.0001
0.0001
0.0001
0.0001
0.0001
0.0001
0.0001
0.0001
0.0001
0.0001
0.0001
0.0001
0.0001
0.0001
0.0001
0.00631579
0.00631579
0.00631579
0.00631579
0.00631579
0.00631579
0.00631579
0.00631579
0.00631579
0.00631579
0.00631579
0.00631579
0.00631579
0.00631579
0.00631579
0.00631579
0.00631579
0.00631579
0.00631579
0.00631579
0.00631579
0.00631579
0.00631579
0.00631579
0.00631579
0.00631579
0.00631579
0.00631579
0.00631579
0.00631579
0.00631579
0.00631579
0.00631579
0.00631579
0.00631579
0.00631579
0.00631579
0.00631579
0.00631579
0.00631579
0.00631579
0.00631579
0.00631579
0.00631579
0.00631579
0.00631579
0.00631579
0.00631579
0.00631579
0.00631579
0.00631579
0.00631579
0.00631579
0.00631579
0.00631579
0.00631579
0.00631579
0.00631579
0.00631579
0.00631579
0.00631579
0.00685881
0.00726315
0.00701717
0.00705816
0.00683979
0.00656859
0.00631579
0.00631579
0.00631579
0.0063787
0.00720559
0.0071425
0.00708243
0.00687198
0.00631579
0.00689242
0.00717118
0.00738747
0.00746472
0.00748044
0.00748044
0.00748044
0.0001
0.0001
0.0001
0.0001
0.0001
0.0001
0.0001
0.0001
0.0001
0.0001
0.0001
0.0001
0.0001
0.00631579
0.00631579
0.00631579
0.00631579
0.00631579
0.00631579
0.00631579
0.00631579
0.00631579
0.00631579
0.00631579
0.00631579
0.00631579
0.00631579
0.00631579
0.00631579
0.00631579
0.00631579
0.00631579
0.00631579
0.00631579
0.00631579
0.00631579
0.00631579
0.00631579
0.00631579
0.00631579
0.00631579
0.00631579
0.00631579
0.00631579
0.00631579
0.00631579
0.00631579
0.00631579
0.00631579
0.00631579
0.00631579
0.00631579
0.00631579
0.00631579
0.00631579
0.00631579
0.00631579
0.00631579
0.00631579
0.00631579
0.00631579
0.00631579
0.00631579
0.00631579
0.00631579
0.00631579
0.00631579
0.00631579
0.00631579
0.00631579
0.00631579
0.00631579
0.00631579
0.00631579
0.00631579
0.00631579
0.00631579
0.00631579
0.00631579
0.00631579
0.00631579
0.00631579
0.00631579
0.00636377
0.00631579
0.00631579
0.00631579
0.00631579
0.00631579
0.00631579
0.00631579
0.00631579
0.00712295
0.0065535
0.00648251
0.00672181
0.00708967
0.00747817
0.00748044
0.00748044
0.0001
0.0001
0.0001
0.0001
0.0001
0.0001
0.0001
0.0001
0.0001
0.00631579
0.00631579
0.00631579
0.00631579
0.00631579
0.00631579
0.00631579
0.00631579
0.00631579
0.00631579
0.00631579
0.00631579
0.00631579
0.00631579
0.00631579
0.00631579
0.00631579
0.00631579
0.00631579
0.00631579
0.00631579
0.00631579
0.00631579
0.00631579
0.00631579
0.00631579
0.00631579
0.00631579
0.00631579
0.00631579
0.00631579
0.00631579
0.00631579
0.00631579
0.00631579
0.00631579
0.00631579
0.00631579
0.00631579
0.00631579
0.00631579
0.00631579
0.00631579
0.00631579
0.00631579
0.00631579
0.00631579
0.00631579
0.00631579
0.00631579
0.00631579
0.00631579
0.00631579
0.00631579
0.00631579
0.00631579
0.00631579
0.00631579
0.00631579
0.00631579
0.00631579
0.00631579
0.00631579
0.00631579
0.00631579
0.00631579
0.00631579
0.00631579
0.00631579
0.00631579
0.00631579
0.00631579
0.00631579
0.00747905
0.00631579
0.00631579
0.00631579
0.00631579
0.00631579
0.00631579
0.00631579
0.00631579
0.00681112
0.00631579
0.00631579
0.00646983
0.00631579
0.00724346
0.00747482
0.0074608
0.00748044
0.0001
0.0001
0.0001
0.0001
0.0074538
0.00631579
0.00631579
0.00631579
0.00631579
0.00631579
0.00631579
0.00631579
0.00631579
0.00631579
0.00631579
0.00631579
0.00631579
0.00631579
0.00631579
0.00631579
0.00631579
0.00631579
0.00631579
0.00631579
0.00631579
0.00631579
0.00631579
0.00631579
0.00631579
0.00631579
0.00631579
0.00631579
0.00631579
0.00631579
0.00631579
0.00631579
0.00631579
0.00631579
0.00631579
0.00631579
0.00631579
0.00631579
0.00631579
0.00631579
0.00631579
0.00631579
0.00631579
0.00631579
0.00631579
0.00631579
0.00631579
0.00631579
0.00631579
0.00631579
0.00631579
0.00631579
0.00631579
0.00631579
0.00631579
0.00631579
0.00631579
0.00631579
0.00631579
0.00631579
0.00631579
0.00631579
0.00713388
0.00631579
0.00631579
0.00631579
0.00631579
0.00631579
0.00631579
0.00631579
0.00631579
0.00631579
0.00631579
0.00631579
0.00631579
0.00631579
0.00631579
0.00631579
0.00639934
0.00679332
0.00738091
0.00731974
0.0074767
0.0001
0.0001
0.0001
0.0001
0.0001
0.0001
0.0001
0.0001
0.0001
0.0001
0.0001
0.0001
0.0001
0.00631579
0.00631579
0.00631579
0.00631579
0.00631579
0.00631579
0.00631579
0.00631579
0.00631579
0.00631579
0.00631579
0.00631579
0.00631579
0.00631579
0.00631579
0.00631579
0.00631579
0.00631579
0.00631579
0.00631579
0.00631579
0.00631579
0.00631579
0.00631579
0.00631579
0.00631579
0.00631579
0.00631579
0.00631579
0.00631579
0.00631579
0.00631579
0.00631579
0.00631579
0.00631579
0.00631579
0.00631579
0.00631579
0.00631579
0.00631579
0.00631579
0.00631579
0.00631579
0.00631579
0.00631579
0.00631579
0.00631579
0.00631579
0.00631579
0.00631579
0.00631579
0.00631579
0.00631579
0.00631579
0.00631579
0.00631579
0.00631579
0.00631579
0.00631579
0.00631579
0.00631579
0.00631579
0.00631579
0.00631579
0.00631579
0.00631579
0.00679027
0.00631579
0.00631579
0.00631579
0.00631579
0.00631579
0.00631579
0.00631579
0.00631579
0.00631579
0.00631579
0.00631579
0.00631579
0.00631579
0.00631579
0.00631579
0.00631579
0.00631579
0.00631579
0.00631579
0.00690963
0.00631579
0.00631579
0.00631579
0.00631579
0.00631579
0.00631579
0.00631579
0.00631579
0.00738105
0.00748044
0.00631579
0.00631579
0.00631579
0.00631579
0.00631579
0.00631579
0.00631579
0.00631579
0.00631579
0.00631579
0.00631579
0.00631579
0.00631579
0.00631579
0.00631579
0.00631579
0.00631579
0.00631579
0.00631579
0.00631579
0.00631579
0.00631579
0.00631579
0.00631579
0.00631579
0.00631579
0.00631579
0.00631579
0.00631579
0.00631579
0.00631579
0.00631579
0.00631579
0.00631579
0.00631579
0.00631579
0.00631579
0.00631579
0.00631579
0.00631579
0.00631579
0.00631579
0.00631579
0.00631579
0.00631579
0.00631579
0.00631579
0.00631579
0.00631579
0.00631579
0.00631579
0.00631579
0.00631579
0.00631579
0.00631579
0.00631579
0.00631579
0.00631579
0.00631579
0.00631579
0.00631579
0.00631579
0.00705894
0.00642952
0.00631579
0.00631579
0.00631579
0.00631579
0.00631579
0.00709917
0.00631579
0.00631579
0.00631579
0.00631579
0.00715322
0.00722647
0.00703727
0.00731479
0.0063198
0.00739162
0.00631579
0.00699423
0.00698053
0.00716718
0.00735561
0.00747183
0.00748044
0.00748044
0.0001
0.0001
0.0001
0.0001
0.00747822
0.0001
0.00748044
0.0001
0.00631579
0.00631579
0.00631579
0.00631579
0.00631579
0.00631579
0.00631579
0.00631579
0.00631579
0.00631579
0.00631579
0.00631579
0.00631579
0.00631579
0.00631579
0.00631579
0.00631579
0.00631579
0.00631579
0.00631579
0.00631579
0.00631579
0.00631579
0.00631579
0.00631579
0.00631579
0.00631579
0.00631579
0.00631579
0.00631579
0.00631579
0.00631579
0.00631579
0.00631579
0.00631579
0.00631579
0.00631579
0.00631579
0.00631579
0.00631579
0.00631579
0.00631579
0.00631579
0.00631579
0.00631579
0.00631579
0.00631579
0.00631579
0.00631579
0.00631579
0.00631579
0.00631579
0.00631579
0.00631579
0.00631579
0.00631579
0.00631579
0.00631579
0.00631579
0.00631579
0.00631579
0.00739504
0.00739306
0.00744919
0.00748044
0.00748044
0.00748044
0.0001
0.0001
0.0001
0.0001
0.0001
0.0001
0.0001
0.0001
0.0001
0.0001
0.0001
0.0001
0.0001
0.0001
0.0001
0.0001
0.0001
0.0001
0.0001
0.0001
0.0001
0.0001
0.0001
0.0001
0.0001
0.0001
0.0001
0.0001
0.0001
0.00631579
0.00631579
0.00631579
0.00631579
0.00631579
0.00631579
0.00631579
0.00631579
0.00631579
0.00631579
0.00631579
0.00631579
0.00631579
0.00631579
0.00631579
0.00631579
0.00631579
0.00631579
0.00631579
0.00631579
0.00631579
0.00631579
0.00631579
0.00631579
0.00631579
0.00631579
0.00631579
0.00631579
0.00631579
0.00631579
0.00631579
0.00631579
0.00631579
0.00631579
0.00631579
0.00631579
0.00631579
0.00631579
0.00631579
0.00631579
0.00631579
0.00631579
0.00631579
0.00631579
0.00631579
0.00631579
0.00631579
0.00631579
0.00631579
0.00631579
0.00631579
0.00631579
0.00631579
0.00631579
0.00631579
0.00631579
0.00631579
0.00631579
0.00631579
0.00631579
0.00631579
0.0001
0.00748044
0.0001
0.0001
0.0001
0.0001
0.0001
0.0001
0.0001
0.0001
0.0001
0.0001
0.0001
0.0001
0.0001
0.0001
0.0001
0.0001
0.0001
0.0001
0.0001
0.0001
0.0001
0.0001
0.0001
0.0001
0.0001
0.0001
0.0001
0.0001
0.0001
0.0001
0.0001
0.0001
0.0001
0.00631579
0.00631579
0.00631579
0.00631579
0.00631579
0.00631579
0.00631579
0.00631579
0.00631579
0.00631579
0.00631579
0.00631579
0.00631579
0.00631579
0.00631579
0.00631579
0.00631579
0.00631579
0.00631579
0.00631579
0.00631579
0.00631579
0.00631579
0.00631579
0.00631579
0.00631579
0.00631579
0.00631579
0.00631579
0.00631579
0.00631579
0.00631579
0.00631579
0.00631579
0.00631579
0.00631579
0.00631579
0.00631579
0.00631579
0.00631579
0.00631579
0.00631579
0.00631579
0.00631579
0.00631579
0.00631579
0.00631579
0.00631579
0.00631579
0.00631579
0.00631579
0.00631579
0.00631579
0.00631579
0.00631579
0.00631579
0.00631579
0.00631579
0.00631579
0.00631579
0.00631579
0.00748044
0.0001
0.0001
0.0001
0.0001
0.0001
0.0001
0.0001
0.0001
0.0001
0.0001
0.0001
0.0001
0.0001
0.0001
0.0001
0.0001
0.0001
0.0001
0.0001
0.0001
0.0001
0.0001
0.0001
0.0001
0.0001
0.0001
0.0001
0.0001
0.0001
0.0001
0.0001
0.0001
0.0001
0.0001
0.00631579
0.00631579
0.00631579
0.00631579
0.00631579
0.00631579
0.00631579
0.00631579
0.00631579
0.00631579
0.00631579
0.00631579
0.00631579
0.00631579
0.00631579
0.00631579
0.00631579
0.00631579
0.00631579
0.00631579
0.00631579
0.00631579
0.00631579
0.00631579
0.00631579
0.00631579
0.00631579
0.00631579
0.00631579
0.00631579
0.00631579
0.00631579
0.00631579
0.00631579
0.00631579
0.00631579
0.00631579
0.00631579
0.00631579
0.00631579
0.00631579
0.00631579
0.00631579
0.00631579
0.00631579
0.00631579
0.00631579
0.00631579
0.00631579
0.00631579
0.00631579
0.00631579
0.00631579
0.00631579
0.00631579
0.00631579
0.00631579
0.00631579
0.00631579
0.00631579
0.00631579
0.00745752
0.0001
0.0001
0.0001
0.0001
0.0001
0.0001
0.0001
0.0001
0.0001
0.0001
0.0001
0.0001
0.0001
0.0001
0.0001
0.0001
0.0001
0.0001
0.0001
0.0001
0.0001
0.0001
0.0001
0.0001
0.0001
0.0001
0.0001
0.0001
0.0001
0.0001
0.0001
0.0001
0.0001
0.0001
0.00631579
0.00631579
0.00631579
0.00631579
0.00631579
0.00631579
0.00631579
0.00631579
0.00631579
0.00631579
0.00631579
0.00631579
0.00631579
0.00631579
0.00631579
0.00631579
0.00631579
0.00631579
0.00631579
0.00631579
0.00631579
0.00631579
0.00631579
0.00631579
0.00631579
0.00631579
0.00631579
0.00631579
0.00631579
0.00631579
0.00631579
0.00631579
0.00631579
0.00631579
0.00631579
0.00631579
0.00631579
0.00631579
0.00631579
0.00631579
0.00631579
0.00631579
0.00631579
0.00631579
0.00631579
0.00631579
0.00631579
0.00631579
0.00631579
0.00631579
0.00631579
0.00631579
0.00631579
0.00631579
0.00631579
0.00631579
0.00631579
0.00631579
0.00631579
0.00631579
0.00631579
0.00658319
0.00748044
0.0001
0.0001
0.0001
0.0001
0.0001
0.0001
0.0001
0.0001
0.0001
0.0001
0.0001
0.0001
0.0001
0.0001
0.0001
0.0001
0.0001
0.0001
0.0001
0.0001
0.0001
0.0001
0.0001
0.0001
0.0001
0.0001
0.0001
0.0001
0.0001
0.0001
0.0001
0.0001
0.0001
0.00631579
0.00631579
0.00631579
0.00631579
0.00631579
0.00631579
0.00631579
0.00631579
0.00631579
0.00631579
0.00631579
0.00631579
0.00631579
0.00631579
0.00631579
0.00631579
0.00631579
0.00631579
0.00631579
0.00631579
0.00631579
0.00631579
0.00631579
0.00631579
0.00631579
0.00631579
0.00631579
0.00631579
0.00631579
0.00631579
0.00631579
0.00631579
0.00631579
0.00631579
0.00631579
0.00631579
0.00631579
0.00631579
0.00631579
0.00631579
0.00631579
0.00631579
0.00631579
0.00631579
0.00631579
0.00631579
0.00631579
0.00631579
0.00631579
0.00631579
0.00631579
0.00631579
0.00631579
0.00631579
0.00631579
0.00631579
0.00631579
0.00631579
0.00631579
0.00631579
0.00631579
0.00631579
0.00748044
0.0001
0.0001
0.0001
0.0001
0.0001
0.0001
0.0001
0.0001
0.0001
0.0001
0.0001
0.0001
0.0001
0.0001
0.0001
0.0001
0.0001
0.0001
0.0001
0.0001
0.0001
0.0001
0.0001
0.0001
0.0001
0.0001
0.0001
0.0001
0.0001
0.0001
0.0001
0.0001
0.0001
0.00631579
0.00631579
0.00631579
0.00631579
0.00631579
0.00631579
0.00631579
0.00631579
0.00631579
0.00631579
0.00631579
0.00631579
0.00631579
0.00631579
0.00631579
0.00631579
0.00631579
0.00631579
0.00631579
0.00631579
0.00631579
0.00631579
0.00631579
0.00631579
0.00631579
0.00631579
0.00631579
0.00631579
0.00631579
0.00631579
0.00631579
0.00631579
0.00631579
0.00631579
0.00631579
0.00631579
0.00631579
0.00631579
0.00631579
0.00631579
0.00631579
0.00631579
0.00631579
0.00631579
0.00631579
0.00631579
0.00631579
0.00631579
0.00631579
0.00631579
0.00631579
0.00631579
0.00631579
0.00631579
0.00631579
0.00631579
0.00631579
0.00631579
0.00631579
0.00631579
0.00631579
0.00712145
0.00748044
0.0001
0.0001
0.0001
0.0001
0.0001
0.0001
0.0001
0.0001
0.0001
0.0001
0.0001
0.0001
0.0001
0.0001
0.0001
0.0001
0.0001
0.0001
0.0001
0.0001
0.0001
0.0001
0.0001
0.0001
0.0001
0.0001
0.0001
0.0001
0.0001
0.0001
0.0001
0.0001
0.0001
0.00631579
0.00631579
0.00631579
0.00631579
0.00631579
0.00631579
0.00631579
0.00631579
0.00631579
0.00631579
0.00631579
0.00631579
0.00631579
0.00631579
0.00631579
0.00631579
0.00631579
0.00631579
0.00631579
0.00631579
0.00631579
0.00631579
0.00631579
0.00631579
0.00631579
0.00631579
0.00631579
0.00631579
0.00631579
0.00631579
0.00631579
0.00631579
0.00631579
0.00631579
0.00631579
0.00631579
0.00631579
0.00631579
0.00631579
0.00631579
0.00631579
0.00631579
0.00631579
0.00631579
0.00631579
0.00631579
0.00631579
0.00631579
0.00631579
0.00631579
0.00631579
0.00631579
0.00631579
0.00631579
0.00631579
0.00631579
0.00631579
0.00631579
0.00631579
0.00631579
0.00631579
0.00631579
0.00748044
0.0001
0.0001
0.0001
0.0001
0.0001
0.0001
0.0001
0.0001
0.0001
0.0001
0.0001
0.0001
0.0001
0.0001
0.0001
0.0001
0.0001
0.0001
0.0001
0.0001
0.0001
0.0001
0.0001
0.0001
0.0001
0.0001
0.0001
0.0001
0.0001
0.0001
0.0001
0.0001
0.0001
0.00631579
0.00631579
0.00631579
0.00631579
0.00631579
0.00631579
0.00631579
0.00631579
0.00631579
0.00631579
0.00631579
0.00631579
0.00631579
0.00631579
0.00631579
0.00631579
0.00631579
0.00631579
0.00631579
0.00631579
0.00631579
0.00631579
0.00631579
0.00631579
0.00631579
0.00631579
0.00631579
0.00631579
0.00631579
0.00631579
0.00631579
0.00631579
0.00631579
0.00631579
0.00631579
0.00631579
0.00631579
0.00631579
0.00631579
0.00631579
0.00631579
0.00631579
0.00631579
0.00631579
0.00631579
0.00631579
0.00631579
0.00631579
0.00631579
0.00631579
0.00631579
0.00631579
0.00631579
0.00631579
0.00631579
0.00631579
0.00631579
0.00631579
0.00631579
0.00631579
0.00631579
0.00631579
0.00748044
0.0001
0.0001
0.0001
0.0001
0.0001
0.0001
0.0001
0.0001
0.0001
0.0001
0.0001
0.0001
0.0001
0.0001
0.0001
0.0001
0.0001
0.0001
0.0001
0.0001
0.0001
0.0001
0.0001
0.0001
0.0001
0.0001
0.0001
0.0001
0.0001
0.0001
0.0001
0.0001
0.0001
0.00631579
0.00631579
0.00631579
0.00631579
0.00631579
0.00631579
0.00631579
0.00631579
0.00631579
0.00631579
0.00631579
0.00631579
0.00631579
0.00631579
0.00631579
0.00631579
0.00631579
0.00631579
0.00631579
0.00631579
0.00631579
0.00631579
0.00631579
0.00631579
0.00631579
0.00631579
0.00631579
0.00631579
0.00631579
0.00631579
0.00631579
0.00631579
0.00631579
0.00631579
0.00631579
0.00631579
0.00631579
0.00631579
0.00631579
0.00631579
0.00631579
0.00631579
0.00631579
0.00631579
0.00631579
0.00631579
0.00631579
0.00631579
0.00631579
0.00631579
0.00631579
0.00631579
0.00631579
0.00631579
0.00631579
0.00631579
0.00631579
0.00631579
0.00631579
0.00631579
0.00631579
0.00718915
0.0001
0.0001
0.0001
0.0001
0.0001
0.0001
0.0001
0.0001
0.0001
0.0001
0.0001
0.0001
0.0001
0.0001
0.0001
0.0001
0.0001
0.0001
0.0001
0.0001
0.0001
0.0001
0.0001
0.0001
0.0001
0.0001
0.0001
0.0001
0.0001
0.0001
0.0001
0.0001
0.0001
0.0001
0.00631579
0.00631579
0.00631579
0.00631579
0.00631579
0.00631579
0.00631579
0.00631579
0.00631579
0.00631579
0.00631579
0.00631579
0.00631579
0.00631579
0.00631579
0.00631579
0.00631579
0.00631579
0.00631579
0.00631579
0.00631579
0.00631579
0.00631579
0.00631579
0.00631579
0.00631579
0.00631579
0.00631579
0.00631579
0.00631579
0.00631579
0.00631579
0.00631579
0.00631579
0.00631579
0.00631579
0.00631579
0.00631579
0.00631579
0.00631579
0.00631579
0.00631579
0.00631579
0.00631579
0.00631579
0.00631579
0.00631579
0.00631579
0.00631579
0.00631579
0.00631579
0.00631579
0.00631579
0.00631579
0.00631579
0.00631579
0.00631579
0.00631579
0.00631579
0.00631579
0.00631579
0.00672271
0.00748044
0.007468
0.00748044
0.00748044
0.0001
0.00748044
0.00748044
0.00748044
0.0001
0.0001
0.0001
0.0001
0.0001
0.0001
0.0001
0.0001
0.0001
0.0001
0.0001
0.0001
0.0001
0.0001
0.0001
0.0001
0.0001
0.0001
0.0001
0.0001
0.0001
0.0001
0.0001
0.0001
0.0001
0.0001
0.00631579
0.00631579
0.00631579
0.00631579
0.00631579
0.00631579
0.00631579
0.00631579
0.00631579
0.00631579
0.00631579
0.00631579
0.00631579
0.00631579
0.00631579
0.00631579
0.00631579
0.00631579
0.00631579
0.00631579
0.00631579
0.00631579
0.00631579
0.00631579
0.00631579
0.00631579
0.00631579
0.00631579
0.00631579
0.00631579
0.00631579
0.00631579
0.00631579
0.00631579
0.00631579
0.00631579
0.00631579
0.00631579
0.00631579
0.00631579
0.00631579
0.00631579
0.00631579
0.00631579
0.00631579
0.00631579
0.00631579
0.00631579
0.00631579
0.00631579
0.00631579
0.00631579
0.00631579
0.00631579
0.00631579
0.00631579
0.00631579
0.00631579
0.00631579
0.00631579
0.00631579
0.00631579
0.00747332
0.00748044
0.00728181
0.00745198
0.00748044
0.00748044
0.00748044
0.0001
0.0001
0.0001
0.0001
0.0001
0.0001
0.0001
0.0001
0.0001
0.0001
0.0001
0.0001
0.0001
0.0001
0.0001
0.0001
0.0001
0.0001
0.0001
0.0001
0.0001
0.0001
0.0001
0.0001
0.0001
0.0001
0.0001
0.00631579
0.00631579
0.00631579
0.00631579
0.00631579
0.00631579
0.00631579
0.00631579
0.00631579
0.00631579
0.00631579
0.00631579
0.00631579
0.00631579
0.00631579
0.00631579
0.00631579
0.00631579
0.00631579
0.00631579
0.00631579
0.00631579
0.00631579
0.00631579
0.00631579
0.00631579
0.00631579
0.00631579
0.00631579
0.00631579
0.00631579
0.00631579
0.00631579
0.00631579
0.00631579
0.00631579
0.00631579
0.00631579
0.00631579
0.00631579
0.00631579
0.00631579
0.00631579
0.00631579
0.00631579
0.00631579
0.00631579
0.00631579
0.00631579
0.00631579
0.00631579
0.00631579
0.00631579
0.00631579
0.00631579
0.00631579
0.00631579
0.00631579
0.00631579
0.00631579
0.00631579
0.00732115
0.00748044
0.0001
0.00743995
0.0001
0.0001
0.0001
0.0001
0.0001
0.0001
0.0001
0.0001
0.0001
0.0001
0.0001
0.0001
0.0001
0.0001
0.0001
0.0001
0.0001
0.0001
0.0001
0.0001
0.0001
0.0001
0.0001
0.0001
0.0001
0.0001
0.0001
0.0001
0.0001
0.0001
0.0001
0.00631579
0.00631579
0.00631579
0.00631579
0.00631579
0.00631579
0.00631579
0.00631579
0.00631579
0.00631579
0.00631579
0.00631579
0.00631579
0.00631579
0.00631579
0.00631579
0.00631579
0.00631579
0.00631579
0.00631579
0.00631579
0.00631579
0.00631579
0.00631579
0.00631579
0.00631579
0.00631579
0.00631579
0.00631579
0.00631579
0.00631579
0.00631579
0.00631579
0.00631579
0.00631579
0.00631579
0.00631579
0.00631579
0.00631579
0.00631579
0.00631579
0.00631579
0.00631579
0.00631579
0.00631579
0.00631579
0.00631579
0.00631579
0.00631579
0.00631579
0.00631579
0.00631579
0.00631579
0.00631579
0.00631579
0.00631579
0.00631579
0.00631579
0.00631579
0.00631579
0.00631579
0.00738113
0.0001
0.0001
0.0001
0.0001
0.0001
0.0001
0.0001
0.0001
0.0001
0.0001
0.0001
0.0001
0.0001
0.0001
0.0001
0.00724338
0.0001
0.0001
0.0001
0.0001
0.0001
0.0001
0.0001
0.0001
0.0001
0.0001
0.0001
0.0001
0.0001
0.0001
0.0001
0.0001
0.0001
0.0001
0.00631579
0.00631579
0.00631579
0.00631579
0.00631579
0.00631579
0.00631579
0.00631579
0.00631579
0.00631579
0.00631579
0.00631579
0.00631579
0.00631579
0.00631579
0.00631579
0.00631579
0.00631579
0.00631579
0.00631579
0.00631579
0.00631579
0.00631579
0.00631579
0.00631579
0.00631579
0.00631579
0.00631579
0.00631579
0.00631579
0.00631579
0.00631579
0.00631579
0.00631579
0.00631579
0.00631579
0.00631579
0.00631579
0.00631579
0.00631579
0.00631579
0.00631579
0.00631579
0.00631579
0.00631579
0.00631579
0.00631579
0.00631579
0.00631579
0.00631579
0.00631579
0.00631579
0.00631579
0.00631579
0.00631579
0.00631579
0.00631579
0.00631579
0.00631579
0.00631579
0.00631579
0.00726765
0.00748044
0.00748044
0.00748044
0.0001
0.00748044
0.00748044
0.00740132
0.00739794
0.0072361
0.00705276
0.00730324
0.00727634
0.00743883
0.00745086
0.0074454
0.00742999
0.00746246
0.00748044
0.00744193
0.00748044
0.0001
0.0001
0.0001
0.0001
0.0001
0.0001
0.0001
0.0001
0.0001
0.0001
0.0001
0.0001
0.0001
0.0001
0.00631579
0.00631579
0.00631579
0.00631579
0.00631579
0.00631579
0.00631579
0.00631579
0.00631579
0.00631579
0.00631579
0.00631579
0.00631579
0.00631579
0.00631579
0.00631579
0.00631579
0.00631579
0.00631579
0.00631579
0.00631579
0.00631579
0.00631579
0.00631579
0.00631579
0.00631579
0.00631579
0.00631579
0.00631579
0.00631579
0.00631579
0.00631579
0.00631579
0.00631579
0.00631579
0.00631579
0.00631579
0.00631579
0.00631579
0.00631579
0.00631579
0.00631579
0.00631579
0.00631579
0.00631579
0.00631579
0.00631579
0.00631579
0.00631579
0.00631579
0.00631579
0.00631579
0.00631579
0.00631579
0.00631579
0.00631579
0.00631579
0.00631579
0.00631579
0.00631579
0.00631579
0.00631579
0.0001
0.00748044
0.00748044
0.0001
0.00748044
0.00748044
0.00748044
0.0001
0.0001
0.0001
0.0001
0.0001
0.0001
0.0001
0.0001
0.0001
0.0001
0.0001
0.0001
0.0001
0.0001
0.0001
0.0001
0.0001
0.0001
0.0001
0.0001
0.0001
0.0001
0.0001
0.0001
0.0001
0.0001
0.0001
0.00631579
0.00631579
0.00631579
0.00631579
0.00631579
0.00631579
0.00631579
0.00631579
0.00631579
0.00631579
0.00631579
0.00631579
0.00631579
0.00631579
0.00631579
0.00631579
0.00631579
0.00631579
0.00631579
0.00631579
0.00631579
0.00631579
0.00631579
0.00631579
0.00631579
0.00631579
0.00631579
0.00631579
0.00631579
0.00631579
0.00631579
0.00631579
0.00631579
0.00631579
0.00631579
0.00631579
0.00631579
0.00631579
0.00631579
0.00631579
0.00631579
0.00631579
0.00631579
0.00631579
0.00631579
0.00631579
0.00631579
0.00631579
0.00631579
0.00631579
0.00631579
0.00631579
0.00631579
0.00631579
0.00631579
0.00631579
0.00631579
0.00631579
0.00631579
0.00631579
0.00631579
0.00724511
0.0001
0.0001
0.0001
0.0001
0.0001
0.0001
0.0001
0.0001
0.0001
0.0001
0.0001
0.0001
0.0001
0.0001
0.0001
0.0001
0.0001
0.0001
0.0001
0.0001
0.0001
0.0001
0.0001
0.0001
0.0001
0.0001
0.0001
0.0001
0.0001
0.0001
0.0001
0.0001
0.0001
0.0001
0.00631579
0.00631579
0.00631579
0.00631579
0.00631579
0.00631579
0.00631579
0.00631579
0.00631579
0.00631579
0.00631579
0.00631579
0.00631579
0.00631579
0.00631579
0.00631579
0.00631579
0.00631579
0.00631579
0.00631579
0.00631579
0.00631579
0.00631579
0.00631579
0.00631579
0.00631579
0.00631579
0.00631579
0.00631579
0.00631579
0.00631579
0.00631579
0.00631579
0.00631579
0.00631579
0.00631579
0.00631579
0.00631579
0.00631579
0.00631579
0.00631579
0.00631579
0.00631579
0.00631579
0.00631579
0.00631579
0.00631579
0.00631579
0.00631579
0.00631579
0.00631579
0.00631579
0.00631579
0.00631579
0.00631579
0.00631579
0.00631579
0.00631579
0.00631579
0.00631579
0.00631579
0.00690569
0.00748044
0.0001
0.0001
0.0001
0.0001
0.0001
0.0001
0.0001
0.0001
0.0001
0.0001
0.0001
0.0001
0.0001
0.0001
0.0001
0.0001
0.0001
0.0001
0.0001
0.0001
0.0001
0.0001
0.0001
0.0001
0.0001
0.0001
0.0001
0.0001
0.0001
0.0001
0.0001
0.0001
0.0001
0.00631579
0.00631579
0.00631579
0.00631579
0.00631579
0.00631579
0.00631579
0.00631579
0.00631579
0.00631579
0.00631579
0.00631579
0.00631579
0.00631579
0.00631579
0.00631579
0.00631579
0.00631579
0.00631579
0.00631579
0.00631579
0.00631579
0.00631579
0.00631579
0.00631579
0.00631579
0.00631579
0.00631579
0.00631579
0.00631579
0.00631579
0.00631579
0.00631579
0.00631579
0.00631579
0.00631579
0.00631579
0.00631579
0.00631579
0.00631579
0.00631579
0.00631579
0.00631579
0.00631579
0.00631579
0.00631579
0.00631579
0.00631579
0.00631579
0.00631579
0.00631579
0.00631579
0.00631579
0.00631579
0.00631579
0.00631579
0.00631579
0.00631579
0.00631579
0.00631579
0.00631579
0.00652716
0.00748044
0.0001
0.0001
0.0001
0.0001
0.0001
0.0001
0.0001
0.0001
0.0001
0.0001
0.0001
0.0001
0.0001
0.0001
0.0001
0.0001
0.0001
0.0001
0.0001
0.0001
0.0001
0.0001
0.0001
0.0001
0.0001
0.0001
0.0001
0.0001
0.0001
0.0001
0.0001
0.0001
0.0001
0.00631579
0.00631579
0.00631579
0.00631579
0.00631579
0.00631579
0.00631579
0.00631579
0.00631579
0.00631579
0.00631579
0.00631579
0.00631579
0.00631579
0.00631579
0.00631579
0.00631579
0.00631579
0.00631579
0.00631579
0.00631579
0.00631579
0.00631579
0.00631579
0.00631579
0.00631579
0.00631579
0.00631579
0.00631579
0.00631579
0.00631579
0.00631579
0.00631579
0.00631579
0.00631579
0.00631579
0.00631579
0.00631579
0.00631579
0.00631579
0.00631579
0.00631579
0.00631579
0.00631579
0.00631579
0.00631579
0.00631579
0.00631579
0.00631579
0.00631579
0.00631579
0.00631579
0.00631579
0.00631579
0.00631579
0.00631579
0.00631579
0.00631579
0.00631579
0.00631579
0.00631579
0.00631579
0.00748044
0.0001
0.0001
0.0001
0.0001
0.0001
0.0001
0.0001
0.0001
0.0001
0.0001
0.0001
0.0001
0.0001
0.0001
0.0001
0.0001
0.0001
0.0001
0.0001
0.0001
0.0001
0.0001
0.0001
0.0001
0.0001
0.0001
0.0001
0.0001
0.0001
0.0001
0.0001
0.0001
0.0001
0.00631579
0.00631579
0.00631579
0.00631579
0.00631579
0.00631579
0.00631579
0.00631579
0.00631579
0.00631579
0.00631579
0.00631579
0.00631579
0.00631579
0.00631579
0.00631579
0.00631579
0.00631579
0.00631579
0.00631579
0.00631579
0.00631579
0.00631579
0.00631579
0.00631579
0.00631579
0.00631579
0.00631579
0.00631579
0.00631579
0.00631579
0.00631579
0.00631579
0.00631579
0.00631579
0.00631579
0.00631579
0.00631579
0.00631579
0.00631579
0.00631579
0.00631579
0.00631579
0.00631579
0.00631579
0.00631579
0.00631579
0.00631579
0.00631579
0.00631579
0.00631579
0.00631579
0.00631579
0.00631579
0.00631579
0.00631579
0.00631579
0.00631579
0.00631579
0.00631579
0.00631579
0.00653675
0.00748044
0.0001
0.0001
0.0001
0.0001
0.0001
0.0001
0.0001
0.0001
0.0001
0.0001
0.0001
0.0001
0.0001
0.0001
0.0001
0.0001
0.0001
0.0001
0.0001
0.0001
0.0001
0.0001
0.0001
0.0001
0.0001
0.0001
0.0001
0.0001
0.0001
0.0001
0.0001
0.0001
0.0001
0.00631579
0.00631579
0.00631579
0.00631579
0.00631579
0.00631579
0.00631579
0.00631579
0.00631579
0.00631579
0.00631579
0.00631579
0.00631579
0.00631579
0.00631579
0.00631579
0.00631579
0.00631579
0.00631579
0.00631579
0.00631579
0.00631579
0.00631579
0.00631579
0.00631579
0.00631579
0.00631579
0.00631579
0.00631579
0.00631579
0.00631579
0.00631579
0.00631579
0.00631579
0.00631579
0.00631579
0.00631579
0.00631579
0.00631579
0.00631579
0.00631579
0.00631579
0.00631579
0.00631579
0.00631579
0.00631579
0.00631579
0.00631579
0.00631579
0.00631579
0.00631579
0.00631579
0.00631579
0.00631579
0.00631579
0.00631579
0.00631579
0.00631579
0.00631579
0.00631579
0.00631579
0.00631579
0.00748044
0.0001
0.0001
0.0001
0.0001
0.0001
0.0001
0.0001
0.0001
0.0001
0.0001
0.0001
0.0001
0.0001
0.0001
0.0001
0.0001
0.0001
0.0001
0.0001
0.0001
0.0001
0.0001
0.0001
0.0001
0.0001
0.0001
0.0001
0.0001
0.0001
0.0001
0.0001
0.0001
0.0001
)
;

boundaryField
{
    outlet
    {
        type            zeroGradient;
    }
    inlet
    {
        type            fixedValue;
        value           uniform 0.00252;
    }
    walls
    {
        type            zeroGradient;
    }
}


// ************************************************************************* //
