/*--------------------------------*- C++ -*----------------------------------*\
| =========                 |                                                 |
| \\      /  F ield         | OpenFOAM: The Open Source CFD Toolbox           |
|  \\    /   O peration     | Version:  2.3.0                                 |
|   \\  /    A nd           | Web:      www.OpenFOAM.org                      |
|    \\/     M anipulation  |                                                 |
\*---------------------------------------------------------------------------*/
FoamFile
{
    version     2.0;
    format      ascii;
    class       volScalarField;
    location    "20";
    object      rho;
}
// * * * * * * * * * * * * * * * * * * * * * * * * * * * * * * * * * * * * * //

dimensions      [1 -3 0 0 0 0 0];

internalField   nonuniform List<scalar> 
6144
(
1.16603
1.16642
1.16662
1.16692
1.16719
1.16763
1.16813
1.16859
1.16879
1.16886
1.16888
1.16889
1.16889
1.1689
1.1689
1.1689
1.1689
1.1689
1.1689
1.1689
1.16891
1.16891
1.16891
1.16891
1.16891
1.16891
1.16891
1.16892
1.16892
1.16892
1.16892
1.16892
1.16892
1.16893
1.16893
1.16893
1.16893
1.16893
1.16893
1.16894
1.16894
1.16894
1.16894
1.16894
1.16896
1.16941
1.17328
1.18592
1.20613
1.2264
1.23956
1.24651
1.25947
1.28388
1.29308
1.29994
1.29915
1.2925
3.11836
77.9572
999.134
1026.94
1027.09
1027.1
1027.1
1027.1
1027.1
1027.1
1027.1
1027.1
1027.1
1027.1
1027.1
1027.1
1027.1
1027.1
1027.1
1027.1
1027.1
1027.1
1027.1
1027.1
1027.1
1027.1
1027.1
1027.1
1027.1
1027.1
1027.1
1027.1
1027.1
1027.1
1027.1
1027.1
1027.1
1027.1
1.16593
1.16646
1.1668
1.16711
1.16749
1.16791
1.16843
1.1687
1.16879
1.16886
1.16888
1.16889
1.1689
1.1689
1.1689
1.1689
1.16891
1.16891
1.16891
1.16891
1.16891
1.16891
1.16892
1.16892
1.16892
1.16892
1.16892
1.16892
1.16893
1.16893
1.16893
1.16893
1.16893
1.16893
1.16893
1.16894
1.16894
1.16894
1.16894
1.16894
1.16894
1.16894
1.16894
1.16895
1.169
1.16962
1.17291
1.18263
1.19744
1.21081
1.21891
1.22785
1.26473
1.30785
1.30893
1.30857
1.30596
1.30877
2.04983
50.7775
998.377
1027.01
1027.09
1027.1
1027.1
1027.1
1027.1
1027.1
1027.1
1027.1
1027.1
1027.1
1027.1
1027.1
1027.1
1027.1
1027.1
1027.1
1027.1
1027.1
1027.1
1027.1
1027.1
1027.1
1027.1
1027.1
1027.1
1027.1
1027.1
1027.1
1027.1
1027.1
1027.1
1027.1
1027.1
1027.1
1.16509
1.16572
1.16625
1.16665
1.16713
1.16757
1.16827
1.16861
1.16871
1.16878
1.16883
1.16887
1.16889
1.1689
1.1689
1.1689
1.16891
1.16891
1.16891
1.16891
1.16891
1.16891
1.16892
1.16892
1.16892
1.16892
1.16892
1.16892
1.16893
1.16893
1.16893
1.16893
1.16893
1.16893
1.16893
1.16894
1.16894
1.16894
1.16894
1.16894
1.16894
1.16894
1.16894
1.16897
1.16927
1.17041
1.17293
1.17801
1.18782
1.19945
1.20472
1.22533
1.29663
1.32078
1.3094
1.30392
1.29739
1.30307
1.63355
53.2881
1005.85
1027.06
1027.09
1027.1
1027.1
1027.1
1027.1
1027.1
1027.1
1027.1
1027.1
1027.1
1027.1
1027.1
1027.1
1027.1
1027.1
1027.1
1027.1
1027.1
1027.1
1027.1
1027.1
1027.1
1027.1
1027.1
1027.1
1027.1
1027.1
1027.1
1027.1
1027.1
1027.1
1027.1
1027.1
1027.1
1.16434
1.16491
1.16547
1.16602
1.16666
1.16716
1.16789
1.16851
1.16872
1.16876
1.16879
1.16885
1.16888
1.1689
1.1689
1.1689
1.1689
1.1689
1.16891
1.16891
1.16891
1.16891
1.16891
1.16891
1.16891
1.16892
1.16892
1.16892
1.16892
1.16892
1.16892
1.16893
1.16893
1.16893
1.16893
1.16893
1.16893
1.16893
1.16894
1.16894
1.16894
1.16894
1.16894
1.169
1.16938
1.17065
1.17292
1.17638
1.18334
1.19018
1.20014
1.24559
1.32422
1.32219
1.2998
1.29908
1.29237
1.29821
1.3049
79.8717
1008.99
1027.06
1027.09
1027.09
1027.09
1027.09
1027.09
1027.09
1027.1
1027.1
1027.1
1027.1
1027.1
1027.1
1027.1
1027.1
1027.1
1027.1
1027.1
1027.1
1027.1
1027.1
1027.1
1027.1
1027.1
1027.1
1027.1
1027.1
1027.1
1027.1
1027.1
1027.1
1027.1
1027.1
1027.1
1027.1
1.16378
1.16426
1.16483
1.16541
1.16608
1.16673
1.16744
1.16803
1.1687
1.16879
1.16877
1.16884
1.16888
1.1689
1.1689
1.1689
1.16891
1.16891
1.16891
1.16891
1.16891
1.16892
1.16892
1.16892
1.16892
1.16892
1.16892
1.16892
1.16893
1.16893
1.16893
1.16893
1.16893
1.16893
1.16893
1.16894
1.16894
1.16894
1.16894
1.16894
1.16894
1.16894
1.16895
1.169
1.16934
1.17043
1.17237
1.17549
1.18149
1.18593
1.20884
1.26794
1.33522
1.3333
1.30699
1.29879
1.29238
1.29956
1.50732
110.329
1000.85
1026.56
1026.68
1026.87
1026.94
1026.98
1026.99
1026.99
1027
1027.01
1027.01
1027.01
1027.01
1027.01
1027
1027
1027
1026.98
1026.95
1026.92
1026.89
1026.86
1026.83
1026.8
1026.79
1026.85
1026.92
1026.97
1027.01
1027.04
1027.07
1027.08
1027.09
1027.1
1027.1
1027.1
1.16333
1.16365
1.16437
1.16496
1.16551
1.16619
1.16709
1.16765
1.16831
1.16869
1.16871
1.16882
1.16887
1.16889
1.1689
1.1689
1.1689
1.1689
1.1689
1.1689
1.16891
1.16891
1.16891
1.16891
1.16891
1.16891
1.16892
1.16892
1.16892
1.16892
1.16892
1.16892
1.16893
1.16893
1.16893
1.16893
1.16893
1.16893
1.16893
1.16894
1.16894
1.16894
1.16895
1.16902
1.16935
1.1703
1.17215
1.1756
1.18
1.18543
1.22614
1.28944
1.33663
1.35054
1.32018
1.30316
1.29222
1.29724
1.30164
171.824
997.951
1023.88
1024.05
1024.78
1025.06
1025.25
1025.41
1025.54
1025.62
1025.63
1025.6
1025.58
1025.57
1025.54
1025.49
1025.41
1025.31
1025.16
1024.94
1024.67
1024.36
1024.04
1023.77
1023.55
1023.41
1023.35
1023.36
1023.56
1023.83
1024.39
1025.03
1025.67
1026.25
1026.69
1026.96
1027.05
1.16301
1.16308
1.16393
1.16454
1.1651
1.16571
1.16668
1.16754
1.16782
1.16835
1.16859
1.16878
1.16887
1.1689
1.1689
1.1689
1.1689
1.16891
1.16891
1.16891
1.16891
1.16891
1.16891
1.16892
1.16892
1.16892
1.16892
1.16892
1.16892
1.16892
1.16893
1.16893
1.16893
1.16893
1.16893
1.16893
1.16893
1.16894
1.16894
1.16894
1.16894
1.16894
1.16895
1.16906
1.16947
1.17044
1.17241
1.17541
1.17782
1.18639
1.24579
1.30653
1.32893
1.34592
1.31946
1.30301
1.29243
1.29683
1.28896
344.345
1010.51
1016.24
1016.19
1016.59
1016.73
1016.85
1017.05
1017.21
1017.34
1017.46
1017.49
1017.59
1017.75
1017.86
1017.89
1017.76
1017.54
1017.19
1016.73
1016.14
1015.55
1014.93
1014.25
1013.61
1013.11
1012.69
1012.42
1012.29
1012.67
1013.18
1014.05
1015.36
1017.19
1019.54
1022.51
1024.75
1.16284
1.16277
1.16344
1.16395
1.16468
1.16531
1.16629
1.16743
1.16776
1.16808
1.16844
1.16874
1.16886
1.1689
1.1689
1.16891
1.1689
1.16891
1.16891
1.16891
1.16891
1.16891
1.16892
1.16892
1.16892
1.16892
1.16892
1.16892
1.16893
1.16893
1.16893
1.16893
1.16893
1.16893
1.16894
1.16894
1.16894
1.16894
1.16894
1.16895
1.16895
1.16895
1.16896
1.16911
1.16956
1.17059
1.17267
1.17503
1.1774
1.18828
1.26004
1.31092
1.31779
1.30873
1.2973
1.29541
1.29241
1.29669
1.28896
378.412
1007.22
1012.75
1012.77
1012.75
1012.86
1012.91
1012.96
1012.89
1012.87
1012.87
1012.82
1012.81
1012.88
1012.9
1012.91
1012.87
1012.64
1012.42
1012.21
1011.88
1011.58
1011.35
1011.08
1010.82
1010.57
1010.45
1010.42
1010.49
1009.92
1008.55
1007.32
1006.29
1005.56
1005.05
1008.01
1011.12
1.16281
1.16285
1.16316
1.16339
1.1642
1.16487
1.16589
1.16737
1.1678
1.16811
1.16845
1.16873
1.16885
1.16889
1.16889
1.1689
1.1689
1.1689
1.1689
1.1689
1.16891
1.16891
1.16891
1.16891
1.16891
1.16892
1.16892
1.16892
1.16892
1.16892
1.16892
1.16893
1.16893
1.16893
1.16893
1.16893
1.16894
1.16894
1.16894
1.16894
1.16894
1.16894
1.16897
1.16917
1.16977
1.1709
1.17255
1.17535
1.17932
1.18805
1.24638
1.30651
1.30998
1.30206
1.29552
1.29416
1.29362
1.29511
1.28896
276.84
1013.04
1020.44
1020.8
1021.31
1021.66
1022.01
1022.36
1022.61
1022.72
1022.75
1022.68
1022.46
1022.27
1022.04
1021.77
1021.55
1021.4
1021.36
1021.55
1021.94
1022.43
1023.05
1023.77
1024.57
1025.33
1026.05
1026.66
1026.96
1026.92
1026.87
1026.94
1026.89
1026.8
1026.74
1026.71
1026.81
1.16311
1.16333
1.16313
1.16307
1.16368
1.16441
1.16548
1.16751
1.16802
1.16839
1.1686
1.16878
1.16886
1.1689
1.1689
1.16891
1.16891
1.16891
1.16891
1.16891
1.16891
1.16892
1.16892
1.16892
1.16892
1.16892
1.16892
1.16892
1.16893
1.16893
1.16893
1.16893
1.16893
1.16893
1.16894
1.16894
1.16894
1.16894
1.16894
1.16894
1.16894
1.16895
1.16899
1.16926
1.16995
1.17087
1.1721
1.17606
1.18349
1.18919
1.22082
1.27952
1.30256
1.30461
1.30153
1.303
1.29635
1.29643
1.28896
137.032
1019.6
1026.35
1026.52
1026.67
1026.7
1026.75
1026.8
1026.86
1026.91
1026.94
1026.95
1026.93
1026.9
1026.87
1026.85
1026.83
1026.82
1026.84
1026.88
1026.93
1026.98
1027.03
1027.06
1027.08
1027.09
1027.1
1027.1
1027.1
1027.1
1027.1
1027.1
1027.1
1027.1
1027.1
1027.1
1027.1
1.16325
1.1635
1.1634
1.16327
1.16347
1.16419
1.16523
1.1675
1.16834
1.16874
1.16882
1.16889
1.16888
1.1689
1.1689
1.1689
1.1689
1.1689
1.1689
1.16891
1.16891
1.16891
1.16891
1.16892
1.16892
1.16892
1.16892
1.16892
1.16892
1.16893
1.16893
1.16893
1.16893
1.16893
1.16894
1.16894
1.16894
1.16894
1.16894
1.16894
1.16895
1.16895
1.169
1.16927
1.16987
1.17049
1.17178
1.17765
1.18904
1.19669
1.20994
1.24477
1.27759
1.29556
1.2985
1.30297
1.29899
1.29971
1.28896
106.674
1020.59
1027.08
1027.09
1027.09
1027.09
1027.09
1027.09
1027.1
1027.1
1027.1
1027.1
1027.1
1027.1
1027.1
1027.1
1027.1
1027.1
1027.1
1027.1
1027.1
1027.1
1027.1
1027.1
1027.1
1027.1
1027.1
1027.1
1027.1
1027.1
1027.1
1027.1
1027.1
1027.1
1027.1
1027.1
1027.1
1.16311
1.16326
1.16349
1.16359
1.16403
1.16465
1.16619
1.16802
1.16869
1.16884
1.16888
1.16891
1.16891
1.16892
1.16891
1.16891
1.16891
1.16891
1.16891
1.16891
1.16891
1.16891
1.16891
1.16892
1.16892
1.16892
1.16892
1.16892
1.16893
1.16893
1.16893
1.16893
1.16893
1.16893
1.16894
1.16894
1.16894
1.16894
1.16894
1.16895
1.16895
1.16895
1.16899
1.16916
1.16953
1.17002
1.17182
1.17979
1.19319
1.20439
1.21579
1.22999
1.24945
1.26762
1.27842
1.29231
1.28965
1.29736
1.28896
59.6143
989.625
1027.09
1027.09
1027.09
1027.09
1027.1
1027.1
1027.1
1027.1
1027.1
1027.1
1027.1
1027.1
1027.1
1027.1
1027.1
1027.1
1027.1
1027.1
1027.1
1027.1
1027.1
1027.1
1027.1
1027.1
1027.1
1027.1
1027.1
1027.1
1027.1
1027.1
1027.1
1027.1
1027.1
1027.1
1027.1
1.16262
1.16269
1.16267
1.16336
1.16415
1.16475
1.1668
1.1683
1.16873
1.16881
1.16883
1.1689
1.16891
1.16892
1.16892
1.16892
1.16892
1.16892
1.16892
1.16892
1.16892
1.16893
1.16893
1.16893
1.16893
1.16893
1.16893
1.16893
1.16893
1.16893
1.16893
1.16893
1.16894
1.16894
1.16894
1.16894
1.16894
1.16894
1.16895
1.16895
1.16895
1.16896
1.16897
1.16902
1.16919
1.16963
1.17153
1.1802
1.19573
1.20942
1.22094
1.23184
1.23857
1.2495
1.25432
1.26983
1.27057
1.28181
1.4249
29.7944
978.564
1027.08
1027.09
1027.09
1027.1
1027.1
1027.1
1027.1
1027.1
1027.1
1027.1
1027.1
1027.1
1027.1
1027.1
1027.1
1027.1
1027.1
1027.1
1027.1
1027.1
1027.1
1027.1
1027.1
1027.1
1027.1
1027.1
1027.1
1027.1
1027.1
1027.1
1027.1
1027.1
1027.1
1027.1
1027.1
1.16205
1.16229
1.16196
1.16244
1.1627
1.16266
1.16617
1.16833
1.16868
1.16876
1.1688
1.16888
1.16891
1.16892
1.16892
1.16892
1.16892
1.16892
1.16892
1.16892
1.16893
1.16893
1.16893
1.16893
1.16893
1.16893
1.16893
1.16893
1.16894
1.16894
1.16894
1.16894
1.16894
1.16894
1.16894
1.16894
1.16894
1.16895
1.16895
1.16895
1.16896
1.16896
1.16896
1.16898
1.16905
1.16938
1.17092
1.17915
1.1972
1.21342
1.22563
1.2387
1.24163
1.26366
1.25552
1.26047
1.26181
1.28508
1.53189
19.2336
945.845
1026.8
1027.09
1027.09
1027.1
1027.1
1027.1
1027.1
1027.1
1027.1
1027.1
1027.1
1027.1
1027.1
1027.1
1027.1
1027.1
1027.1
1027.1
1027.1
1027.1
1027.1
1027.1
1027.1
1027.1
1027.1
1027.1
1027.1
1027.1
1027.1
1027.1
1027.1
1027.1
1027.1
1027.1
1027.1
1.16137
1.16186
1.16162
1.16177
1.16102
1.16085
1.16315
1.168
1.16867
1.16881
1.16883
1.16889
1.1689
1.16891
1.16891
1.16892
1.16891
1.16892
1.16892
1.16892
1.16892
1.16892
1.16893
1.16893
1.16893
1.16893
1.16893
1.16893
1.16893
1.16893
1.16894
1.16894
1.16894
1.16894
1.16894
1.16894
1.16894
1.16894
1.16895
1.16895
1.16895
1.16896
1.16896
1.16896
1.16899
1.16924
1.17068
1.17754
1.19672
1.22027
1.23448
1.24712
1.25483
1.28427
1.29368
1.2883
1.3268
1.31332
1.40703
23.1671
938.178
1026.42
1027.09
1027.09
1027.1
1027.1
1027.1
1027.1
1027.1
1027.1
1027.1
1027.1
1027.1
1027.1
1027.1
1027.1
1027.1
1027.1
1027.1
1027.1
1027.1
1027.1
1027.1
1027.1
1027.1
1027.1
1027.1
1027.1
1027.1
1027.1
1027.1
1027.1
1027.1
1027.1
1027.1
1027.1
1.16008
1.16079
1.16076
1.16074
1.16066
1.16048
1.16047
1.16477
1.16849
1.16886
1.16887
1.16891
1.16891
1.16892
1.16892
1.16892
1.16892
1.16892
1.16892
1.16893
1.16893
1.16893
1.16893
1.16893
1.16893
1.16894
1.16894
1.16894
1.16894
1.16894
1.16894
1.16895
1.16895
1.16895
1.16895
1.16895
1.16895
1.16895
1.16896
1.16896
1.16896
1.16896
1.16896
1.16897
1.169
1.16926
1.17103
1.17829
1.19568
1.22145
1.24357
1.25856
1.26745
1.27648
1.28033
1.30102
1.34046
1.3388
1.53909
51.9202
950.096
1026.31
1027.09
1027.09
1027.1
1027.1
1027.1
1027.1
1027.1
1027.1
1027.1
1027.1
1027.1
1027.1
1027.1
1027.1
1027.1
1027.1
1027.1
1027.1
1027.1
1027.1
1027.1
1027.1
1027.1
1027.1
1027.1
1027.1
1027.1
1027.1
1027.1
1027.1
1027.1
1027.1
1027.1
1027.1
1.16606
1.16649
1.16669
1.16698
1.16728
1.16779
1.16831
1.16857
1.16868
1.16873
1.16882
1.16887
1.16891
1.16891
1.16892
1.16892
1.16892
1.16892
1.16892
1.16892
1.16892
1.16893
1.16893
1.16893
1.16893
1.16893
1.16893
1.16894
1.16894
1.16894
1.16894
1.16894
1.16895
1.16895
1.16895
1.16895
1.16895
1.16895
1.16896
1.16896
1.16896
1.16896
1.16896
1.16896
1.16898
1.16955
1.17417
1.18786
1.2082
1.22861
1.24309
1.25194
1.25976
1.27358
1.28365
1.29298
1.29368
1.33859
2.29614
58.0629
1004.49
1027.04
1027.09
1027.1
1027.1
1027.1
1027.1
1027.1
1027.1
1027.1
1027.1
1027.1
1027.1
1027.1
1027.1
1027.1
1027.1
1027.1
1027.1
1027.1
1027.1
1027.1
1027.1
1027.1
1027.1
1027.1
1027.1
1027.1
1027.1
1027.1
1027.1
1027.1
1027.1
1027.1
1027.1
1027.1
1.16576
1.16656
1.16701
1.16734
1.16763
1.16783
1.16795
1.16802
1.16814
1.16833
1.16859
1.16878
1.16887
1.16891
1.16891
1.16892
1.16892
1.16892
1.16892
1.16892
1.16892
1.16893
1.16893
1.16893
1.16893
1.16893
1.16893
1.16894
1.16894
1.16894
1.16894
1.16894
1.16894
1.16894
1.16894
1.16895
1.16895
1.16895
1.16895
1.16895
1.16895
1.16895
1.16897
1.16909
1.1694
1.17045
1.17436
1.18563
1.20282
1.21977
1.23246
1.24288
1.26137
1.28889
1.29998
1.30105
1.29883
1.32149
1.72709
73.3176
1013.44
1027.09
1027.09
1027.1
1027.1
1027.1
1027.1
1027.1
1027.1
1027.1
1027.1
1027.1
1027.1
1027.1
1027.1
1027.1
1027.1
1027.1
1027.1
1027.1
1027.1
1027.1
1027.1
1027.1
1027.1
1027.1
1027.1
1027.1
1027.1
1027.1
1027.1
1027.1
1027.1
1027.1
1027.1
1027.1
1.16492
1.16575
1.16619
1.16642
1.16668
1.16708
1.16755
1.16778
1.16793
1.16818
1.16846
1.16873
1.16885
1.1689
1.16891
1.16891
1.16891
1.16892
1.16892
1.16892
1.16892
1.16892
1.16892
1.16893
1.16893
1.16893
1.16893
1.16893
1.16893
1.16893
1.16894
1.16894
1.16894
1.16894
1.16894
1.16894
1.16894
1.16894
1.16895
1.16895
1.16895
1.16895
1.16899
1.16926
1.17017
1.17186
1.17484
1.18058
1.1916
1.20699
1.21781
1.23931
1.28585
1.31223
1.31043
1.3083
1.29904
1.30958
1.48363
95.4978
1007.81
1027.09
1027.09
1027.1
1027.1
1027.1
1027.1
1027.1
1027.1
1027.1
1027.1
1027.1
1027.1
1027.1
1027.1
1027.1
1027.1
1027.1
1027.1
1027.1
1027.1
1027.1
1027.1
1027.1
1027.1
1027.1
1027.1
1027.1
1027.1
1027.1
1027.1
1027.1
1027.1
1027.1
1027.1
1027.1
1.16439
1.16529
1.16565
1.16594
1.16603
1.16637
1.16715
1.16764
1.16789
1.16816
1.16842
1.16872
1.16884
1.1689
1.16891
1.16891
1.16891
1.16891
1.16891
1.16892
1.16892
1.16892
1.16892
1.16892
1.16892
1.16893
1.16893
1.16893
1.16893
1.16893
1.16893
1.16893
1.16894
1.16894
1.16894
1.16894
1.16894
1.16894
1.16894
1.16895
1.16895
1.16895
1.16897
1.16911
1.16974
1.17133
1.17411
1.17824
1.18489
1.19179
1.21548
1.27071
1.31668
1.31697
1.30802
1.30606
1.29289
1.32409
1.34922
160.376
1022.85
1026.9
1026.98
1027.06
1027.07
1027.08
1027.08
1027.08
1027.08
1027.08
1027.08
1027.08
1027.08
1027.08
1027.08
1027.08
1027.07
1027.07
1027.07
1027.06
1027.06
1027.06
1027.06
1027.06
1027.06
1027.06
1027.06
1027.07
1027.08
1027.09
1027.1
1027.1
1027.1
1027.1
1027.1
1027.1
1.16376
1.16493
1.16538
1.1659
1.1659
1.16603
1.16678
1.16746
1.16787
1.16816
1.1684
1.16871
1.16884
1.1689
1.16891
1.16891
1.16891
1.16891
1.16891
1.16892
1.16892
1.16892
1.16892
1.16892
1.16892
1.16892
1.16893
1.16893
1.16893
1.16893
1.16893
1.16893
1.16893
1.16894
1.16894
1.16894
1.16894
1.16894
1.16894
1.16894
1.16895
1.16895
1.16896
1.16903
1.16937
1.17058
1.17304
1.17725
1.18332
1.19003
1.26409
1.30803
1.32353
1.31098
1.30366
1.3068
1.30928
1.3126
1.29482
266.867
1013.91
1022.42
1023.1
1024.12
1024.55
1024.84
1025.05
1025.26
1025.44
1025.66
1025.84
1025.96
1026
1025.98
1025.93
1025.87
1025.76
1025.59
1025.33
1025.01
1024.64
1024.29
1023.98
1023.77
1023.65
1023.61
1023.58
1024.18
1024.92
1025.74
1026.39
1026.8
1027
1027.07
1027.09
1027.1
1.16296
1.16404
1.16495
1.16608
1.16599
1.16599
1.16648
1.16719
1.16779
1.16816
1.16839
1.1687
1.16883
1.1689
1.1689
1.16891
1.16891
1.16891
1.16891
1.16891
1.16892
1.16892
1.16892
1.16892
1.16892
1.16892
1.16892
1.16893
1.16893
1.16893
1.16893
1.16893
1.16893
1.16894
1.16894
1.16894
1.16894
1.16894
1.16894
1.16894
1.16894
1.16895
1.16895
1.169
1.16922
1.17005
1.17228
1.17713
1.1829
1.20392
1.30333
1.31224
1.31366
1.31392
1.30579
1.30529
1.3047
1.30302
1.28896
396.489
1001.17
1007.83
1007.54
1008.46
1009.02
1009.51
1009.94
1010.37
1010.98
1011.72
1012.54
1013.23
1013.73
1014.03
1014.08
1013.59
1012.97
1012.07
1010.83
1009.22
1007.5
1005.84
1004.23
1003
1002.16
1001.52
1001.26
1002.02
1003.97
1007.12
1011.07
1015.39
1019.66
1023.11
1025.41
1026.51
1.16239
1.16287
1.16399
1.16577
1.16614
1.16614
1.16633
1.16694
1.16767
1.16813
1.16839
1.1687
1.16883
1.1689
1.1689
1.16891
1.16891
1.16891
1.16891
1.16891
1.16891
1.16892
1.16892
1.16892
1.16892
1.16892
1.16892
1.16893
1.16893
1.16893
1.16893
1.16893
1.16893
1.16894
1.16894
1.16894
1.16894
1.16894
1.16894
1.16894
1.16894
1.16895
1.16895
1.16899
1.16918
1.16992
1.17223
1.17765
1.18295
1.21441
1.30385
1.30738
1.30806
1.30928
1.30504
1.304
1.30052
1.3053
1.28896
474.144
996.221
1000.61
999.98
999.57
999.135
998.513
997.984
997.54
997.063
996.659
996.449
996.29
996.066
995.749
995.311
994.796
994.226
993.495
992.595
991.499
990.295
988.952
987.523
985.984
984.656
983.211
981.711
979.862
977.655
975.377
973.632
972.22
971.811
974.646
978.858
986.221
1.16215
1.16196
1.16284
1.16439
1.1653
1.16566
1.16623
1.16675
1.16759
1.16812
1.16839
1.1687
1.16883
1.1689
1.1689
1.16891
1.16891
1.16891
1.16891
1.16891
1.16891
1.16892
1.16892
1.16892
1.16892
1.16892
1.16892
1.16893
1.16893
1.16893
1.16893
1.16893
1.16893
1.16894
1.16894
1.16894
1.16894
1.16894
1.16894
1.16894
1.16894
1.16894
1.16895
1.16898
1.16917
1.16994
1.17264
1.17941
1.18789
1.21258
1.3
1.29931
1.29707
1.2971
1.29729
1.29729
1.2965
1.30001
1.28896
267.397
1005.63
1015.61
1015.67
1015.61
1015.31
1014.84
1014.33
1013.63
1012.62
1011.2
1009.59
1008.02
1006.66
1005.43
1004.32
1003.3
1002.25
1001.23
1000.38
999.709
999.131
998.695
998.403
998.113
997.358
996.09
993.857
989.887
983.636
977.649
968.716
958.749
943.652
919.232
865.27
660.256
1.16218
1.16162
1.16194
1.16286
1.16407
1.16486
1.16569
1.1665
1.16752
1.16813
1.16842
1.16872
1.16885
1.1689
1.16891
1.16891
1.16891
1.16891
1.16891
1.16892
1.16892
1.16892
1.16892
1.16892
1.16892
1.16892
1.16893
1.16893
1.16893
1.16893
1.16893
1.16893
1.16894
1.16894
1.16894
1.16894
1.16894
1.16894
1.16894
1.16895
1.16895
1.16895
1.16895
1.16898
1.16918
1.17002
1.17294
1.18052
1.1951
1.20243
1.28406
1.30211
1.30297
1.29719
1.29387
1.29387
1.29217
1.29997
1.28896
216.966
1017.14
1024.54
1024.89
1025.19
1025.32
1025.35
1025.26
1025.18
1025.07
1024.95
1024.7
1024.35
1023.99
1023.62
1023.11
1022.53
1021.85
1021.15
1020.55
1020.11
1019.87
1019.79
1019.94
1020.3
1021.04
1022.06
1023.43
1024.97
1026.18
1025.9
1025.6
1025.16
1024.38
1023.17
1021.37
1019.47
1.16227
1.16157
1.16157
1.16177
1.16266
1.16368
1.16487
1.16606
1.16744
1.16817
1.16847
1.16875
1.16887
1.16891
1.16891
1.16891
1.16891
1.16891
1.16892
1.16892
1.16892
1.16892
1.16892
1.16892
1.16893
1.16893
1.16893
1.16893
1.16893
1.16893
1.16893
1.16894
1.16894
1.16894
1.16894
1.16894
1.16894
1.16894
1.16895
1.16895
1.16895
1.16895
1.16895
1.16897
1.16918
1.17001
1.17295
1.18088
1.19686
1.21284
1.24006
1.28199
1.29566
1.30023
1.29724
1.30022
1.2882
1.29646
1.28896
138.619
1022.41
1026.81
1026.86
1026.92
1026.93
1026.95
1026.96
1026.97
1026.96
1026.96
1026.96
1026.95
1026.92
1026.89
1026.85
1026.81
1026.77
1026.73
1026.72
1026.73
1026.77
1026.8
1026.83
1026.86
1026.93
1026.99
1027.05
1027.09
1027.1
1027.1
1027.1
1027.1
1027.1
1027.1
1027.1
1027.1
1.16219
1.16159
1.16156
1.16148
1.16185
1.1627
1.16403
1.16575
1.16735
1.16821
1.16852
1.16878
1.16888
1.16891
1.16891
1.16891
1.16891
1.16891
1.16892
1.16892
1.16892
1.16892
1.16892
1.16892
1.16893
1.16893
1.16893
1.16893
1.16893
1.16893
1.16894
1.16894
1.16894
1.16894
1.16894
1.16894
1.16894
1.16895
1.16895
1.16895
1.16895
1.16895
1.16895
1.16897
1.1692
1.16995
1.17298
1.18174
1.1981
1.22011
1.23047
1.25144
1.26789
1.28018
1.28191
1.28727
1.28377
1.29476
1.28896
87.2407
1013.27
1027.09
1027.09
1027.09
1027.09
1027.1
1027.09
1027.09
1027.09
1027.09
1027.09
1027.1
1027.1
1027.1
1027.1
1027.09
1027.09
1027.09
1027.09
1027.09
1027.09
1027.09
1027.1
1027.1
1027.1
1027.1
1027.1
1027.1
1027.1
1027.1
1027.1
1027.1
1027.1
1027.1
1027.1
1027.1
1.1617
1.1618
1.16183
1.16171
1.16168
1.16241
1.16381
1.16582
1.16757
1.16828
1.16856
1.16881
1.16889
1.16891
1.16891
1.16891
1.16891
1.16891
1.16892
1.16892
1.16892
1.16892
1.16892
1.16892
1.16893
1.16893
1.16893
1.16893
1.16893
1.16893
1.16894
1.16894
1.16894
1.16894
1.16894
1.16894
1.16894
1.16895
1.16895
1.16895
1.16895
1.16895
1.16895
1.16897
1.16916
1.16985
1.17302
1.18231
1.19894
1.22201
1.23912
1.24825
1.25289
1.26082
1.2627
1.2712
1.2721
1.28175
1.31368
38.5135
958.73
1027.09
1027.09
1027.09
1027.09
1027.1
1027.1
1027.1
1027.1
1027.1
1027.1
1027.1
1027.1
1027.1
1027.1
1027.1
1027.1
1027.1
1027.1
1027.1
1027.1
1027.1
1027.1
1027.1
1027.1
1027.1
1027.1
1027.1
1027.1
1027.1
1027.1
1027.1
1027.1
1027.1
1027.1
1027.1
1.16146
1.16196
1.16199
1.16191
1.16182
1.16264
1.16467
1.1665
1.16779
1.16837
1.16862
1.16884
1.1689
1.16891
1.16891
1.16891
1.16891
1.16891
1.16892
1.16892
1.16892
1.16892
1.16892
1.16892
1.16893
1.16893
1.16893
1.16893
1.16893
1.16893
1.16894
1.16894
1.16894
1.16894
1.16894
1.16894
1.16894
1.16894
1.16895
1.16895
1.16895
1.16895
1.16895
1.16897
1.1691
1.16962
1.1724
1.18197
1.1995
1.22275
1.24059
1.25107
1.25683
1.28495
1.31439
1.29985
1.2991
1.30524
1.4279
38.7839
975.662
1027.09
1027.09
1027.09
1027.09
1027.1
1027.1
1027.1
1027.1
1027.1
1027.1
1027.1
1027.1
1027.1
1027.1
1027.1
1027.1
1027.1
1027.1
1027.1
1027.1
1027.1
1027.1
1027.1
1027.1
1027.1
1027.1
1027.1
1027.1
1027.1
1027.1
1027.1
1027.1
1027.1
1027.1
1027.1
1.16114
1.16159
1.16162
1.16178
1.16112
1.16112
1.16373
1.16681
1.16794
1.16847
1.16868
1.16885
1.1689
1.16891
1.16891
1.16891
1.16891
1.16891
1.16891
1.16892
1.16892
1.16892
1.16892
1.16892
1.16892
1.16893
1.16893
1.16893
1.16893
1.16893
1.16893
1.16893
1.16893
1.16893
1.16894
1.16894
1.16894
1.16894
1.16894
1.16894
1.16895
1.16895
1.16895
1.16896
1.16903
1.16935
1.17174
1.18153
1.20114
1.22448
1.24098
1.25143
1.26012
1.32634
1.36938
1.34814
1.33172
1.33348
1.56671
33.0069
961.219
1026.96
1027.09
1027.09
1027.1
1027.1
1027.1
1027.1
1027.1
1027.1
1027.1
1027.1
1027.1
1027.1
1027.1
1027.1
1027.1
1027.1
1027.1
1027.1
1027.1
1027.1
1027.1
1027.1
1027.1
1027.1
1027.1
1027.1
1027.1
1027.1
1027.1
1027.1
1027.1
1027.1
1027.1
1027.1
1.16073
1.16097
1.16084
1.16117
1.16062
1.16053
1.1618
1.16629
1.16821
1.16862
1.16874
1.16886
1.1689
1.16891
1.16891
1.16891
1.16891
1.16891
1.16891
1.16892
1.16892
1.16892
1.16892
1.16892
1.16892
1.16892
1.16893
1.16893
1.16893
1.16893
1.16893
1.16893
1.16893
1.16893
1.16893
1.16893
1.16894
1.16894
1.16894
1.16894
1.16894
1.16895
1.16895
1.16896
1.16899
1.16928
1.17148
1.18038
1.19845
1.22129
1.23818
1.25168
1.2814
1.39393
1.39399
1.39186
1.39269
1.40203
1.57492
28.2742
966.482
1026.89
1027.09
1027.09
1027.1
1027.1
1027.1
1027.1
1027.1
1027.1
1027.1
1027.1
1027.1
1027.1
1027.1
1027.1
1027.1
1027.1
1027.1
1027.1
1027.1
1027.1
1027.1
1027.1
1027.1
1027.1
1027.1
1027.1
1027.1
1027.1
1027.1
1027.1
1027.1
1027.1
1027.1
1027.1
1.16006
1.16021
1.1603
1.16035
1.16041
1.16041
1.1607
1.16532
1.16841
1.16879
1.16883
1.16889
1.1689
1.16891
1.16891
1.16891
1.16891
1.16892
1.16892
1.16892
1.16892
1.16892
1.16892
1.16893
1.16893
1.16893
1.16893
1.16893
1.16894
1.16894
1.16894
1.16894
1.16894
1.16894
1.16895
1.16895
1.16895
1.16895
1.16895
1.16895
1.16895
1.16896
1.16896
1.16896
1.16899
1.16931
1.17146
1.17959
1.19638
1.22084
1.24352
1.25921
1.26652
1.28739
1.34675
1.37444
1.3761
1.37832
1.41547
50.2047
996.244
1027.05
1027.09
1027.09
1027.1
1027.1
1027.1
1027.1
1027.1
1027.1
1027.1
1027.1
1027.1
1027.1
1027.1
1027.1
1027.1
1027.1
1027.1
1027.1
1027.1
1027.1
1027.1
1027.1
1027.1
1027.1
1027.1
1027.1
1027.1
1027.1
1027.1
1027.1
1027.1
1027.1
1027.1
1027.1
1.16597
1.16636
1.16648
1.16676
1.16712
1.16776
1.16836
1.16863
1.16876
1.16881
1.16886
1.16889
1.1689
1.16891
1.16891
1.16891
1.16891
1.16891
1.16891
1.16892
1.16892
1.16892
1.16892
1.16892
1.16892
1.16893
1.16893
1.16893
1.16893
1.16893
1.16893
1.16894
1.16894
1.16894
1.16894
1.16894
1.16894
1.16895
1.16895
1.16895
1.16895
1.16895
1.16895
1.16895
1.16899
1.16969
1.17494
1.18967
1.21074
1.23047
1.24382
1.2521
1.25893
1.2661
1.27435
1.28211
1.28481
1.33361
2.46293
52.4459
989.96
1026.88
1027.09
1027.1
1027.1
1027.1
1027.1
1027.1
1027.1
1027.1
1027.1
1027.1
1027.1
1027.1
1027.1
1027.1
1027.1
1027.1
1027.1
1027.1
1027.1
1027.1
1027.1
1027.1
1027.1
1027.1
1027.1
1027.1
1027.1
1027.1
1027.1
1027.1
1027.1
1027.1
1027.1
1027.1
1.16594
1.1666
1.16692
1.16725
1.16767
1.16808
1.16832
1.16842
1.16849
1.16859
1.16873
1.16883
1.16888
1.1689
1.16891
1.16891
1.16891
1.16891
1.16892
1.16892
1.16892
1.16892
1.16892
1.16892
1.16893
1.16893
1.16893
1.16893
1.16893
1.16893
1.16893
1.16894
1.16894
1.16894
1.16894
1.16894
1.16894
1.16894
1.16894
1.16894
1.16894
1.16895
1.16895
1.16898
1.16909
1.17006
1.17635
1.19156
1.21071
1.2286
1.24327
1.25679
1.26905
1.27636
1.27512
1.27174
1.27422
1.30862
1.79791
45.2265
1003.6
1027.07
1027.09
1027.1
1027.1
1027.1
1027.1
1027.1
1027.1
1027.1
1027.1
1027.1
1027.1
1027.1
1027.1
1027.1
1027.1
1027.1
1027.1
1027.1
1027.1
1027.1
1027.1
1027.1
1027.1
1027.1
1027.1
1027.1
1027.1
1027.1
1027.1
1027.1
1027.1
1027.1
1027.1
1027.1
1.16536
1.16654
1.16695
1.16734
1.16768
1.16799
1.16812
1.16814
1.16824
1.16842
1.16864
1.1688
1.16887
1.1689
1.1689
1.1689
1.1689
1.16891
1.16891
1.16891
1.16891
1.16891
1.16891
1.16892
1.16892
1.16892
1.16892
1.16892
1.16892
1.16893
1.16893
1.16893
1.16893
1.16893
1.16893
1.16893
1.16893
1.16893
1.16893
1.16894
1.16894
1.16894
1.16896
1.16904
1.16921
1.17059
1.17713
1.19008
1.2076
1.22551
1.24028
1.26222
1.28282
1.29728
1.29599
1.28693
1.2779
1.30896
1.56986
83.7373
1017.29
1027.09
1027.09
1027.1
1027.1
1027.1
1027.1
1027.1
1027.1
1027.1
1027.1
1027.1
1027.1
1027.1
1027.1
1027.1
1027.1
1027.1
1027.1
1027.1
1027.1
1027.1
1027.1
1027.1
1027.1
1027.1
1027.1
1027.1
1027.1
1027.1
1027.1
1027.1
1027.1
1027.1
1027.1
1027.1
1.16449
1.16648
1.1668
1.1672
1.16748
1.16773
1.16788
1.16798
1.16815
1.16836
1.1686
1.16878
1.16886
1.1689
1.1689
1.1689
1.1689
1.1689
1.1689
1.16891
1.16891
1.16891
1.16891
1.16891
1.16891
1.16891
1.16892
1.16892
1.16892
1.16892
1.16892
1.16892
1.16893
1.16893
1.16893
1.16893
1.16893
1.16893
1.16893
1.16893
1.16894
1.16894
1.16895
1.16903
1.16928
1.17104
1.1768
1.18614
1.19862
1.21335
1.23717
1.27943
1.30138
1.30667
1.30613
1.3043
1.29345
1.3241
1.50543
126.111
1022.31
1026.99
1027.03
1027.07
1027.08
1027.09
1027.09
1027.09
1027.09
1027.09
1027.09
1027.09
1027.09
1027.09
1027.09
1027.09
1027.09
1027.09
1027.09
1027.09
1027.09
1027.1
1027.1
1027.1
1027.1
1027.1
1027.1
1027.1
1027.1
1027.1
1027.1
1027.1
1027.1
1027.1
1027.1
1027.1
1.16251
1.16552
1.16664
1.16719
1.16728
1.16749
1.1677
1.16791
1.16808
1.16826
1.16852
1.16873
1.16885
1.16889
1.1689
1.1689
1.1689
1.16891
1.16891
1.16891
1.16891
1.16891
1.16891
1.16891
1.16891
1.16892
1.16892
1.16892
1.16892
1.16892
1.16892
1.16892
1.16893
1.16893
1.16893
1.16893
1.16893
1.16893
1.16893
1.16893
1.16894
1.16894
1.16895
1.16906
1.16934
1.17089
1.17598
1.18355
1.19071
1.19782
1.27134
1.30655
1.31056
1.30394
1.30362
1.30633
1.32061
1.36272
1.41687
227.191
1019.09
1024.77
1025.19
1025.69
1025.91
1026.09
1026.21
1026.29
1026.32
1026.37
1026.46
1026.54
1026.61
1026.67
1026.7
1026.71
1026.7
1026.7
1026.71
1026.73
1026.77
1026.85
1026.96
1027.05
1027.09
1027.08
1027.09
1027.1
1027.1
1027.1
1027.1
1027.1
1027.1
1027.1
1027.1
1027.1
1.16157
1.16465
1.16652
1.16724
1.16748
1.16765
1.16767
1.16782
1.16794
1.16803
1.16837
1.16863
1.16882
1.16888
1.16889
1.1689
1.1689
1.1689
1.1689
1.16891
1.16891
1.16891
1.16891
1.16891
1.16892
1.16892
1.16892
1.16892
1.16892
1.16892
1.16893
1.16893
1.16893
1.16893
1.16893
1.16893
1.16893
1.16893
1.16894
1.16894
1.16894
1.16894
1.16896
1.16908
1.16944
1.17083
1.17468
1.18181
1.18963
1.20589
1.30342
1.31358
1.31161
1.31595
1.32367
1.34362
1.36298
1.37091
1.35022
337.735
1010.69
1017.41
1018
1018.31
1018.45
1018.62
1019.07
1019.45
1019.85
1020.22
1020.63
1021.07
1021.51
1021.91
1022.25
1022.55
1022.86
1023.21
1023.61
1024.11
1024.76
1025.55
1026.3
1026.77
1026.87
1026.74
1026.67
1026.65
1026.72
1026.85
1026.97
1027.06
1027.09
1027.09
1027.09
1027.09
1.16178
1.16421
1.16627
1.16709
1.16743
1.16782
1.16792
1.16784
1.1678
1.16782
1.16806
1.16852
1.16876
1.16886
1.16889
1.1689
1.1689
1.1689
1.1689
1.16891
1.16891
1.16891
1.16892
1.16892
1.16892
1.16892
1.16892
1.16892
1.16893
1.16893
1.16893
1.16893
1.16893
1.16893
1.16893
1.16893
1.16893
1.16894
1.16894
1.16894
1.16894
1.16895
1.16897
1.16906
1.16942
1.17067
1.17364
1.18051
1.19068
1.21413
1.30865
1.32215
1.32577
1.33145
1.33965
1.34952
1.35348
1.33156
1.28896
373.884
1007.18
1013.89
1014.17
1013.83
1013.42
1013.21
1013.15
1013.36
1013.66
1014
1014.43
1014.92
1015.48
1016.04
1016.7
1017.53
1018.46
1019.5
1020.62
1021.81
1023.02
1024.11
1024.83
1025.11
1024.41
1023.73
1023.06
1022.64
1022.54
1023.45
1024.41
1025.88
1026.8
1027.07
1026.98
1026.89
1.16201
1.16248
1.16528
1.16646
1.16712
1.16767
1.16807
1.1681
1.16788
1.16782
1.16783
1.16842
1.16868
1.16884
1.16888
1.16889
1.16889
1.1689
1.1689
1.1689
1.1689
1.1689
1.16891
1.16891
1.16891
1.16891
1.16891
1.16892
1.16892
1.16892
1.16892
1.16892
1.16892
1.16892
1.16893
1.16893
1.16893
1.16893
1.16893
1.16893
1.16893
1.16894
1.16895
1.16901
1.16925
1.17013
1.17262
1.18057
1.19196
1.20426
1.29786
1.32213
1.32676
1.32889
1.3295
1.32154
1.3072
1.30135
1.28896
180.458
1008.6
1020.28
1020.18
1019.83
1019.22
1018.57
1017.97
1017.43
1016.94
1016.55
1016.22
1015.96
1015.85
1015.86
1016.22
1016.62
1017.22
1017.97
1018.85
1019.78
1020.61
1021.19
1021.43
1020.98
1020.2
1019.16
1018.01
1017.11
1016.79
1017.17
1019.19
1021.21
1024.47
1027.1
1027.1
1026.26
1.16191
1.16158
1.16271
1.16427
1.16594
1.16719
1.16795
1.16817
1.1681
1.16798
1.16813
1.1684
1.16864
1.16883
1.16888
1.16889
1.16889
1.1689
1.1689
1.1689
1.1689
1.1689
1.16891
1.16891
1.16891
1.16891
1.16891
1.16891
1.16892
1.16892
1.16892
1.16892
1.16892
1.16892
1.16893
1.16893
1.16893
1.16893
1.16893
1.16893
1.16893
1.16894
1.16895
1.16902
1.16926
1.17038
1.17341
1.18203
1.19927
1.21194
1.25495
1.31334
1.32329
1.31857
1.30557
1.297
1.29906
1.31082
1.32503
152.705
1017.29
1025.08
1025.15
1025.21
1025.14
1024.99
1024.79
1024.5
1024.09
1023.64
1023.25
1022.95
1022.64
1022.34
1022.14
1021.98
1021.87
1021.81
1021.82
1022.06
1022.31
1022.62
1022.91
1023.21
1023.64
1024.28
1025.22
1026.26
1026.96
1026.97
1027.01
1027.04
1027.07
1027.1
1027.1
1027.1
1.16178
1.16132
1.16145
1.16207
1.16382
1.16599
1.16742
1.16772
1.16778
1.16793
1.16819
1.1684
1.16863
1.16883
1.16888
1.16889
1.16889
1.16889
1.1689
1.1689
1.1689
1.1689
1.1689
1.16891
1.16891
1.16891
1.16891
1.16891
1.16891
1.16892
1.16892
1.16892
1.16892
1.16892
1.16893
1.16893
1.16893
1.16893
1.16893
1.16893
1.16894
1.16894
1.16894
1.16901
1.16941
1.1708
1.17405
1.18177
1.19814
1.21978
1.22739
1.2676
1.30342
1.31196
1.30501
1.30166
1.29472
1.29712
1.28896
89.1897
1011.75
1026.71
1026.74
1026.81
1026.82
1026.78
1026.75
1026.71
1026.65
1026.56
1026.46
1026.39
1026.32
1026.24
1026.15
1026.03
1025.92
1025.83
1025.79
1025.78
1025.86
1025.99
1026.21
1026.45
1026.71
1026.91
1027.04
1027.09
1027.1
1027.1
1027.1
1027.1
1027.1
1027.1
1027.1
1027.1
1.16143
1.16102
1.16103
1.16112
1.16176
1.16337
1.16503
1.1658
1.16681
1.16774
1.16823
1.16852
1.16875
1.16888
1.16889
1.16889
1.16889
1.16889
1.16889
1.1689
1.1689
1.1689
1.1689
1.1689
1.16891
1.16891
1.16891
1.16891
1.16891
1.16892
1.16892
1.16892
1.16892
1.16893
1.16893
1.16893
1.16893
1.16893
1.16894
1.16894
1.16894
1.16894
1.16894
1.16898
1.16936
1.17082
1.17406
1.18129
1.19725
1.22109
1.23519
1.24261
1.26302
1.28458
1.28878
1.28995
1.29086
1.29779
1.29508
53.9837
997.492
1027.04
1027.05
1027.08
1027.08
1027.08
1027.08
1027.08
1027.08
1027.07
1027.07
1027.07
1027.07
1027.07
1027.06
1027.06
1027.05
1027.05
1027.05
1027.05
1027.06
1027.07
1027.08
1027.09
1027.09
1027.1
1027.1
1027.1
1027.1
1027.1
1027.1
1027.1
1027.1
1027.1
1027.1
1027.1
1.16108
1.161
1.16102
1.16092
1.16102
1.16149
1.16224
1.16344
1.16595
1.16776
1.16832
1.16866
1.16885
1.1689
1.1689
1.1689
1.1689
1.16891
1.1689
1.16891
1.16891
1.16891
1.16891
1.16891
1.16892
1.16892
1.16892
1.16892
1.16892
1.16893
1.16893
1.16893
1.16893
1.16893
1.16894
1.16894
1.16894
1.16894
1.16894
1.16895
1.16895
1.16895
1.16895
1.16897
1.16934
1.17078
1.17402
1.1814
1.19627
1.22072
1.23997
1.24951
1.25479
1.2612
1.26396
1.27576
1.27424
1.29745
1.3341
29.7014
979.608
1027.07
1027.09
1027.09
1027.09
1027.09
1027.1
1027.1
1027.1
1027.1
1027.1
1027.1
1027.1
1027.1
1027.1
1027.1
1027.1
1027.1
1027.1
1027.1
1027.1
1027.1
1027.1
1027.1
1027.1
1027.1
1027.1
1027.1
1027.1
1027.1
1027.1
1027.1
1027.1
1027.1
1027.1
1027.1
1.16099
1.1612
1.16128
1.16129
1.16182
1.16217
1.16251
1.16336
1.16617
1.16794
1.16847
1.16879
1.16889
1.16891
1.16891
1.16891
1.16891
1.16891
1.16891
1.16892
1.16892
1.16892
1.16892
1.16892
1.16892
1.16893
1.16893
1.16893
1.16893
1.16893
1.16894
1.16894
1.16894
1.16894
1.16894
1.16895
1.16895
1.16895
1.16895
1.16895
1.16895
1.16895
1.16896
1.16898
1.16937
1.17074
1.174
1.18201
1.19805
1.22376
1.24343
1.25251
1.25579
1.26371
1.27186
1.27941
1.27502
1.29746
1.35722
26.7535
974.03
1027.05
1027.09
1027.09
1027.09
1027.1
1027.1
1027.1
1027.1
1027.1
1027.1
1027.1
1027.1
1027.1
1027.1
1027.1
1027.1
1027.1
1027.1
1027.1
1027.1
1027.1
1027.1
1027.1
1027.1
1027.1
1027.1
1027.1
1027.1
1027.1
1027.1
1027.1
1027.1
1027.1
1027.1
1027.1
1.16075
1.16085
1.16101
1.16115
1.16152
1.16283
1.16426
1.16468
1.16669
1.1682
1.16863
1.16884
1.16891
1.16891
1.16891
1.16892
1.16892
1.16892
1.16892
1.16892
1.16892
1.16893
1.16893
1.16893
1.16893
1.16893
1.16893
1.16893
1.16894
1.16894
1.16894
1.16894
1.16894
1.16894
1.16895
1.16895
1.16895
1.16895
1.16895
1.16895
1.16896
1.16896
1.16896
1.16899
1.1693
1.17026
1.17365
1.18366
1.20347
1.22645
1.24414
1.254
1.25746
1.27244
1.31229
1.33368
1.32255
1.34175
1.4497
20.0083
936.195
1026.49
1027.09
1027.09
1027.1
1027.1
1027.1
1027.1
1027.1
1027.1
1027.1
1027.1
1027.1
1027.1
1027.1
1027.1
1027.1
1027.1
1027.1
1027.1
1027.1
1027.1
1027.1
1027.1
1027.1
1027.1
1027.1
1027.1
1027.1
1027.1
1027.1
1027.1
1027.1
1027.1
1027.1
1027.1
1.16045
1.16028
1.16038
1.16048
1.16063
1.16113
1.16394
1.16667
1.1673
1.16835
1.16867
1.16883
1.1689
1.16891
1.16891
1.16892
1.16892
1.16892
1.16892
1.16892
1.16892
1.16893
1.16893
1.16893
1.16893
1.16893
1.16893
1.16894
1.16894
1.16894
1.16894
1.16894
1.16894
1.16894
1.16895
1.16895
1.16895
1.16895
1.16895
1.16895
1.16896
1.16896
1.16896
1.16898
1.16909
1.16958
1.17297
1.18432
1.20254
1.22307
1.24034
1.25331
1.25861
1.2903
1.37987
1.37923
1.35838
1.38394
1.52814
28.648
967.233
1026.93
1027.09
1027.09
1027.1
1027.1
1027.1
1027.1
1027.1
1027.1
1027.1
1027.1
1027.1
1027.1
1027.1
1027.1
1027.1
1027.1
1027.1
1027.1
1027.1
1027.1
1027.1
1027.1
1027.1
1027.1
1027.1
1027.1
1027.1
1027.1
1027.1
1027.1
1027.1
1027.1
1027.1
1027.1
1.15991
1.1601
1.16017
1.16024
1.16043
1.16059
1.1624
1.16701
1.16823
1.16857
1.16871
1.16884
1.16888
1.16891
1.16891
1.16891
1.16891
1.16892
1.16892
1.16892
1.16892
1.16892
1.16893
1.16893
1.16893
1.16893
1.16893
1.16893
1.16894
1.16894
1.16894
1.16894
1.16894
1.16894
1.16895
1.16895
1.16895
1.16895
1.16895
1.16895
1.16895
1.16896
1.16896
1.16896
1.169
1.16941
1.17238
1.18194
1.1987
1.22111
1.24263
1.25844
1.26576
1.28132
1.31279
1.35068
1.36346
1.39254
1.54007
44.2788
995.886
1027.07
1027.09
1027.09
1027.1
1027.1
1027.1
1027.1
1027.1
1027.1
1027.1
1027.1
1027.1
1027.1
1027.1
1027.1
1027.1
1027.1
1027.1
1027.1
1027.1
1027.1
1027.1
1027.1
1027.1
1027.1
1027.1
1027.1
1027.1
1027.1
1027.1
1027.1
1027.1
1027.1
1027.1
1027.1
1.16544
1.16574
1.16586
1.16609
1.16655
1.16746
1.16825
1.16855
1.16873
1.16884
1.16889
1.1689
1.16891
1.16891
1.16891
1.16891
1.16892
1.16892
1.16892
1.16892
1.16892
1.16892
1.16892
1.16893
1.16893
1.16893
1.16893
1.16893
1.16893
1.16894
1.16894
1.16894
1.16894
1.16894
1.16894
1.16895
1.16895
1.16895
1.16895
1.16895
1.16895
1.16896
1.16896
1.16896
1.169
1.16975
1.17458
1.18883
1.21021
1.2296
1.24359
1.25346
1.25926
1.2615
1.26222
1.27036
1.27149
1.30918
2.90672
75.233
993.29
1026.9
1027.09
1027.1
1027.1
1027.1
1027.1
1027.1
1027.1
1027.1
1027.1
1027.1
1027.1
1027.1
1027.1
1027.1
1027.1
1027.1
1027.1
1027.1
1027.1
1027.1
1027.1
1027.1
1027.1
1027.1
1027.1
1027.1
1027.1
1027.1
1027.1
1027.1
1027.1
1027.1
1027.1
1027.1
1.16544
1.16582
1.16597
1.16619
1.16669
1.1676
1.16829
1.16855
1.16872
1.16882
1.16887
1.1689
1.16891
1.16891
1.16891
1.16891
1.16892
1.16892
1.16892
1.16892
1.16892
1.16892
1.16893
1.16893
1.16893
1.16893
1.16893
1.16893
1.16893
1.16894
1.16894
1.16894
1.16894
1.16894
1.16894
1.16895
1.16895
1.16895
1.16895
1.16895
1.16895
1.16895
1.16896
1.16896
1.16901
1.16995
1.17578
1.19097
1.2111
1.22913
1.24471
1.26002
1.27029
1.26914
1.26601
1.26684
1.26554
1.29212
2.1001
42.6232
988.063
1026.89
1027.09
1027.1
1027.1
1027.1
1027.1
1027.1
1027.1
1027.1
1027.1
1027.1
1027.1
1027.1
1027.1
1027.1
1027.1
1027.1
1027.1
1027.1
1027.1
1027.1
1027.1
1027.1
1027.1
1027.1
1027.1
1027.1
1027.1
1027.1
1027.1
1027.1
1027.1
1027.1
1027.1
1027.1
1.16522
1.16597
1.16611
1.16632
1.16682
1.16772
1.16832
1.16852
1.16868
1.16878
1.16885
1.16889
1.1689
1.16891
1.16891
1.16891
1.16891
1.16892
1.16892
1.16892
1.16892
1.16892
1.16892
1.16893
1.16893
1.16893
1.16893
1.16893
1.16893
1.16894
1.16894
1.16894
1.16894
1.16894
1.16894
1.16894
1.16894
1.16894
1.16895
1.16895
1.16895
1.16895
1.16896
1.16896
1.16902
1.1702
1.17663
1.1914
1.21111
1.23128
1.25045
1.27162
1.28641
1.29411
1.28976
1.26925
1.26297
1.2857
1.76917
44.0978
994.117
1026.97
1027.09
1027.09
1027.1
1027.1
1027.1
1027.1
1027.1
1027.1
1027.1
1027.1
1027.1
1027.1
1027.1
1027.1
1027.1
1027.1
1027.1
1027.1
1027.1
1027.1
1027.1
1027.1
1027.1
1027.1
1027.1
1027.1
1027.1
1027.1
1027.1
1027.1
1027.1
1027.1
1027.1
1027.1
1.16486
1.16594
1.16626
1.16643
1.16688
1.16775
1.16831
1.16849
1.16864
1.16876
1.16884
1.16888
1.1689
1.16891
1.16891
1.16891
1.16891
1.16891
1.16891
1.16892
1.16892
1.16892
1.16892
1.16892
1.16893
1.16893
1.16893
1.16893
1.16893
1.16893
1.16893
1.16894
1.16894
1.16894
1.16894
1.16894
1.16894
1.16894
1.16894
1.16894
1.16895
1.16895
1.16895
1.16896
1.16904
1.17043
1.17702
1.19085
1.20969
1.22998
1.2492
1.27401
1.28907
1.3022
1.30491
1.30252
1.28486
1.28921
1.60744
68.8116
1000.83
1027.02
1027.08
1027.09
1027.09
1027.09
1027.1
1027.1
1027.1
1027.1
1027.1
1027.1
1027.1
1027.1
1027.1
1027.1
1027.1
1027.1
1027.1
1027.1
1027.1
1027.1
1027.1
1027.1
1027.1
1027.1
1027.1
1027.1
1027.1
1027.1
1027.1
1027.1
1027.1
1027.1
1027.1
1027.1
1.16397
1.16567
1.16622
1.16653
1.16692
1.16775
1.16829
1.16847
1.16861
1.16873
1.16883
1.16887
1.1689
1.1689
1.16891
1.16891
1.16891
1.16891
1.16891
1.16892
1.16892
1.16892
1.16892
1.16892
1.16892
1.16893
1.16893
1.16893
1.16893
1.16893
1.16893
1.16893
1.16894
1.16894
1.16894
1.16894
1.16894
1.16894
1.16894
1.16894
1.16895
1.16895
1.16895
1.16896
1.16905
1.17068
1.17741
1.19027
1.2069
1.22423
1.25626
1.28778
1.30195
1.31095
1.31088
1.31457
1.30008
1.30591
1.5169
121.082
1013.89
1026.81
1026.89
1026.94
1026.99
1027.04
1027.07
1027.08
1027.09
1027.09
1027.09
1027.09
1027.09
1027.09
1027.09
1027.09
1027.09
1027.09
1027.09
1027.09
1027.1
1027.1
1027.1
1027.1
1027.1
1027.1
1027.1
1027.1
1027.1
1027.1
1027.1
1027.1
1027.1
1027.1
1027.1
1027.1
1.16258
1.16488
1.16601
1.16648
1.16694
1.16776
1.16829
1.16845
1.16857
1.16868
1.16879
1.16885
1.16889
1.1689
1.1689
1.16891
1.16891
1.16891
1.16891
1.16892
1.16892
1.16892
1.16892
1.16892
1.16892
1.16892
1.16893
1.16893
1.16893
1.16893
1.16893
1.16893
1.16894
1.16894
1.16894
1.16894
1.16894
1.16894
1.16894
1.16894
1.16894
1.16895
1.16895
1.16896
1.16908
1.1709
1.17778
1.19022
1.20657
1.22032
1.26673
1.29913
1.31024
1.31735
1.32027
1.32943
1.32633
1.38064
1.68343
159.578
1015.79
1026.1
1026.27
1026.32
1026.4
1026.5
1026.57
1026.69
1026.79
1026.87
1026.91
1026.93
1026.94
1026.94
1026.94
1026.96
1026.99
1027.02
1027.05
1027.07
1027.09
1027.09
1027.1
1027.1
1027.1
1027.1
1027.1
1027.1
1027.1
1027.1
1027.1
1027.1
1027.1
1027.1
1027.1
1027.1
1.16098
1.16314
1.16516
1.16623
1.1669
1.16773
1.16828
1.16845
1.16855
1.16863
1.16876
1.16883
1.16888
1.1689
1.1689
1.16891
1.16891
1.16891
1.16891
1.16891
1.16892
1.16892
1.16892
1.16892
1.16892
1.16892
1.16893
1.16893
1.16893
1.16893
1.16893
1.16893
1.16893
1.16894
1.16894
1.16894
1.16894
1.16894
1.16894
1.16894
1.16894
1.16895
1.16895
1.16896
1.16909
1.171
1.1777
1.19041
1.21256
1.22357
1.2729
1.30647
1.31524
1.32309
1.33012
1.33231
1.32439
1.44398
2.00507
153.95
998.353
1025.66
1025.81
1025.81
1025.86
1025.91
1025.97
1026.06
1026.14
1026.24
1026.35
1026.48
1026.6
1026.71
1026.81
1026.9
1026.96
1027.02
1027.05
1027.08
1027.09
1027.1
1027.1
1027.1
1027.1
1027.1
1027.1
1027.1
1027.1
1027.1
1027.1
1027.1
1027.1
1027.1
1027.1
1027.1
1.16099
1.1619
1.16354
1.1653
1.16661
1.16763
1.16824
1.16845
1.16856
1.16861
1.16873
1.16882
1.16888
1.1689
1.1689
1.1689
1.16891
1.16891
1.16891
1.16891
1.16891
1.16892
1.16892
1.16892
1.16892
1.16892
1.16892
1.16893
1.16893
1.16893
1.16893
1.16893
1.16893
1.16893
1.16894
1.16894
1.16894
1.16894
1.16894
1.16894
1.16894
1.16895
1.16895
1.16896
1.16911
1.17093
1.17731
1.19115
1.21484
1.22048
1.26212
1.30767
1.31731
1.32209
1.32437
1.31802
1.30418
1.32006
1.57643
110.196
1010.13
1025.66
1025.71
1025.56
1025.51
1025.45
1025.42
1025.42
1025.46
1025.52
1025.6
1025.78
1025.98
1026.19
1026.39
1026.57
1026.72
1026.86
1026.97
1027.04
1027.08
1027.09
1027.1
1027.1
1027.1
1027.1
1027.09
1027.06
1027.05
1027.07
1027.09
1027.1
1027.1
1027.1
1027.1
1027.1
1.16116
1.16147
1.1621
1.16358
1.16568
1.16732
1.16813
1.16842
1.16857
1.16862
1.16873
1.16883
1.16888
1.1689
1.1689
1.1689
1.1689
1.16891
1.16891
1.16891
1.16891
1.16891
1.16892
1.16892
1.16892
1.16892
1.16892
1.16892
1.16893
1.16893
1.16893
1.16893
1.16893
1.16893
1.16893
1.16894
1.16894
1.16894
1.16894
1.16894
1.16894
1.16894
1.16895
1.16896
1.16912
1.17103
1.17691
1.19047
1.21219
1.22264
1.23997
1.28957
1.31154
1.31814
1.31528
1.30869
1.29459
1.30169
1.5538
88.0708
1014.88
1026.02
1026.01
1025.95
1025.91
1025.87
1025.85
1025.83
1025.86
1025.92
1025.96
1026.01
1026.07
1026.14
1026.22
1026.31
1026.42
1026.57
1026.7
1026.83
1026.94
1027.02
1027.07
1027.09
1027.09
1027.09
1027.09
1027.09
1027.1
1027.1
1027.1
1027.1
1027.1
1027.1
1027.1
1027.1
1.16109
1.1613
1.16152
1.16214
1.16393
1.16643
1.16789
1.16835
1.16855
1.16863
1.16874
1.16883
1.16888
1.1689
1.1689
1.1689
1.1689
1.16891
1.16891
1.16891
1.16891
1.16891
1.16892
1.16892
1.16892
1.16892
1.16892
1.16892
1.16893
1.16893
1.16893
1.16893
1.16893
1.16893
1.16893
1.16894
1.16894
1.16894
1.16894
1.16894
1.16894
1.16894
1.16895
1.16896
1.16914
1.17101
1.17631
1.188
1.20469
1.22144
1.23119
1.26028
1.29118
1.31034
1.31028
1.3091
1.30177
1.30318
1.34512
53.0872
1007.21
1026.51
1026.56
1026.59
1026.6
1026.57
1026.55
1026.54
1026.53
1026.54
1026.57
1026.6
1026.65
1026.7
1026.75
1026.8
1026.85
1026.9
1026.94
1026.98
1027.02
1027.06
1027.08
1027.09
1027.1
1027.1
1027.1
1027.1
1027.1
1027.1
1027.1
1027.1
1027.1
1027.1
1027.1
1027.1
1.16066
1.16078
1.16092
1.16114
1.1619
1.16398
1.16645
1.16786
1.16846
1.16862
1.16875
1.16884
1.16888
1.1689
1.1689
1.16891
1.16891
1.16891
1.16891
1.16891
1.16891
1.16892
1.16892
1.16892
1.16892
1.16892
1.16893
1.16893
1.16893
1.16893
1.16893
1.16893
1.16893
1.16894
1.16894
1.16894
1.16894
1.16894
1.16894
1.16894
1.16894
1.16895
1.16895
1.16896
1.16914
1.17086
1.17537
1.18408
1.20049
1.22179
1.23185
1.24183
1.2637
1.29082
1.30135
1.30636
1.30194
1.30403
1.36209
24.5398
973.197
1026.64
1026.96
1026.98
1027
1027
1027
1027
1027
1027.01
1027.02
1027.03
1027.04
1027.05
1027.06
1027.07
1027.07
1027.08
1027.08
1027.09
1027.09
1027.1
1027.1
1027.1
1027.1
1027.1
1027.1
1027.1
1027.1
1027.1
1027.1
1027.1
1027.1
1027.1
1027.1
1027.1
1.16028
1.16034
1.16042
1.16052
1.16075
1.16163
1.16336
1.16571
1.16788
1.16857
1.16875
1.16884
1.16889
1.1689
1.1689
1.16891
1.16891
1.16891
1.16891
1.16891
1.16892
1.16892
1.16892
1.16892
1.16892
1.16892
1.16893
1.16893
1.16893
1.16893
1.16893
1.16893
1.16893
1.16894
1.16894
1.16894
1.16894
1.16894
1.16894
1.16894
1.16895
1.16895
1.16895
1.16897
1.16914
1.1705
1.17394
1.18087
1.1961
1.22215
1.23731
1.24068
1.24877
1.26675
1.28263
1.29767
1.29177
1.30027
1.43434
16.711
942.507
1026.42
1027.08
1027.09
1027.09
1027.09
1027.09
1027.09
1027.09
1027.09
1027.09
1027.09
1027.1
1027.1
1027.1
1027.09
1027.1
1027.1
1027.1
1027.1
1027.1
1027.1
1027.1
1027.1
1027.1
1027.1
1027.1
1027.1
1027.1
1027.1
1027.1
1027.1
1027.1
1027.1
1027.1
1027.1
1.16028
1.16093
1.16062
1.16067
1.16077
1.16102
1.16156
1.16312
1.16671
1.16843
1.16874
1.16884
1.16889
1.1689
1.1689
1.16891
1.16891
1.16891
1.16891
1.16892
1.16892
1.16892
1.16892
1.16892
1.16892
1.16893
1.16893
1.16893
1.16893
1.16893
1.16893
1.16893
1.16894
1.16894
1.16894
1.16894
1.16894
1.16894
1.16895
1.16895
1.16895
1.16895
1.16895
1.16897
1.16917
1.17042
1.17353
1.18016
1.19373
1.22352
1.24514
1.24894
1.24891
1.26068
1.2732
1.28723
1.27489
1.28698
1.4568
17.4301
931.743
1026.14
1027.09
1027.09
1027.09
1027.09
1027.1
1027.1
1027.1
1027.1
1027.1
1027.1
1027.1
1027.1
1027.1
1027.1
1027.1
1027.1
1027.1
1027.1
1027.1
1027.1
1027.1
1027.1
1027.1
1027.1
1027.1
1027.1
1027.1
1027.1
1027.1
1027.1
1027.1
1027.1
1027.1
1027.1
1.16076
1.16124
1.16158
1.16196
1.16222
1.16235
1.16226
1.16323
1.16653
1.16831
1.16873
1.16884
1.16889
1.16891
1.16891
1.16891
1.16891
1.16892
1.16892
1.16892
1.16892
1.16892
1.16892
1.16893
1.16893
1.16893
1.16893
1.16893
1.16893
1.16893
1.16894
1.16894
1.16894
1.16894
1.16894
1.16894
1.16894
1.16895
1.16895
1.16895
1.16895
1.16895
1.16895
1.16898
1.16939
1.17109
1.17431
1.18118
1.20115
1.22781
1.24716
1.25493
1.25624
1.25888
1.2654
1.2835
1.28064
1.29398
1.48265
28.9058
915.624
1025.78
1027.09
1027.09
1027.1
1027.1
1027.1
1027.1
1027.1
1027.1
1027.1
1027.1
1027.1
1027.1
1027.1
1027.1
1027.1
1027.1
1027.1
1027.1
1027.1
1027.1
1027.1
1027.1
1027.1
1027.1
1027.1
1027.1
1027.1
1027.1
1027.1
1027.1
1027.1
1027.1
1027.1
1027.1
1.16052
1.16035
1.16057
1.16109
1.1623
1.16398
1.16504
1.16465
1.16678
1.16831
1.1687
1.16884
1.16889
1.16891
1.16891
1.16891
1.16891
1.16892
1.16892
1.16892
1.16892
1.16892
1.16892
1.16892
1.16893
1.16893
1.16893
1.16893
1.16893
1.16893
1.16893
1.16894
1.16894
1.16894
1.16894
1.16894
1.16894
1.16894
1.16895
1.16895
1.16895
1.16895
1.16895
1.16899
1.16933
1.17003
1.17257
1.18393
1.20568
1.22789
1.24353
1.25397
1.25862
1.26899
1.29749
1.32908
1.31823
1.31985
1.34696
40.5155
929.315
1026.18
1027.09
1027.09
1027.1
1027.1
1027.1
1027.1
1027.1
1027.1
1027.1
1027.1
1027.1
1027.1
1027.1
1027.1
1027.1
1027.1
1027.1
1027.1
1027.1
1027.1
1027.1
1027.1
1027.1
1027.1
1027.1
1027.1
1027.1
1027.1
1027.1
1027.1
1027.1
1027.1
1027.1
1027.1
1.15991
1.16017
1.16022
1.16024
1.16063
1.16245
1.16532
1.16731
1.16779
1.16844
1.16867
1.16882
1.16888
1.16891
1.16891
1.16891
1.16891
1.16892
1.16891
1.16892
1.16892
1.16892
1.16892
1.16893
1.16893
1.16893
1.16893
1.16893
1.16894
1.16894
1.16894
1.16895
1.16895
1.16895
1.16895
1.16895
1.16895
1.16896
1.16896
1.16896
1.16896
1.16896
1.16896
1.16896
1.169
1.16943
1.17259
1.18344
1.20336
1.2257
1.24317
1.25581
1.26062
1.26906
1.26615
1.30326
1.31276
1.33456
1.53031
44.5434
957.806
1026.54
1027.09
1027.09
1027.1
1027.1
1027.1
1027.1
1027.1
1027.1
1027.1
1027.1
1027.1
1027.1
1027.1
1027.1
1027.1
1027.1
1027.1
1027.1
1027.1
1027.1
1027.1
1027.1
1027.1
1027.1
1027.1
1027.1
1027.1
1027.1
1027.1
1027.1
1027.1
1027.1
1027.1
1027.1
)
;

boundaryField
{
    outlet
    {
        type            calculated;
        value           nonuniform List<scalar> 
64
(
1.16603
1.16593
1.16509
1.16434
1.16378
1.16333
1.16301
1.16284
1.15862
1.15862
1.15862
1.15862
1.15862
1.15862
1.15862
1.15862
1.16606
1.16576
1.16492
1.16438
1.16376
1.15862
1.15862
1.15862
1.15862
1.15862
1.15862
1.15862
1.15862
1.15862
1.15862
1.15862
1.16597
1.16594
1.15862
1.15862
1.15862
1.15862
1.15862
1.15862
1.15862
1.15862
1.15862
1.15862
1.15862
1.15862
1.15862
1.15862
1.16544
1.15862
1.15862
1.15862
1.15862
1.15862
1.15862
1.15862
1.15862
1.15862
1.15862
1.15862
1.15862
1.15862
1.15862
1.15862
)
;
    }
    inlet
    {
        type            calculated;
        value           uniform 1.21034;
    }
    walls
    {
        type            calculated;
        value           nonuniform List<scalar> 
3903
(
1.16603
1.16603
1.16642
1.16642
1.16662
1.16662
1.16692
1.16692
1.16719
1.16719
1.16763
1.16763
1.16813
1.16813
1.16859
1.16859
1.16879
1.16879
1.16886
1.16886
1.16888
1.16888
1.16889
1.16889
1.16889
1.16889
1.1689
1.1689
1.1689
1.1689
1.1689
1.1689
1.1689
1.1689
1.1689
1.1689
1.1689
1.1689
1.1689
1.1689
1.16891
1.16891
1.16891
1.16891
1.16891
1.16891
1.16891
1.16891
1.16891
1.16891
1.16891
1.16891
1.16891
1.16891
1.16892
1.16892
1.16892
1.16892
1.16892
1.16892
1.16892
1.16892
1.16892
1.16892
1.16892
1.16892
1.16893
1.16893
1.16893
1.16893
1.16893
1.16893
1.16893
1.16893
1.16893
1.16893
1.16893
1.16893
1.16894
1.16894
1.16894
1.16894
1.16894
1.16894
1.16894
1.16894
1.16894
1.16894
1.16896
1.16896
1.16941
1.16941
1.17328
1.17328
1.18592
1.18592
1.20613
1.20613
1.2264
1.2264
1.23956
1.23956
1.24651
1.24651
1.25947
1.25947
1.28388
1.28388
1.29308
1.29308
1.29994
1.29994
1.29915
1.29915
1.2925
1.2925
3.11836
3.11836
77.9572
77.9572
999.134
999.134
1026.94
1026.94
1027.09
1027.09
1027.1
1027.1
1027.1
1027.1
1027.1
1027.1
1027.1
1027.1
1027.1
1027.1
1027.1
1027.1
1027.1
1027.1
1027.1
1027.1
1027.1
1027.1
1027.1
1027.1
1027.1
1027.1
1027.1
1027.1
1027.1
1027.1
1027.1
1027.1
1027.1
1027.1
1027.1
1027.1
1027.1
1027.1
1027.1
1027.1
1027.1
1027.1
1027.1
1027.1
1027.1
1027.1
1027.1
1027.1
1027.1
1027.1
1027.1
1027.1
1027.1
1027.1
1027.1
1027.1
1027.1
1027.1
1027.1
1027.1
1027.1
1027.1
1027.1
1027.1
1027.1
1027.1
1027.1
1027.1
1027.1
1027.1
1027.1
1.16593
1.16646
1.1668
1.16711
1.16749
1.16791
1.16843
1.1687
1.16879
1.16886
1.16888
1.16889
1.1689
1.1689
1.1689
1.1689
1.16891
1.16891
1.16891
1.16891
1.16891
1.16891
1.16892
1.16892
1.16892
1.16892
1.16892
1.16892
1.16893
1.16893
1.16893
1.16893
1.16893
1.16893
1.16893
1.16894
1.16894
1.16894
1.16894
1.16894
1.16894
1.16894
1.16894
1.16895
1.169
1.16962
1.17291
1.18263
1.19744
1.21081
1.21891
1.22785
1.26473
1.30785
1.30893
1.30857
1.30596
1.30877
2.04983
50.7775
998.377
1027.01
1027.09
1027.1
1027.1
1027.1
1027.1
1027.1
1027.1
1027.1
1027.1
1027.1
1027.1
1027.1
1027.1
1027.1
1027.1
1027.1
1027.1
1027.1
1027.1
1027.1
1027.1
1027.1
1027.1
1027.1
1027.1
1027.1
1027.1
1027.1
1027.1
1027.1
1027.1
1027.1
1027.1
1027.1
1027.1
1.16509
1.16572
1.16625
1.16665
1.16713
1.16757
1.16827
1.16861
1.16871
1.16878
1.16883
1.16887
1.16889
1.1689
1.1689
1.1689
1.16891
1.16891
1.16891
1.16891
1.16891
1.16891
1.16892
1.16892
1.16892
1.16892
1.16892
1.16892
1.16893
1.16893
1.16893
1.16893
1.16893
1.16893
1.16893
1.16894
1.16894
1.16894
1.16894
1.16894
1.16894
1.16894
1.16894
1.16897
1.16927
1.17041
1.17293
1.17801
1.18782
1.19945
1.20472
1.22533
1.29663
1.32078
1.3094
1.30392
1.29739
1.30307
1.63355
53.2881
1005.85
1027.06
1027.09
1027.1
1027.1
1027.1
1027.1
1027.1
1027.1
1027.1
1027.1
1027.1
1027.1
1027.1
1027.1
1027.1
1027.1
1027.1
1027.1
1027.1
1027.1
1027.1
1027.1
1027.1
1027.1
1027.1
1027.1
1027.1
1027.1
1027.1
1027.1
1027.1
1027.1
1027.1
1027.1
1027.1
1027.1
1.16434
1.16491
1.16547
1.16602
1.16666
1.16716
1.16789
1.16851
1.16872
1.16876
1.16879
1.16885
1.16888
1.1689
1.1689
1.1689
1.1689
1.1689
1.16891
1.16891
1.16891
1.16891
1.16891
1.16891
1.16891
1.16892
1.16892
1.16892
1.16892
1.16892
1.16892
1.16893
1.16893
1.16893
1.16893
1.16893
1.16893
1.16893
1.16894
1.16894
1.16894
1.16894
1.16894
1.169
1.16938
1.17065
1.17292
1.17638
1.18334
1.19018
1.20014
1.24559
1.32422
1.32219
1.2998
1.29908
1.29237
1.29821
1.3049
79.8717
1008.99
1027.06
1027.09
1027.09
1027.09
1027.09
1027.09
1027.09
1027.1
1027.1
1027.1
1027.1
1027.1
1027.1
1027.1
1027.1
1027.1
1027.1
1027.1
1027.1
1027.1
1027.1
1027.1
1027.1
1027.1
1027.1
1027.1
1027.1
1027.1
1027.1
1027.1
1027.1
1027.1
1027.1
1027.1
1027.1
1027.1
1.16378
1.16426
1.16483
1.16541
1.16608
1.16673
1.16744
1.16803
1.1687
1.16879
1.16877
1.16884
1.16888
1.1689
1.1689
1.1689
1.16891
1.16891
1.16891
1.16891
1.16891
1.16892
1.16892
1.16892
1.16892
1.16892
1.16892
1.16892
1.16893
1.16893
1.16893
1.16893
1.16893
1.16893
1.16893
1.16894
1.16894
1.16894
1.16894
1.16894
1.16894
1.16894
1.16895
1.169
1.16934
1.17043
1.17237
1.17549
1.18149
1.18593
1.20884
1.26794
1.33522
1.3333
1.30699
1.29879
1.29238
1.29956
1.50732
110.329
1000.85
1026.56
1026.68
1026.87
1026.94
1026.98
1026.99
1026.99
1027
1027.01
1027.01
1027.01
1027.01
1027.01
1027
1027
1027
1026.98
1026.95
1026.92
1026.89
1026.86
1026.83
1026.8
1026.79
1026.85
1026.92
1026.97
1027.01
1027.04
1027.07
1027.08
1027.09
1027.1
1027.1
1027.1
1027.1
1.16333
1.16365
1.16437
1.16496
1.16551
1.16619
1.16709
1.16765
1.16831
1.16869
1.16871
1.16882
1.16887
1.16889
1.1689
1.1689
1.1689
1.1689
1.1689
1.1689
1.16891
1.16891
1.16891
1.16891
1.16891
1.16891
1.16892
1.16892
1.16892
1.16892
1.16892
1.16892
1.16893
1.16893
1.16893
1.16893
1.16893
1.16893
1.16893
1.16894
1.16894
1.16894
1.16895
1.16902
1.16935
1.1703
1.17215
1.1756
1.18
1.18543
1.22614
1.28944
1.33663
1.35054
1.32018
1.30316
1.29222
1.29724
1.30164
171.824
997.951
1023.88
1024.05
1024.78
1025.06
1025.25
1025.41
1025.54
1025.62
1025.63
1025.6
1025.58
1025.57
1025.54
1025.49
1025.41
1025.31
1025.16
1024.94
1024.67
1024.36
1024.04
1023.77
1023.55
1023.41
1023.35
1023.36
1023.56
1023.83
1024.39
1025.03
1025.67
1026.25
1026.69
1026.96
1027.05
1027.05
1.16301
1.16308
1.16393
1.16454
1.1651
1.16571
1.16668
1.16754
1.16782
1.16835
1.16859
1.16878
1.16887
1.1689
1.1689
1.1689
1.1689
1.16891
1.16891
1.16891
1.16891
1.16891
1.16891
1.16892
1.16892
1.16892
1.16892
1.16892
1.16892
1.16892
1.16893
1.16893
1.16893
1.16893
1.16893
1.16893
1.16893
1.16894
1.16894
1.16894
1.16894
1.16894
1.16895
1.16906
1.16947
1.17044
1.17241
1.17541
1.17782
1.18639
1.24579
1.30653
1.32893
1.34592
1.31946
1.30301
1.29243
1.29683
1.28896
344.345
1010.51
1016.24
1016.19
1016.59
1016.73
1016.85
1017.05
1017.21
1017.34
1017.46
1017.49
1017.59
1017.75
1017.86
1017.89
1017.76
1017.54
1017.19
1016.73
1016.14
1015.55
1014.93
1014.25
1013.61
1013.11
1012.69
1012.42
1012.29
1012.67
1013.18
1014.05
1015.36
1017.19
1019.54
1022.51
1024.75
1024.75
1.16284
1.16277
1.16344
1.16395
1.16468
1.16531
1.16629
1.16743
1.16776
1.16808
1.16844
1.16874
1.16886
1.1689
1.1689
1.16891
1.1689
1.16891
1.16891
1.16891
1.16891
1.16891
1.16892
1.16892
1.16892
1.16892
1.16892
1.16892
1.16893
1.16893
1.16893
1.16893
1.16893
1.16893
1.16894
1.16894
1.16894
1.16894
1.16894
1.16895
1.16895
1.16895
1.16896
1.16911
1.16956
1.17059
1.17267
1.17503
1.1774
1.18828
1.26004
1.31092
1.31779
1.30873
1.2973
1.29541
1.29241
1.29669
1.28896
378.412
1007.22
1012.75
1012.77
1012.75
1012.86
1012.91
1012.96
1012.89
1012.87
1012.87
1012.82
1012.81
1012.88
1012.9
1012.91
1012.87
1012.64
1012.42
1012.21
1011.88
1011.58
1011.35
1011.08
1010.82
1010.57
1010.45
1010.42
1010.49
1009.92
1008.55
1007.32
1006.29
1005.56
1005.05
1008.01
1011.12
1011.12
1.16281
1.16285
1.16316
1.16339
1.1642
1.16487
1.16589
1.16737
1.1678
1.16811
1.16845
1.16873
1.16885
1.16889
1.16889
1.1689
1.1689
1.1689
1.1689
1.1689
1.16891
1.16891
1.16891
1.16891
1.16891
1.16892
1.16892
1.16892
1.16892
1.16892
1.16892
1.16893
1.16893
1.16893
1.16893
1.16893
1.16894
1.16894
1.16894
1.16894
1.16894
1.16894
1.16897
1.16917
1.16977
1.1709
1.17255
1.17535
1.17932
1.18805
1.24638
1.30651
1.30998
1.30206
1.29552
1.29416
1.29362
1.29511
1.28896
276.84
1013.04
1020.44
1020.8
1021.31
1021.66
1022.01
1022.36
1022.61
1022.72
1022.75
1022.68
1022.46
1022.27
1022.04
1021.77
1021.55
1021.4
1021.36
1021.55
1021.94
1022.43
1023.05
1023.77
1024.57
1025.33
1026.05
1026.66
1026.96
1026.92
1026.87
1026.94
1026.89
1026.8
1026.74
1026.71
1026.81
1026.81
1.16311
1.16333
1.16313
1.16307
1.16368
1.16441
1.16548
1.16751
1.16802
1.16839
1.1686
1.16878
1.16886
1.1689
1.1689
1.16891
1.16891
1.16891
1.16891
1.16891
1.16891
1.16892
1.16892
1.16892
1.16892
1.16892
1.16892
1.16892
1.16893
1.16893
1.16893
1.16893
1.16893
1.16893
1.16894
1.16894
1.16894
1.16894
1.16894
1.16894
1.16894
1.16895
1.16899
1.16926
1.16995
1.17087
1.1721
1.17606
1.18349
1.18919
1.22082
1.27952
1.30256
1.30461
1.30153
1.303
1.29635
1.29643
1.28896
137.032
1019.6
1026.35
1026.52
1026.67
1026.7
1026.75
1026.8
1026.86
1026.91
1026.94
1026.95
1026.93
1026.9
1026.87
1026.85
1026.83
1026.82
1026.84
1026.88
1026.93
1026.98
1027.03
1027.06
1027.08
1027.09
1027.1
1027.1
1027.1
1027.1
1027.1
1027.1
1027.1
1027.1
1027.1
1027.1
1027.1
1027.1
1.16325
1.1635
1.1634
1.16327
1.16347
1.16419
1.16523
1.1675
1.16834
1.16874
1.16882
1.16889
1.16888
1.1689
1.1689
1.1689
1.1689
1.1689
1.1689
1.16891
1.16891
1.16891
1.16891
1.16892
1.16892
1.16892
1.16892
1.16892
1.16892
1.16893
1.16893
1.16893
1.16893
1.16893
1.16894
1.16894
1.16894
1.16894
1.16894
1.16894
1.16895
1.16895
1.169
1.16927
1.16987
1.17049
1.17178
1.17765
1.18904
1.19669
1.20994
1.24477
1.27759
1.29556
1.2985
1.30297
1.29899
1.29971
1.28896
106.674
1020.59
1027.08
1027.09
1027.09
1027.09
1027.09
1027.09
1027.1
1027.1
1027.1
1027.1
1027.1
1027.1
1027.1
1027.1
1027.1
1027.1
1027.1
1027.1
1027.1
1027.1
1027.1
1027.1
1027.1
1027.1
1027.1
1027.1
1027.1
1027.1
1027.1
1027.1
1027.1
1027.1
1027.1
1027.1
1027.1
1027.1
1.16311
1.16326
1.16349
1.16359
1.16403
1.16465
1.16619
1.16802
1.16869
1.16884
1.16888
1.16891
1.16891
1.16892
1.16891
1.16891
1.16891
1.16891
1.16891
1.16891
1.16891
1.16891
1.16891
1.16892
1.16892
1.16892
1.16892
1.16892
1.16893
1.16893
1.16893
1.16893
1.16893
1.16893
1.16894
1.16894
1.16894
1.16894
1.16894
1.16895
1.16895
1.16895
1.16899
1.16916
1.16953
1.17002
1.17182
1.17979
1.19319
1.20439
1.21579
1.22999
1.24945
1.26762
1.27842
1.29231
1.28965
1.29736
1.28896
59.6143
989.625
1027.09
1027.09
1027.09
1027.09
1027.1
1027.1
1027.1
1027.1
1027.1
1027.1
1027.1
1027.1
1027.1
1027.1
1027.1
1027.1
1027.1
1027.1
1027.1
1027.1
1027.1
1027.1
1027.1
1027.1
1027.1
1027.1
1027.1
1027.1
1027.1
1027.1
1027.1
1027.1
1027.1
1027.1
1027.1
1027.1
1.16262
1.16269
1.16267
1.16336
1.16415
1.16475
1.1668
1.1683
1.16873
1.16881
1.16883
1.1689
1.16891
1.16892
1.16892
1.16892
1.16892
1.16892
1.16892
1.16892
1.16892
1.16893
1.16893
1.16893
1.16893
1.16893
1.16893
1.16893
1.16893
1.16893
1.16893
1.16893
1.16894
1.16894
1.16894
1.16894
1.16894
1.16894
1.16895
1.16895
1.16895
1.16896
1.16897
1.16902
1.16919
1.16963
1.17153
1.1802
1.19573
1.20942
1.22094
1.23184
1.23857
1.2495
1.25432
1.26983
1.27057
1.28181
1.4249
29.7944
978.564
1027.08
1027.09
1027.09
1027.1
1027.1
1027.1
1027.1
1027.1
1027.1
1027.1
1027.1
1027.1
1027.1
1027.1
1027.1
1027.1
1027.1
1027.1
1027.1
1027.1
1027.1
1027.1
1027.1
1027.1
1027.1
1027.1
1027.1
1027.1
1027.1
1027.1
1027.1
1027.1
1027.1
1027.1
1027.1
1027.1
1.16205
1.16229
1.16196
1.16244
1.1627
1.16266
1.16617
1.16833
1.16868
1.16876
1.1688
1.16888
1.16891
1.16892
1.16892
1.16892
1.16892
1.16892
1.16892
1.16892
1.16893
1.16893
1.16893
1.16893
1.16893
1.16893
1.16893
1.16893
1.16894
1.16894
1.16894
1.16894
1.16894
1.16894
1.16894
1.16894
1.16894
1.16895
1.16895
1.16895
1.16896
1.16896
1.16896
1.16898
1.16905
1.16938
1.17092
1.17915
1.1972
1.21342
1.22563
1.2387
1.24163
1.26366
1.25552
1.26047
1.26181
1.28508
1.53189
19.2336
945.845
1026.8
1027.09
1027.09
1027.1
1027.1
1027.1
1027.1
1027.1
1027.1
1027.1
1027.1
1027.1
1027.1
1027.1
1027.1
1027.1
1027.1
1027.1
1027.1
1027.1
1027.1
1027.1
1027.1
1027.1
1027.1
1027.1
1027.1
1027.1
1027.1
1027.1
1027.1
1027.1
1027.1
1027.1
1027.1
1027.1
1.16137
1.16186
1.16162
1.16177
1.16102
1.16085
1.16315
1.168
1.16867
1.16881
1.16883
1.16889
1.1689
1.16891
1.16891
1.16892
1.16891
1.16892
1.16892
1.16892
1.16892
1.16892
1.16893
1.16893
1.16893
1.16893
1.16893
1.16893
1.16893
1.16893
1.16894
1.16894
1.16894
1.16894
1.16894
1.16894
1.16894
1.16894
1.16895
1.16895
1.16895
1.16896
1.16896
1.16896
1.16899
1.16924
1.17068
1.17754
1.19672
1.22027
1.23448
1.24712
1.25483
1.28427
1.29368
1.2883
1.3268
1.31332
1.40703
23.1671
938.178
1026.42
1027.09
1027.09
1027.1
1027.1
1027.1
1027.1
1027.1
1027.1
1027.1
1027.1
1027.1
1027.1
1027.1
1027.1
1027.1
1027.1
1027.1
1027.1
1027.1
1027.1
1027.1
1027.1
1027.1
1027.1
1027.1
1027.1
1027.1
1027.1
1027.1
1027.1
1027.1
1027.1
1027.1
1027.1
1027.1
1.16008
1.16008
1.16079
1.16079
1.16076
1.16076
1.16074
1.16074
1.16066
1.16066
1.16048
1.16048
1.16047
1.16047
1.16477
1.16477
1.16849
1.16849
1.16886
1.16886
1.16887
1.16887
1.16891
1.16891
1.16891
1.16891
1.16892
1.16892
1.16892
1.16892
1.16892
1.16892
1.16892
1.16892
1.16892
1.16892
1.16892
1.16892
1.16893
1.16893
1.16893
1.16893
1.16893
1.16893
1.16893
1.16893
1.16893
1.16893
1.16893
1.16893
1.16894
1.16894
1.16894
1.16894
1.16894
1.16894
1.16894
1.16894
1.16894
1.16894
1.16894
1.16894
1.16895
1.16895
1.16895
1.16895
1.16895
1.16895
1.16895
1.16895
1.16895
1.16895
1.16895
1.16895
1.16895
1.16895
1.16896
1.16896
1.16896
1.16896
1.16896
1.16896
1.16896
1.16896
1.16896
1.16896
1.16897
1.16897
1.169
1.169
1.16926
1.16926
1.17103
1.17103
1.17829
1.17829
1.19568
1.19568
1.22145
1.22145
1.24357
1.24357
1.25856
1.25856
1.26745
1.26745
1.27648
1.27648
1.28033
1.28033
1.30102
1.30102
1.34046
1.34046
1.3388
1.3388
1.53909
1.53909
51.9202
51.9202
950.096
950.096
1026.31
1026.31
1027.09
1027.09
1027.09
1027.09
1027.1
1027.1
1027.1
1027.1
1027.1
1027.1
1027.1
1027.1
1027.1
1027.1
1027.1
1027.1
1027.1
1027.1
1027.1
1027.1
1027.1
1027.1
1027.1
1027.1
1027.1
1027.1
1027.1
1027.1
1027.1
1027.1
1027.1
1027.1
1027.1
1027.1
1027.1
1027.1
1027.1
1027.1
1027.1
1027.1
1027.1
1027.1
1027.1
1027.1
1027.1
1027.1
1027.1
1027.1
1027.1
1027.1
1027.1
1027.1
1027.1
1027.1
1027.1
1027.1
1027.1
1027.1
1027.1
1027.1
1027.1
1027.1
1027.1
1027.1
1027.1
1027.1
1027.1
1027.1
1027.1
1.16606
1.16649
1.16669
1.16698
1.16728
1.16779
1.16831
1.16857
1.16868
1.16873
1.16882
1.16887
1.16891
1.16891
1.16892
1.16892
1.16892
1.16892
1.16892
1.16892
1.16892
1.16893
1.16893
1.16893
1.16893
1.16893
1.16893
1.16894
1.16894
1.16894
1.16894
1.16894
1.16895
1.16895
1.16895
1.16895
1.16895
1.16895
1.16896
1.16896
1.16896
1.16896
1.16896
1.16896
1.16898
1.16955
1.17417
1.18786
1.2082
1.22861
1.24309
1.25194
1.25976
1.27358
1.28365
1.29298
1.29368
1.33859
2.29614
58.0629
1004.49
1027.04
1027.09
1027.1
1027.1
1027.1
1027.1
1027.1
1027.1
1027.1
1027.1
1027.1
1027.1
1027.1
1027.1
1027.1
1027.1
1027.1
1027.1
1027.1
1027.1
1027.1
1027.1
1027.1
1027.1
1027.1
1027.1
1027.1
1027.1
1027.1
1027.1
1027.1
1027.1
1027.1
1027.1
1027.1
1027.1
1027.1
1027.1
1027.1
1027.1
1026.51
986.221
1019.47
1027.1
1027.1
1027.1
1027.1
1027.1
1027.1
1.16006
1.16021
1.1603
1.16035
1.16041
1.16041
1.1607
1.16532
1.16841
1.16879
1.16883
1.16889
1.1689
1.16891
1.16891
1.16891
1.16891
1.16892
1.16892
1.16892
1.16892
1.16892
1.16892
1.16893
1.16893
1.16893
1.16893
1.16893
1.16894
1.16894
1.16894
1.16894
1.16894
1.16894
1.16895
1.16895
1.16895
1.16895
1.16895
1.16895
1.16895
1.16896
1.16896
1.16896
1.16899
1.16931
1.17146
1.17959
1.19638
1.22084
1.24352
1.25921
1.26652
1.28739
1.34675
1.37444
1.3761
1.37832
1.41547
50.2047
996.244
1027.05
1027.09
1027.09
1027.1
1027.1
1027.1
1027.1
1027.1
1027.1
1027.1
1027.1
1027.1
1027.1
1027.1
1027.1
1027.1
1027.1
1027.1
1027.1
1027.1
1027.1
1027.1
1027.1
1027.1
1027.1
1027.1
1027.1
1027.1
1027.1
1027.1
1027.1
1027.1
1027.1
1027.1
1027.1
1027.1
1.16597
1.16636
1.16648
1.16676
1.16712
1.16776
1.16836
1.16863
1.16876
1.16881
1.16886
1.16889
1.1689
1.16891
1.16891
1.16891
1.16891
1.16891
1.16891
1.16892
1.16892
1.16892
1.16892
1.16892
1.16892
1.16893
1.16893
1.16893
1.16893
1.16893
1.16893
1.16894
1.16894
1.16894
1.16894
1.16894
1.16894
1.16895
1.16895
1.16895
1.16895
1.16895
1.16895
1.16895
1.16899
1.16969
1.17494
1.18967
1.21074
1.23047
1.24382
1.2521
1.25893
1.2661
1.27435
1.28211
1.28481
1.33361
2.46293
52.4459
989.96
1026.88
1027.09
1027.1
1027.1
1027.1
1027.1
1027.1
1027.1
1027.1
1027.1
1027.1
1027.1
1027.1
1027.1
1027.1
1027.1
1027.1
1027.1
1027.1
1027.1
1027.1
1027.1
1027.1
1027.1
1027.1
1027.1
1027.1
1027.1
1027.1
1027.1
1027.1
1027.1
1027.1
1027.1
1027.1
1027.1
1027.1
1027.1
1027.1
1027.1
1027.09
1026.89
1026.26
1027.1
1027.1
1027.1
1027.1
1027.1
1027.1
1027.1
1.15991
1.1601
1.16017
1.16024
1.16043
1.16059
1.1624
1.16701
1.16823
1.16857
1.16871
1.16884
1.16888
1.16891
1.16891
1.16891
1.16891
1.16892
1.16892
1.16892
1.16892
1.16892
1.16893
1.16893
1.16893
1.16893
1.16893
1.16893
1.16894
1.16894
1.16894
1.16894
1.16894
1.16894
1.16895
1.16895
1.16895
1.16895
1.16895
1.16895
1.16895
1.16896
1.16896
1.16896
1.169
1.16941
1.17238
1.18194
1.1987
1.22111
1.24263
1.25844
1.26576
1.28132
1.31279
1.35068
1.36346
1.39254
1.54007
44.2788
995.886
1027.07
1027.09
1027.09
1027.1
1027.1
1027.1
1027.1
1027.1
1027.1
1027.1
1027.1
1027.1
1027.1
1027.1
1027.1
1027.1
1027.1
1027.1
1027.1
1027.1
1027.1
1027.1
1027.1
1027.1
1027.1
1027.1
1027.1
1027.1
1027.1
1027.1
1027.1
1027.1
1027.1
1027.1
1027.1
1027.1
1.16544
1.16544
1.16574
1.16574
1.16586
1.16586
1.16609
1.16609
1.16655
1.16655
1.16746
1.16746
1.16825
1.16825
1.16855
1.16855
1.16873
1.16873
1.16884
1.16884
1.16889
1.16889
1.1689
1.1689
1.16891
1.16891
1.16891
1.16891
1.16891
1.16891
1.16891
1.16891
1.16892
1.16892
1.16892
1.16892
1.16892
1.16892
1.16892
1.16892
1.16892
1.16892
1.16892
1.16892
1.16892
1.16892
1.16893
1.16893
1.16893
1.16893
1.16893
1.16893
1.16893
1.16893
1.16893
1.16893
1.16893
1.16893
1.16894
1.16894
1.16894
1.16894
1.16894
1.16894
1.16894
1.16894
1.16894
1.16894
1.16894
1.16894
1.16895
1.16895
1.16895
1.16895
1.16895
1.16895
1.16895
1.16895
1.16895
1.16895
1.16895
1.16895
1.16896
1.16896
1.16896
1.16896
1.16896
1.16896
1.169
1.169
1.16975
1.16975
1.17458
1.17458
1.18883
1.18883
1.21021
1.21021
1.2296
1.2296
1.24359
1.24359
1.25346
1.25346
1.25926
1.25926
1.2615
1.2615
1.26222
1.26222
1.27036
1.27036
1.27149
1.27149
1.30918
1.30918
2.90672
2.90672
75.233
75.233
993.29
993.29
1026.9
1026.9
1027.09
1027.09
1027.1
1027.1
1027.1
1027.1
1027.1
1027.1
1027.1
1027.1
1027.1
1027.1
1027.1
1027.1
1027.1
1027.1
1027.1
1027.1
1027.1
1027.1
1027.1
1027.1
1027.1
1027.1
1027.1
1027.1
1027.1
1027.1
1027.1
1027.1
1027.1
1027.1
1027.1
1027.1
1027.1
1027.1
1027.1
1027.1
1027.1
1027.1
1027.1
1027.1
1027.1
1027.1
1027.1
1027.1
1027.1
1027.1
1027.1
1027.1
1027.1
1027.1
1027.1
1027.1
1027.1
1027.1
1027.1
1027.1
1027.1
1027.1
1027.1
1027.1
1027.1
1027.1
1027.1
1027.1
1027.1
1027.1
1027.1
1.16544
1.16582
1.16597
1.16619
1.16669
1.1676
1.16829
1.16855
1.16872
1.16882
1.16887
1.1689
1.16891
1.16891
1.16891
1.16891
1.16892
1.16892
1.16892
1.16892
1.16892
1.16892
1.16893
1.16893
1.16893
1.16893
1.16893
1.16893
1.16893
1.16894
1.16894
1.16894
1.16894
1.16894
1.16894
1.16895
1.16895
1.16895
1.16895
1.16895
1.16895
1.16895
1.16896
1.16896
1.16901
1.16995
1.17578
1.19097
1.2111
1.22913
1.24471
1.26002
1.27029
1.26914
1.26601
1.26684
1.26554
1.29212
2.1001
42.6232
988.063
1026.89
1027.09
1027.1
1027.1
1027.1
1027.1
1027.1
1027.1
1027.1
1027.1
1027.1
1027.1
1027.1
1027.1
1027.1
1027.1
1027.1
1027.1
1027.1
1027.1
1027.1
1027.1
1027.1
1027.1
1027.1
1027.1
1027.1
1027.1
1027.1
1027.1
1027.1
1027.1
1027.1
1027.1
1027.1
1027.1
1.16522
1.16597
1.16611
1.16632
1.16682
1.16772
1.16832
1.16852
1.16868
1.16878
1.16885
1.16889
1.1689
1.16891
1.16891
1.16891
1.16891
1.16892
1.16892
1.16892
1.16892
1.16892
1.16892
1.16893
1.16893
1.16893
1.16893
1.16893
1.16893
1.16894
1.16894
1.16894
1.16894
1.16894
1.16894
1.16894
1.16894
1.16894
1.16895
1.16895
1.16895
1.16895
1.16896
1.16896
1.16902
1.1702
1.17663
1.1914
1.21111
1.23128
1.25045
1.27162
1.28641
1.29411
1.28976
1.26925
1.26297
1.2857
1.76917
44.0978
994.117
1026.97
1027.09
1027.09
1027.1
1027.1
1027.1
1027.1
1027.1
1027.1
1027.1
1027.1
1027.1
1027.1
1027.1
1027.1
1027.1
1027.1
1027.1
1027.1
1027.1
1027.1
1027.1
1027.1
1027.1
1027.1
1027.1
1027.1
1027.1
1027.1
1027.1
1027.1
1027.1
1027.1
1027.1
1027.1
1027.1
1.16486
1.16594
1.16626
1.16643
1.16688
1.16775
1.16831
1.16849
1.16864
1.16876
1.16884
1.16888
1.1689
1.16891
1.16891
1.16891
1.16891
1.16891
1.16891
1.16892
1.16892
1.16892
1.16892
1.16892
1.16893
1.16893
1.16893
1.16893
1.16893
1.16893
1.16893
1.16894
1.16894
1.16894
1.16894
1.16894
1.16894
1.16894
1.16894
1.16894
1.16895
1.16895
1.16895
1.16896
1.16904
1.17043
1.17702
1.19085
1.20969
1.22998
1.2492
1.27401
1.28907
1.3022
1.30491
1.30252
1.28486
1.28921
1.60744
68.8116
1000.83
1027.02
1027.08
1027.09
1027.09
1027.09
1027.1
1027.1
1027.1
1027.1
1027.1
1027.1
1027.1
1027.1
1027.1
1027.1
1027.1
1027.1
1027.1
1027.1
1027.1
1027.1
1027.1
1027.1
1027.1
1027.1
1027.1
1027.1
1027.1
1027.1
1027.1
1027.1
1027.1
1027.1
1027.1
1027.1
1027.1
1.16397
1.16567
1.16622
1.16653
1.16692
1.16775
1.16829
1.16847
1.16861
1.16873
1.16883
1.16887
1.1689
1.1689
1.16891
1.16891
1.16891
1.16891
1.16891
1.16892
1.16892
1.16892
1.16892
1.16892
1.16892
1.16893
1.16893
1.16893
1.16893
1.16893
1.16893
1.16893
1.16894
1.16894
1.16894
1.16894
1.16894
1.16894
1.16894
1.16894
1.16895
1.16895
1.16895
1.16896
1.16905
1.17068
1.17741
1.19027
1.2069
1.22423
1.25626
1.28778
1.30195
1.31095
1.31088
1.31457
1.30008
1.30591
1.5169
121.082
1013.89
1026.81
1026.89
1026.94
1026.99
1027.04
1027.07
1027.08
1027.09
1027.09
1027.09
1027.09
1027.09
1027.09
1027.09
1027.09
1027.09
1027.09
1027.09
1027.09
1027.1
1027.1
1027.1
1027.1
1027.1
1027.1
1027.1
1027.1
1027.1
1027.1
1027.1
1027.1
1027.1
1027.1
1027.1
1027.1
1027.1
1.16258
1.16488
1.16601
1.16648
1.16694
1.16776
1.16829
1.16845
1.16857
1.16868
1.16879
1.16885
1.16889
1.1689
1.1689
1.16891
1.16891
1.16891
1.16891
1.16892
1.16892
1.16892
1.16892
1.16892
1.16892
1.16892
1.16893
1.16893
1.16893
1.16893
1.16893
1.16893
1.16894
1.16894
1.16894
1.16894
1.16894
1.16894
1.16894
1.16894
1.16894
1.16895
1.16895
1.16896
1.16908
1.1709
1.17778
1.19022
1.20657
1.22032
1.26673
1.29913
1.31024
1.31735
1.32027
1.32943
1.32633
1.38064
1.68343
159.578
1015.79
1026.1
1026.27
1026.32
1026.4
1026.5
1026.57
1026.69
1026.79
1026.87
1026.91
1026.93
1026.94
1026.94
1026.94
1026.96
1026.99
1027.02
1027.05
1027.07
1027.09
1027.09
1027.1
1027.1
1027.1
1027.1
1027.1
1027.1
1027.1
1027.1
1027.1
1027.1
1027.1
1027.1
1027.1
1027.1
1027.1
1.16098
1.16314
1.16516
1.16623
1.1669
1.16773
1.16828
1.16845
1.16855
1.16863
1.16876
1.16883
1.16888
1.1689
1.1689
1.16891
1.16891
1.16891
1.16891
1.16891
1.16892
1.16892
1.16892
1.16892
1.16892
1.16892
1.16893
1.16893
1.16893
1.16893
1.16893
1.16893
1.16893
1.16894
1.16894
1.16894
1.16894
1.16894
1.16894
1.16894
1.16894
1.16895
1.16895
1.16896
1.16909
1.171
1.1777
1.19041
1.21256
1.22357
1.2729
1.30647
1.31524
1.32309
1.33012
1.33231
1.32439
1.44398
2.00507
153.95
998.353
1025.66
1025.81
1025.81
1025.86
1025.91
1025.97
1026.06
1026.14
1026.24
1026.35
1026.48
1026.6
1026.71
1026.81
1026.9
1026.96
1027.02
1027.05
1027.08
1027.09
1027.1
1027.1
1027.1
1027.1
1027.1
1027.1
1027.1
1027.1
1027.1
1027.1
1027.1
1027.1
1027.1
1027.1
1027.1
1027.1
1.16099
1.1619
1.16354
1.1653
1.16661
1.16763
1.16824
1.16845
1.16856
1.16861
1.16873
1.16882
1.16888
1.1689
1.1689
1.1689
1.16891
1.16891
1.16891
1.16891
1.16891
1.16892
1.16892
1.16892
1.16892
1.16892
1.16892
1.16893
1.16893
1.16893
1.16893
1.16893
1.16893
1.16893
1.16894
1.16894
1.16894
1.16894
1.16894
1.16894
1.16894
1.16895
1.16895
1.16896
1.16911
1.17093
1.17731
1.19115
1.21484
1.22048
1.26212
1.30767
1.31731
1.32209
1.32437
1.31802
1.30418
1.32006
1.57643
110.196
1010.13
1025.66
1025.71
1025.56
1025.51
1025.45
1025.42
1025.42
1025.46
1025.52
1025.6
1025.78
1025.98
1026.19
1026.39
1026.57
1026.72
1026.86
1026.97
1027.04
1027.08
1027.09
1027.1
1027.1
1027.1
1027.1
1027.09
1027.06
1027.05
1027.07
1027.09
1027.1
1027.1
1027.1
1027.1
1027.1
1027.1
1.16116
1.16147
1.1621
1.16358
1.16568
1.16732
1.16813
1.16842
1.16857
1.16862
1.16873
1.16883
1.16888
1.1689
1.1689
1.1689
1.1689
1.16891
1.16891
1.16891
1.16891
1.16891
1.16892
1.16892
1.16892
1.16892
1.16892
1.16892
1.16893
1.16893
1.16893
1.16893
1.16893
1.16893
1.16893
1.16894
1.16894
1.16894
1.16894
1.16894
1.16894
1.16894
1.16895
1.16896
1.16912
1.17103
1.17691
1.19047
1.21219
1.22264
1.23997
1.28957
1.31154
1.31814
1.31528
1.30869
1.29459
1.30169
1.5538
88.0708
1014.88
1026.02
1026.01
1025.95
1025.91
1025.87
1025.85
1025.83
1025.86
1025.92
1025.96
1026.01
1026.07
1026.14
1026.22
1026.31
1026.42
1026.57
1026.7
1026.83
1026.94
1027.02
1027.07
1027.09
1027.09
1027.09
1027.09
1027.09
1027.1
1027.1
1027.1
1027.1
1027.1
1027.1
1027.1
1027.1
1027.1
1.16109
1.1613
1.16152
1.16214
1.16393
1.16643
1.16789
1.16835
1.16855
1.16863
1.16874
1.16883
1.16888
1.1689
1.1689
1.1689
1.1689
1.16891
1.16891
1.16891
1.16891
1.16891
1.16892
1.16892
1.16892
1.16892
1.16892
1.16892
1.16893
1.16893
1.16893
1.16893
1.16893
1.16893
1.16893
1.16894
1.16894
1.16894
1.16894
1.16894
1.16894
1.16894
1.16895
1.16896
1.16914
1.17101
1.17631
1.188
1.20469
1.22144
1.23119
1.26028
1.29118
1.31034
1.31028
1.3091
1.30177
1.30318
1.34512
53.0872
1007.21
1026.51
1026.56
1026.59
1026.6
1026.57
1026.55
1026.54
1026.53
1026.54
1026.57
1026.6
1026.65
1026.7
1026.75
1026.8
1026.85
1026.9
1026.94
1026.98
1027.02
1027.06
1027.08
1027.09
1027.1
1027.1
1027.1
1027.1
1027.1
1027.1
1027.1
1027.1
1027.1
1027.1
1027.1
1027.1
1027.1
1.16066
1.16078
1.16092
1.16114
1.1619
1.16398
1.16645
1.16786
1.16846
1.16862
1.16875
1.16884
1.16888
1.1689
1.1689
1.16891
1.16891
1.16891
1.16891
1.16891
1.16891
1.16892
1.16892
1.16892
1.16892
1.16892
1.16893
1.16893
1.16893
1.16893
1.16893
1.16893
1.16893
1.16894
1.16894
1.16894
1.16894
1.16894
1.16894
1.16894
1.16894
1.16895
1.16895
1.16896
1.16914
1.17086
1.17537
1.18408
1.20049
1.22179
1.23185
1.24183
1.2637
1.29082
1.30135
1.30636
1.30194
1.30403
1.36209
24.5398
973.197
1026.64
1026.96
1026.98
1027
1027
1027
1027
1027
1027.01
1027.02
1027.03
1027.04
1027.05
1027.06
1027.07
1027.07
1027.08
1027.08
1027.09
1027.09
1027.1
1027.1
1027.1
1027.1
1027.1
1027.1
1027.1
1027.1
1027.1
1027.1
1027.1
1027.1
1027.1
1027.1
1027.1
1027.1
1.16028
1.16034
1.16042
1.16052
1.16075
1.16163
1.16336
1.16571
1.16788
1.16857
1.16875
1.16884
1.16889
1.1689
1.1689
1.16891
1.16891
1.16891
1.16891
1.16891
1.16892
1.16892
1.16892
1.16892
1.16892
1.16892
1.16893
1.16893
1.16893
1.16893
1.16893
1.16893
1.16893
1.16894
1.16894
1.16894
1.16894
1.16894
1.16894
1.16894
1.16895
1.16895
1.16895
1.16897
1.16914
1.1705
1.17394
1.18087
1.1961
1.22215
1.23731
1.24068
1.24877
1.26675
1.28263
1.29767
1.29177
1.30027
1.43434
16.711
942.507
1026.42
1027.08
1027.09
1027.09
1027.09
1027.09
1027.09
1027.09
1027.09
1027.09
1027.09
1027.1
1027.1
1027.1
1027.09
1027.1
1027.1
1027.1
1027.1
1027.1
1027.1
1027.1
1027.1
1027.1
1027.1
1027.1
1027.1
1027.1
1027.1
1027.1
1027.1
1027.1
1027.1
1027.1
1027.1
1027.1
1.16028
1.16093
1.16062
1.16067
1.16077
1.16102
1.16156
1.16312
1.16671
1.16843
1.16874
1.16884
1.16889
1.1689
1.1689
1.16891
1.16891
1.16891
1.16891
1.16892
1.16892
1.16892
1.16892
1.16892
1.16892
1.16893
1.16893
1.16893
1.16893
1.16893
1.16893
1.16893
1.16894
1.16894
1.16894
1.16894
1.16894
1.16894
1.16895
1.16895
1.16895
1.16895
1.16895
1.16897
1.16917
1.17042
1.17353
1.18016
1.19373
1.22352
1.24514
1.24894
1.24891
1.26068
1.2732
1.28723
1.27489
1.28698
1.4568
17.4301
931.743
1026.14
1027.09
1027.09
1027.09
1027.09
1027.1
1027.1
1027.1
1027.1
1027.1
1027.1
1027.1
1027.1
1027.1
1027.1
1027.1
1027.1
1027.1
1027.1
1027.1
1027.1
1027.1
1027.1
1027.1
1027.1
1027.1
1027.1
1027.1
1027.1
1027.1
1027.1
1027.1
1027.1
1027.1
1027.1
1027.1
1.16076
1.16124
1.16158
1.16196
1.16222
1.16235
1.16226
1.16323
1.16653
1.16831
1.16873
1.16884
1.16889
1.16891
1.16891
1.16891
1.16891
1.16892
1.16892
1.16892
1.16892
1.16892
1.16892
1.16893
1.16893
1.16893
1.16893
1.16893
1.16893
1.16893
1.16894
1.16894
1.16894
1.16894
1.16894
1.16894
1.16894
1.16895
1.16895
1.16895
1.16895
1.16895
1.16895
1.16898
1.16939
1.17109
1.17431
1.18118
1.20115
1.22781
1.24716
1.25493
1.25624
1.25888
1.2654
1.2835
1.28064
1.29398
1.48265
28.9058
915.624
1025.78
1027.09
1027.09
1027.1
1027.1
1027.1
1027.1
1027.1
1027.1
1027.1
1027.1
1027.1
1027.1
1027.1
1027.1
1027.1
1027.1
1027.1
1027.1
1027.1
1027.1
1027.1
1027.1
1027.1
1027.1
1027.1
1027.1
1027.1
1027.1
1027.1
1027.1
1027.1
1027.1
1027.1
1027.1
1027.1
1.16052
1.16035
1.16057
1.16109
1.1623
1.16398
1.16504
1.16465
1.16678
1.16831
1.1687
1.16884
1.16889
1.16891
1.16891
1.16891
1.16891
1.16892
1.16892
1.16892
1.16892
1.16892
1.16892
1.16892
1.16893
1.16893
1.16893
1.16893
1.16893
1.16893
1.16893
1.16894
1.16894
1.16894
1.16894
1.16894
1.16894
1.16894
1.16895
1.16895
1.16895
1.16895
1.16895
1.16899
1.16933
1.17003
1.17257
1.18393
1.20568
1.22789
1.24353
1.25397
1.25862
1.26899
1.29749
1.32908
1.31823
1.31985
1.34696
40.5155
929.315
1026.18
1027.09
1027.09
1027.1
1027.1
1027.1
1027.1
1027.1
1027.1
1027.1
1027.1
1027.1
1027.1
1027.1
1027.1
1027.1
1027.1
1027.1
1027.1
1027.1
1027.1
1027.1
1027.1
1027.1
1027.1
1027.1
1027.1
1027.1
1027.1
1027.1
1027.1
1027.1
1027.1
1027.1
1027.1
1027.1
1.15991
1.15991
1.16017
1.16017
1.16022
1.16022
1.16024
1.16024
1.16063
1.16063
1.16245
1.16245
1.16532
1.16532
1.16731
1.16731
1.16779
1.16779
1.16844
1.16844
1.16867
1.16867
1.16882
1.16882
1.16888
1.16888
1.16891
1.16891
1.16891
1.16891
1.16891
1.16891
1.16891
1.16891
1.16892
1.16892
1.16891
1.16891
1.16892
1.16892
1.16892
1.16892
1.16892
1.16892
1.16892
1.16892
1.16893
1.16893
1.16893
1.16893
1.16893
1.16893
1.16893
1.16893
1.16893
1.16893
1.16894
1.16894
1.16894
1.16894
1.16894
1.16894
1.16895
1.16895
1.16895
1.16895
1.16895
1.16895
1.16895
1.16895
1.16895
1.16895
1.16895
1.16895
1.16896
1.16896
1.16896
1.16896
1.16896
1.16896
1.16896
1.16896
1.16896
1.16896
1.16896
1.16896
1.16896
1.16896
1.169
1.169
1.16943
1.16943
1.17259
1.17259
1.18344
1.18344
1.20336
1.20336
1.2257
1.2257
1.24317
1.24317
1.25581
1.25581
1.26062
1.26062
1.26906
1.26906
1.26615
1.26615
1.30326
1.30326
1.31276
1.31276
1.33456
1.33456
1.53031
1.53031
44.5434
44.5434
957.806
957.806
1026.54
1026.54
1027.09
1027.09
1027.09
1027.09
1027.1
1027.1
1027.1
1027.1
1027.1
1027.1
1027.1
1027.1
1027.1
1027.1
1027.1
1027.1
1027.1
1027.1
1027.1
1027.1
1027.1
1027.1
1027.1
1027.1
1027.1
1027.1
1027.1
1027.1
1027.1
1027.1
1027.1
1027.1
1027.1
1027.1
1027.1
1027.1
1027.1
1027.1
1027.1
1027.1
1027.1
1027.1
1027.1
1027.1
1027.1
1027.1
1027.1
1027.1
1027.1
1027.1
1027.1
1027.1
1027.1
1027.1
1027.1
1027.1
1027.1
1027.1
1027.1
1027.1
1027.1
1027.1
1027.1
1027.1
1027.1
1027.1
1027.1
1027.1
1027.1
)
;
    }
}


// ************************************************************************* //
