/*--------------------------------*- C++ -*----------------------------------*\
| =========                 |                                                 |
| \\      /  F ield         | OpenFOAM: The Open Source CFD Toolbox           |
|  \\    /   O peration     | Version:  2.3.0                                 |
|   \\  /    A nd           | Web:      www.OpenFOAM.org                      |
|    \\/     M anipulation  |                                                 |
\*---------------------------------------------------------------------------*/
FoamFile
{
    version     2.0;
    format      ascii;
    class       volScalarField;
    location    "32";
    object      p;
}
// * * * * * * * * * * * * * * * * * * * * * * * * * * * * * * * * * * * * * //

dimensions      [1 -1 -2 0 0 0 0];

internalField   nonuniform List<scalar> 
6144
(
100000
100000
100000
100001
100001
100001
100001
100001
100001
100001
100002
100002
100002
100002
100002
100002
100002
100003
100003
100003
100003
100003
100003
100003
100004
100004
100004
100004
100004
100004
100004
100005
100005
100005
100005
100005
100005
100005
100006
100006
100006
100006
100006
100006
100006
100007
100007
100007
100007
100007
100007
100007
100008
100008
100008
100008
100008
100008
100009
100010
100034
100217
100323
100441
100564
100687
100811
100935
101058
101183
101309
101434
101561
101689
101817
101945
102073
102199
102325
102450
102576
102702
102828
102955
103082
103209
103335
103461
103587
103713
103839
103965
104092
104218
104346
104473
100000
100000
100000
100001
100001
100001
100001
100001
100001
100001
100002
100002
100002
100002
100002
100002
100002
100003
100003
100003
100003
100003
100003
100003
100004
100004
100004
100004
100004
100004
100004
100005
100005
100005
100005
100005
100005
100005
100006
100006
100006
100006
100006
100006
100006
100007
100007
100007
100007
100007
100007
100007
100008
100008
100008
100008
100008
100008
100009
100010
100031
100203
100311
100440
100561
100685
100809
100933
101058
101182
101307
101433
101560
101688
101816
101945
102072
102198
102324
102450
102576
102702
102828
102955
103082
103208
103335
103461
103587
103714
103839
103965
104092
104218
104345
104473
100000
100000
100000
100001
100001
100001
100001
100001
100001
100001
100002
100002
100002
100002
100002
100002
100002
100003
100003
100003
100003
100003
100003
100003
100004
100004
100004
100004
100004
100004
100004
100005
100005
100005
100005
100005
100005
100005
100006
100006
100006
100006
100006
100006
100006
100007
100007
100007
100007
100007
100007
100007
100008
100008
100008
100008
100008
100008
100009
100010
100034
100200
100311
100441
100562
100686
100810
100934
101059
101183
101308
101434
101561
101688
101816
101944
102071
102197
102323
102449
102575
102702
102828
102955
103082
103209
103335
103461
103588
103714
103840
103966
104092
104218
104345
104473
100000
100000
100000
100000
100001
100001
100001
100001
100001
100001
100002
100002
100002
100002
100002
100002
100002
100003
100003
100003
100003
100003
100003
100003
100004
100004
100004
100004
100004
100004
100004
100005
100005
100005
100005
100005
100005
100005
100006
100006
100006
100006
100006
100006
100006
100007
100007
100007
100007
100007
100007
100007
100008
100008
100008
100008
100008
100008
100008
100009
100038
100198
100309
100440
100562
100686
100810
100934
101059
101184
101309
101434
101561
101688
101815
101942
102069
102195
102322
102449
102576
102702
102829
102956
103083
103209
103335
103461
103587
103713
103839
103965
104091
104218
104345
104473
100000
100000
100000
100000
100001
100001
100001
100001
100001
100001
100002
100002
100002
100002
100002
100002
100002
100003
100003
100003
100003
100003
100003
100003
100004
100004
100004
100004
100004
100004
100004
100005
100005
100005
100005
100005
100005
100005
100006
100006
100006
100006
100006
100006
100006
100007
100007
100007
100007
100007
100007
100007
100008
100008
100008
100008
100008
100008
100008
100009
100043
100198
100309
100440
100562
100686
100810
100935
101060
101185
101309
101435
101561
101687
101814
101940
102067
102195
102323
102450
102577
102703
102829
102955
103081
103207
103333
103459
103585
103712
103838
103965
104091
104218
104345
104472
100000
100000
100000
100000
100001
100001
100001
100001
100001
100001
100002
100002
100002
100002
100002
100002
100002
100003
100003
100003
100003
100003
100003
100003
100004
100004
100004
100004
100004
100004
100004
100005
100005
100005
100005
100005
100005
100005
100006
100006
100006
100006
100006
100006
100006
100007
100007
100007
100007
100007
100007
100007
100008
100008
100008
100008
100008
100008
100008
100009
100045
100199
100309
100439
100562
100686
100811
100936
101062
101187
101311
101436
101562
101688
101814
101941
102068
102196
102322
102449
102575
102701
102827
102953
103079
103205
103331
103458
103584
103710
103837
103964
104091
104218
104345
104471
100000
100000
100000
100000
100001
100001
100001
100001
100001
100001
100002
100002
100002
100002
100002
100002
100002
100003
100003
100003
100003
100003
100003
100003
100004
100004
100004
100004
100004
100004
100004
100005
100005
100005
100005
100005
100005
100005
100006
100006
100006
100006
100006
100006
100006
100007
100007
100007
100007
100007
100007
100007
100008
100008
100008
100008
100008
100008
100008
100009
100042
100202
100309
100440
100563
100686
100810
100935
101062
101187
101311
101437
101563
101688
101815
101941
102068
102195
102322
102448
102575
102701
102827
102954
103080
103206
103332
103458
103584
103710
103836
103963
104090
104216
104342
104470
100000
100000
100000
100000
100001
100001
100001
100001
100001
100001
100002
100002
100002
100002
100002
100002
100002
100003
100003
100003
100003
100003
100003
100003
100004
100004
100004
100004
100004
100004
100004
100005
100005
100005
100005
100005
100005
100005
100006
100006
100006
100006
100006
100006
100006
100007
100007
100007
100007
100007
100007
100007
100008
100008
100008
100008
100008
100008
100008
100009
100047
100203
100310
100437
100560
100685
100810
100936
101062
101188
101313
101438
101564
101689
101815
101941
102067
102194
102321
102447
102574
102701
102827
102954
103080
103206
103332
103459
103585
103711
103836
103962
104088
104214
104339
104465
100000
100000
100000
100000
100001
100001
100001
100001
100001
100001
100002
100002
100002
100002
100002
100002
100002
100003
100003
100003
100003
100003
100003
100003
100004
100004
100004
100004
100004
100004
100004
100005
100005
100005
100005
100005
100005
100005
100006
100006
100006
100006
100006
100006
100006
100007
100007
100007
100007
100007
100007
100007
100008
100008
100008
100008
100008
100008
100008
100009
100037
100205
100306
100433
100557
100683
100810
100937
101062
101188
101313
101438
101564
101690
101816
101941
102067
102193
102320
102447
102574
102700
102826
102952
103080
103207
103334
103461
103586
103711
103835
103960
104086
104213
104339
104467
100000
100000
100000
100000
100001
100001
100001
100001
100001
100001
100002
100002
100002
100002
100002
100002
100002
100003
100003
100003
100003
100003
100003
100003
100004
100004
100004
100004
100004
100004
100004
100005
100005
100005
100005
100005
100005
100005
100006
100006
100006
100006
100006
100006
100006
100007
100007
100007
100007
100007
100007
100007
100008
100008
100008
100008
100008
100008
100008
100009
100028
100204
100300
100431
100554
100683
100810
100937
101063
101187
101312
101438
101565
101691
101816
101941
102066
102191
102318
102445
102572
102699
102825
102952
103080
103208
103335
103463
103588
103713
103837
103961
104086
104213
104340
104467
100000
100000
100000
100000
100001
100001
100001
100001
100001
100001
100001
100002
100002
100002
100002
100002
100002
100003
100003
100003
100003
100003
100003
100003
100004
100004
100004
100004
100004
100004
100004
100005
100005
100005
100005
100005
100005
100005
100006
100006
100006
100006
100006
100006
100006
100007
100007
100007
100007
100007
100007
100007
100008
100008
100008
100008
100008
100008
100009
100009
100022
100201
100293
100429
100552
100683
100810
100938
101064
101188
101313
101439
101565
101691
101816
101941
102065
102190
102317
102444
102571
102697
102824
102952
103079
103207
103335
103463
103589
103714
103839
103963
104087
104213
104339
104466
100000
100000
100000
100000
100001
100001
100001
100001
100001
100001
100001
100002
100002
100002
100002
100002
100002
100003
100003
100003
100003
100003
100003
100003
100004
100004
100004
100004
100004
100004
100004
100005
100005
100005
100005
100005
100005
100005
100006
100006
100006
100006
100006
100006
100006
100007
100007
100007
100007
100007
100007
100007
100008
100008
100008
100008
100008
100008
100008
100009
100017
100199
100288
100427
100548
100681
100809
100935
101061
101187
101313
101439
101566
101691
101816
101941
102065
102191
102317
102443
102570
102696
102823
102951
103079
103208
103335
103463
103589
103714
103838
103963
104088
104213
104339
104465
100000
100000
100000
100000
100001
100001
100001
100001
100001
100001
100001
100002
100002
100002
100002
100002
100002
100003
100003
100003
100003
100003
100003
100003
100004
100004
100004
100004
100004
100004
100004
100005
100005
100005
100005
100005
100005
100005
100006
100006
100006
100006
100006
100006
100006
100007
100007
100007
100007
100007
100007
100007
100008
100008
100008
100008
100008
100008
100009
100009
100016
100198
100286
100429
100551
100681
100809
100935
101061
101186
101312
101438
101564
101690
101816
101942
102067
102191
102316
102442
102569
102695
102822
102950
103079
103207
103335
103463
103589
103714
103838
103963
104088
104213
104339
104464
100000
100000
100000
100000
100001
100001
100001
100001
100001
100001
100001
100002
100002
100002
100002
100002
100002
100003
100003
100003
100003
100003
100003
100003
100004
100004
100004
100004
100004
100004
100004
100005
100005
100005
100005
100005
100005
100005
100006
100006
100006
100006
100006
100006
100006
100007
100007
100007
100007
100007
100007
100007
100008
100008
100008
100008
100008
100008
100009
100009
100017
100200
100288
100441
100557
100682
100809
100935
101061
101186
101311
101437
101563
101689
101815
101941
102067
102192
102317
102443
102569
102695
102822
102950
103078
103207
103336
103463
103589
103714
103838
103963
104088
104214
104339
104465
100000
100000
100000
100000
100001
100001
100001
100001
100001
100001
100001
100002
100002
100002
100002
100002
100002
100003
100003
100003
100003
100003
100003
100003
100004
100004
100004
100004
100004
100004
100004
100005
100005
100005
100005
100005
100005
100005
100006
100006
100006
100006
100006
100006
100006
100007
100007
100007
100007
100007
100007
100007
100008
100008
100008
100008
100008
100008
100009
100009
100018
100202
100290
100439
100559
100683
100810
100936
101061
101187
101312
101438
101563
101689
101815
101941
102067
102192
102318
102443
102569
102695
102822
102950
103078
103207
103336
103464
103590
103714
103839
103964
104090
104216
104341
104467
100000
100000
100000
100000
100001
100001
100001
100001
100001
100001
100001
100002
100002
100002
100002
100002
100002
100003
100003
100003
100003
100003
100003
100003
100004
100004
100004
100004
100004
100004
100004
100005
100005
100005
100005
100005
100005
100005
100006
100006
100006
100006
100006
100006
100006
100007
100007
100007
100007
100007
100007
100007
100008
100008
100008
100008
100008
100008
100009
100009
100022
100210
100307
100436
100562
100686
100811
100937
101062
101188
101313
101438
101564
101689
101815
101941
102067
102193
102318
102444
102569
102695
102822
102950
103078
103207
103336
103464
103590
103715
103840
103966
104092
104219
104345
104470
100000
100000
100000
100000
100001
100001
100001
100001
100001
100001
100002
100002
100002
100002
100002
100002
100002
100003
100003
100003
100003
100003
100003
100003
100004
100004
100004
100004
100004
100004
100004
100005
100005
100005
100005
100005
100005
100005
100006
100006
100006
100006
100006
100006
100006
100007
100007
100007
100007
100007
100007
100007
100008
100008
100008
100008
100008
100008
100009
100010
100033
100206
100315
100439
100563
100687
100810
100934
101058
101182
101307
101433
101561
101690
101818
101946
102074
102199
102325
102450
102576
102702
102828
102954
103081
103208
103334
103460
103586
103712
103839
103965
104092
104218
104345
104473
100000
100000
100000
100000
100001
100001
100001
100001
100001
100001
100002
100002
100002
100002
100002
100002
100002
100003
100003
100003
100003
100003
100003
100003
100004
100004
100004
100004
100004
100004
100004
100005
100005
100005
100005
100005
100005
100005
100006
100006
100006
100006
100006
100006
100006
100007
100007
100007
100007
100007
100007
100007
100008
100008
100008
100008
100008
100008
100008
100010
100036
100191
100305
100439
100560
100685
100809
100933
101057
101181
101304
101431
101560
101689
101817
101945
102072
102198
102324
102449
102574
102700
102827
102954
103081
103208
103334
103460
103586
103712
103838
103965
104091
104218
104344
104472
100000
100000
100000
100000
100001
100001
100001
100001
100001
100001
100002
100002
100002
100002
100002
100002
100002
100003
100003
100003
100003
100003
100003
100003
100004
100004
100004
100004
100004
100004
100004
100005
100005
100005
100005
100005
100005
100005
100006
100006
100006
100006
100006
100006
100006
100007
100007
100007
100007
100007
100007
100007
100008
100008
100008
100008
100008
100008
100008
100009
100043
100194
100310
100437
100560
100685
100809
100933
101057
101181
101307
101433
101561
101689
101816
101942
102069
102196
102321
102447
102572
102699
102826
102953
103080
103207
103334
103460
103587
103713
103838
103965
104091
104218
104344
104472
100000
100000
100000
100000
100001
100001
100001
100001
100001
100001
100002
100002
100002
100002
100002
100002
100002
100003
100003
100003
100003
100003
100003
100003
100004
100004
100004
100004
100004
100004
100004
100005
100005
100005
100005
100005
100005
100005
100006
100006
100006
100006
100006
100006
100006
100007
100007
100007
100007
100007
100007
100007
100008
100008
100008
100008
100008
100008
100008
100009
100054
100192
100310
100436
100559
100683
100808
100933
101057
101181
101306
101433
101560
101687
101813
101940
102067
102194
102320
102446
102573
102700
102828
102955
103082
103207
103333
103459
103586
103712
103838
103964
104090
104217
104343
104472
100000
100000
100000
100000
100001
100001
100001
100001
100001
100001
100002
100002
100002
100002
100002
100002
100002
100003
100003
100003
100003
100003
100003
100003
100004
100004
100004
100004
100004
100004
100004
100005
100005
100005
100005
100005
100005
100005
100006
100006
100006
100006
100006
100006
100006
100007
100007
100007
100007
100007
100007
100007
100008
100008
100008
100008
100008
100008
100008
100009
100063
100194
100311
100436
100561
100684
100809
100933
101058
101182
101307
101433
101559
101685
101811
101938
102065
102193
102321
102449
102576
102702
102828
102953
103079
103204
103330
103457
103583
103710
103837
103964
104090
104217
104343
104471
100000
100000
100000
100000
100001
100001
100001
100001
100001
100001
100002
100002
100002
100002
100002
100002
100002
100003
100003
100003
100003
100003
100003
100003
100004
100004
100004
100004
100004
100004
100004
100005
100005
100005
100005
100005
100005
100005
100006
100006
100006
100006
100006
100006
100006
100007
100007
100007
100007
100007
100007
100007
100008
100008
100008
100008
100008
100008
100008
100009
100065
100193
100310
100436
100561
100684
100809
100934
101060
101185
101309
101433
101559
101684
101810
101938
102066
102194
102323
102450
102576
102701
102825
102951
103076
103202
103328
103455
103581
103709
103836
103963
104090
104217
104344
104471
100000
100000
100000
100000
100001
100001
100001
100001
100001
100001
100002
100002
100002
100002
100002
100002
100002
100003
100003
100003
100003
100003
100003
100003
100004
100004
100004
100004
100004
100004
100004
100005
100005
100005
100005
100005
100005
100005
100006
100006
100006
100006
100006
100006
100006
100007
100007
100007
100007
100007
100007
100007
100008
100008
100008
100008
100008
100008
100008
100009
100063
100194
100312
100437
100560
100683
100808
100934
101061
101186
101310
101435
101560
101685
101811
101939
102067
102194
102321
102448
102574
102699
102825
102951
103077
103203
103330
103456
103582
103709
103834
103960
104087
104214
104341
104469
100000
100000
100000
100000
100001
100001
100001
100001
100001
100001
100002
100002
100002
100002
100002
100002
100002
100003
100003
100003
100003
100003
100003
100003
100004
100004
100004
100004
100004
100004
100004
100005
100005
100005
100005
100005
100005
100005
100006
100006
100006
100006
100006
100006
100006
100007
100007
100007
100007
100007
100007
100007
100008
100008
100008
100008
100008
100008
100008
100009
100057
100195
100310
100434
100557
100682
100807
100934
101060
101186
101311
101437
101562
101687
101812
101938
102065
102192
102319
102446
102572
102699
102825
102952
103079
103206
103332
103458
103583
103708
103831
103956
104085
104214
104339
104463
100000
100000
100000
100000
100001
100001
100001
100001
100001
100001
100001
100002
100002
100002
100002
100002
100002
100003
100003
100003
100003
100003
100003
100003
100004
100004
100004
100004
100004
100004
100004
100005
100005
100005
100005
100005
100005
100005
100006
100006
100006
100006
100006
100006
100006
100007
100007
100007
100007
100007
100007
100007
100008
100008
100008
100008
100008
100008
100008
100009
100044
100193
100303
100430
100554
100681
100807
100934
101060
101186
101312
101438
101563
101689
101813
101938
102063
102191
102318
102444
102570
102697
102824
102952
103079
103206
103333
103460
103585
103708
103830
103953
104083
104212
104339
104465
100000
100000
100000
100000
100001
100001
100001
100001
100001
100001
100001
100002
100002
100002
100002
100002
100002
100003
100003
100003
100003
100003
100003
100003
100004
100004
100004
100004
100004
100004
100004
100005
100005
100005
100005
100005
100005
100005
100006
100006
100006
100006
100006
100006
100006
100007
100007
100007
100007
100007
100007
100007
100008
100008
100008
100008
100008
100008
100008
100009
100035
100192
100299
100430
100553
100680
100807
100933
101059
101185
101311
101438
101564
101690
101815
101939
102064
102190
102317
102443
102569
102695
102822
102951
103079
103206
103334
103462
103588
103712
103834
103956
104082
104211
104338
104466
100000
100000
100000
100000
100001
100001
100001
100001
100001
100001
100001
100002
100002
100002
100002
100002
100002
100003
100003
100003
100003
100003
100003
100003
100004
100004
100004
100004
100004
100004
100004
100005
100005
100005
100005
100005
100005
100005
100006
100006
100006
100006
100006
100006
100006
100007
100007
100007
100007
100007
100007
100007
100008
100008
100008
100008
100008
100008
100008
100009
100028
100192
100294
100429
100551
100680
100807
100935
101061
101186
101311
101437
101562
101689
101813
101938
102063
102189
102316
102443
102569
102694
102821
102950
103078
103206
103334
103462
103588
103712
103837
103960
104084
104211
104338
104465
100000
100000
100000
100000
100001
100001
100001
100001
100001
100001
100001
100002
100002
100002
100002
100002
100002
100003
100003
100003
100003
100003
100003
100003
100004
100004
100004
100004
100004
100004
100004
100005
100005
100005
100005
100005
100005
100005
100006
100006
100006
100006
100006
100006
100006
100007
100007
100007
100007
100007
100007
100007
100008
100008
100008
100008
100008
100008
100008
100009
100023
100194
100289
100428
100550
100679
100805
100931
101057
101183
101310
101437
101563
101689
101814
101939
102063
102189
102317
102443
102568
102693
102820
102949
103078
103206
103334
103462
103588
103712
103837
103961
104086
104211
104337
104464
100000
100000
100000
100000
100001
100001
100001
100001
100001
100001
100001
100002
100002
100002
100002
100002
100002
100003
100003
100003
100003
100003
100003
100003
100004
100004
100004
100004
100004
100004
100004
100005
100005
100005
100005
100005
100005
100005
100006
100006
100006
100006
100006
100006
100006
100007
100007
100007
100007
100007
100007
100007
100008
100008
100008
100008
100008
100008
100008
100009
100021
100195
100282
100426
100549
100679
100806
100933
101058
101183
101308
101435
101561
101687
101814
101939
102064
102190
102317
102443
102568
102693
102820
102948
103077
103206
103334
103462
103588
103713
103837
103961
104085
104210
104335
104461
100000
100000
100000
100000
100001
100001
100001
100001
100001
100001
100001
100002
100002
100002
100002
100002
100002
100003
100003
100003
100003
100003
100003
100003
100004
100004
100004
100004
100004
100004
100004
100005
100005
100005
100005
100005
100005
100005
100006
100006
100006
100006
100006
100006
100006
100007
100007
100007
100007
100007
100007
100007
100008
100008
100008
100008
100008
100008
100009
100009
100021
100198
100282
100434
100555
100681
100808
100934
101059
101184
101309
101435
101560
101686
101812
101939
102065
102192
102318
102444
102569
102694
102821
102948
103077
103205
103335
103462
103588
103713
103837
103961
104086
104210
104335
104460
100000
100000
100000
100000
100001
100001
100001
100001
100001
100001
100001
100002
100002
100002
100002
100002
100002
100003
100003
100003
100003
100003
100003
100003
100004
100004
100004
100004
100004
100004
100004
100005
100005
100005
100005
100005
100005
100005
100006
100006
100006
100006
100006
100006
100006
100007
100007
100007
100007
100007
100007
100007
100008
100008
100008
100008
100008
100008
100008
100009
100025
100193
100285
100440
100559
100683
100809
100935
101060
101185
101311
101436
101561
101687
101812
101939
102065
102192
102317
102443
102569
102695
102822
102949
103077
103205
103335
103463
103589
103714
103838
103962
104087
104212
104337
104462
100000
100000
100000
100000
100001
100001
100001
100001
100001
100001
100001
100002
100002
100002
100002
100002
100002
100003
100003
100003
100003
100003
100003
100003
100004
100004
100004
100004
100004
100004
100004
100005
100005
100005
100005
100005
100005
100005
100006
100006
100006
100006
100006
100006
100006
100007
100007
100007
100007
100007
100007
100007
100008
100008
100008
100008
100008
100008
100009
100009
100020
100204
100306
100435
100561
100685
100811
100936
101061
101186
101311
101437
101562
101688
101814
101940
102066
102192
102318
102443
102569
102695
102822
102949
103077
103205
103335
103464
103590
103714
103839
103965
104091
104217
104342
104468
100000
100000
100000
100000
100001
100001
100001
100001
100001
100001
100002
100002
100002
100002
100002
100002
100002
100003
100003
100003
100003
100003
100003
100003
100004
100004
100004
100004
100004
100004
100004
100005
100005
100005
100005
100005
100005
100005
100006
100006
100006
100006
100006
100006
100006
100007
100007
100007
100007
100007
100007
100007
100008
100008
100008
100008
100008
100008
100009
100010
100033
100207
100316
100437
100562
100686
100810
100934
101058
101183
101309
101435
101562
101690
101818
101945
102072
102199
102326
102453
102579
102702
102827
102953
103080
103207
103334
103460
103587
103713
103839
103965
104092
104218
104344
104472
100000
100000
100000
100000
100001
100001
100001
100001
100001
100001
100002
100002
100002
100002
100002
100002
100002
100003
100003
100003
100003
100003
100003
100003
100004
100004
100004
100004
100004
100004
100004
100005
100005
100005
100005
100005
100005
100005
100006
100006
100006
100006
100006
100006
100006
100007
100007
100007
100007
100007
100007
100007
100008
100008
100008
100008
100008
100008
100009
100010
100037
100191
100304
100437
100559
100683
100807
100932
101057
101181
101307
101433
101560
101688
101816
101944
102072
102198
102325
102452
102576
102700
102825
102952
103080
103208
103335
103461
103587
103712
103838
103964
104091
104218
104344
104473
100000
100000
100000
100000
100001
100001
100001
100001
100001
100001
100002
100002
100002
100002
100002
100002
100002
100003
100003
100003
100003
100003
100003
100003
100004
100004
100004
100004
100004
100004
100004
100005
100005
100005
100005
100005
100005
100005
100006
100006
100006
100006
100006
100006
100006
100007
100007
100007
100007
100007
100007
100007
100008
100008
100008
100008
100008
100008
100009
100010
100042
100196
100309
100436
100558
100684
100809
100934
101058
101182
101308
101434
101559
101686
101814
101942
102069
102196
102323
102449
102574
102699
102826
102953
103081
103208
103334
103460
103587
103713
103839
103965
104091
104218
104345
104474
100000
100000
100000
100000
100001
100001
100001
100001
100001
100001
100002
100002
100002
100002
100002
100002
100002
100003
100003
100003
100003
100003
100003
100003
100004
100004
100004
100004
100004
100004
100004
100005
100005
100005
100005
100005
100005
100005
100006
100006
100006
100006
100006
100006
100006
100007
100007
100007
100007
100007
100007
100007
100008
100008
100008
100008
100008
100008
100008
100010
100051
100194
100310
100434
100557
100684
100809
100933
101056
101181
101306
101432
101558
101685
101812
101939
102067
102194
102321
102448
102575
102702
102830
102957
103083
103208
103334
103459
103586
103712
103838
103964
104090
104217
104344
104473
100000
100000
100000
100000
100001
100001
100001
100001
100001
100001
100002
100002
100002
100002
100002
100002
100002
100003
100003
100003
100003
100003
100003
100003
100004
100004
100004
100004
100004
100004
100004
100005
100005
100005
100005
100005
100005
100005
100006
100006
100006
100006
100006
100006
100006
100007
100007
100007
100007
100007
100007
100007
100008
100008
100008
100008
100008
100008
100008
100010
100061
100196
100313
100435
100558
100683
100807
100932
101058
101183
101307
101431
101557
101683
101810
101937
102065
102194
102322
102451
102579
102706
102830
102955
103079
103204
103330
103456
103583
103710
103837
103963
104090
104217
104344
104472
100000
100000
100000
100000
100001
100001
100001
100001
100001
100001
100002
100002
100002
100002
100002
100002
100002
100003
100003
100003
100003
100003
100003
100003
100004
100004
100004
100004
100004
100004
100004
100005
100005
100005
100005
100005
100005
100005
100006
100006
100006
100006
100006
100006
100006
100007
100007
100007
100007
100007
100007
100007
100008
100008
100008
100008
100008
100008
100008
100009
100067
100197
100313
100435
100556
100679
100805
100933
101060
101184
101308
101432
101558
101684
101810
101938
102066
102196
102325
102453
102580
102704
102829
102953
103077
103202
103328
103453
103580
103707
103834
103962
104090
104218
104344
104471
100000
100000
100000
100000
100001
100001
100001
100001
100001
100001
100002
100002
100002
100002
100002
100002
100002
100003
100003
100003
100003
100003
100003
100003
100004
100004
100004
100004
100004
100004
100004
100005
100005
100005
100005
100005
100005
100005
100006
100006
100006
100006
100006
100006
100006
100007
100007
100007
100007
100007
100007
100007
100008
100008
100008
100008
100008
100008
100009
100009
100068
100198
100312
100434
100555
100678
100805
100934
101061
101185
101308
101432
101558
101685
101812
101940
102068
102196
102324
102452
102577
102702
102827
102952
103078
103203
103329
103455
103581
103706
103832
103959
104088
104216
104343
104470
100000
100000
100000
100000
100001
100001
100001
100001
100001
100001
100001
100002
100002
100002
100002
100002
100002
100003
100003
100003
100003
100003
100003
100003
100004
100004
100004
100004
100004
100004
100004
100005
100005
100005
100005
100005
100005
100005
100006
100006
100006
100006
100006
100006
100006
100007
100007
100007
100007
100007
100007
100007
100008
100008
100008
100008
100008
100008
100008
100009
100060
100195
100309
100433
100555
100679
100805
100933
101060
101186
101311
101435
101560
101686
101812
101937
102065
102194
102321
102447
102573
102698
102825
102951
103078
103205
103332
103457
103582
103706
103829
103955
104085
104214
104340
104466
100000
100000
100000
100000
100001
100001
100001
100001
100001
100001
100001
100002
100002
100002
100002
100002
100002
100003
100003
100003
100003
100003
100003
100003
100004
100004
100004
100004
100004
100004
100004
100005
100005
100005
100005
100005
100005
100005
100006
100006
100006
100006
100006
100006
100006
100007
100007
100007
100007
100007
100007
100007
100008
100008
100008
100008
100008
100008
100008
100009
100046
100193
100302
100429
100553
100678
100804
100932
101059
101185
101311
101437
101562
101687
101812
101937
102064
102192
102319
102444
102569
102695
102822
102950
103078
103206
103333
103460
103584
103707
103830
103955
104083
104213
104338
104465
100000
100000
100000
100000
100001
100001
100001
100001
100001
100001
100001
100002
100002
100002
100002
100002
100002
100003
100003
100003
100003
100003
100003
100003
100004
100004
100004
100004
100004
100004
100004
100005
100005
100005
100005
100005
100005
100005
100006
100006
100006
100006
100006
100006
100006
100007
100007
100007
100007
100007
100007
100007
100008
100008
100008
100008
100008
100008
100008
100009
100036
100192
100298
100429
100552
100678
100805
100933
101059
101184
101310
101437
101564
101689
101814
101938
102064
102192
102319
102445
102569
102693
102820
102949
103078
103206
103333
103461
103586
103710
103833
103957
104084
104212
104338
104466
100000
100000
100000
100000
100001
100001
100001
100001
100001
100001
100001
100002
100002
100002
100002
100002
100002
100003
100003
100003
100003
100003
100003
100003
100004
100004
100004
100004
100004
100004
100004
100005
100005
100005
100005
100005
100005
100005
100006
100006
100006
100006
100006
100006
100006
100007
100007
100007
100007
100007
100007
100007
100008
100008
100008
100008
100008
100008
100008
100009
100029
100192
100293
100428
100550
100678
100806
100934
101060
101185
101310
101436
101562
101688
101813
101937
102061
102190
102319
102445
102569
102692
102818
102948
103077
103206
103334
103461
103586
103711
103835
103959
104085
104212
104338
104465
100000
100000
100000
100000
100001
100001
100001
100001
100001
100001
100001
100002
100002
100002
100002
100002
100002
100003
100003
100003
100003
100003
100003
100003
100004
100004
100004
100004
100004
100004
100004
100005
100005
100005
100005
100005
100005
100005
100006
100006
100006
100006
100006
100006
100006
100007
100007
100007
100007
100007
100007
100007
100008
100008
100008
100008
100008
100008
100008
100009
100023
100193
100288
100427
100548
100678
100805
100933
101058
101184
101310
101436
101563
101689
101814
101938
102062
102191
102320
102446
102569
102692
102817
102947
103076
103205
103334
103461
103587
103711
103835
103960
104086
104212
104338
104464
100000
100000
100000
100000
100001
100001
100001
100001
100001
100001
100001
100002
100002
100002
100002
100002
100002
100003
100003
100003
100003
100003
100003
100003
100004
100004
100004
100004
100004
100004
100004
100005
100005
100005
100005
100005
100005
100005
100006
100006
100006
100006
100006
100006
100006
100007
100007
100007
100007
100007
100007
100007
100008
100008
100008
100008
100008
100008
100008
100009
100019
100194
100284
100426
100549
100679
100806
100933
101058
101184
101309
101435
101561
101686
101813
101939
102065
102192
102320
102446
102569
102692
102817
102946
103076
103205
103334
103461
103587
103712
103836
103960
104086
104212
104337
104463
100000
100000
100000
100000
100001
100001
100001
100001
100001
100001
100001
100002
100002
100002
100002
100002
100002
100003
100003
100003
100003
100003
100003
100003
100004
100004
100004
100004
100004
100004
100004
100005
100005
100005
100005
100005
100005
100005
100006
100006
100006
100006
100006
100006
100006
100007
100007
100007
100007
100007
100007
100007
100008
100008
100008
100008
100008
100008
100008
100009
100021
100195
100280
100431
100553
100680
100807
100934
101060
101184
101310
101435
101561
101686
101812
101938
102065
102192
102319
102445
102568
102691
102816
102946
103075
103204
103334
103461
103587
103712
103836
103961
104086
104211
104337
104462
100000
100000
100000
100000
100001
100001
100001
100001
100001
100001
100001
100002
100002
100002
100002
100002
100002
100003
100003
100003
100003
100003
100003
100003
100004
100004
100004
100004
100004
100004
100004
100005
100005
100005
100005
100005
100005
100005
100006
100006
100006
100006
100006
100006
100006
100007
100007
100007
100007
100007
100007
100007
100008
100008
100008
100008
100008
100008
100008
100009
100021
100194
100284
100436
100557
100682
100809
100935
101060
101185
101311
101436
101561
101686
101812
101938
102065
102191
102317
102442
102567
102692
102817
102945
103075
103204
103334
103462
103588
103713
103838
103962
104087
104212
104337
104463
100000
100000
100000
100000
100001
100001
100001
100001
100001
100001
100001
100002
100002
100002
100002
100002
100002
100003
100003
100003
100003
100003
100003
100003
100004
100004
100004
100004
100004
100004
100004
100005
100005
100005
100005
100005
100005
100005
100006
100006
100006
100006
100006
100006
100006
100007
100007
100007
100007
100007
100007
100007
100008
100008
100008
100008
100008
100008
100009
100009
100020
100205
100309
100436
100561
100686
100811
100936
101061
101187
101312
101437
101562
101688
101814
101940
102066
102192
102318
102443
102568
102693
102817
102945
103074
103204
103334
103462
103588
103714
103839
103964
104089
104215
104340
104466
100000
100000
100000
100000
100001
100001
100001
100001
100001
100001
100002
100002
100002
100002
100002
100002
100002
100003
100003
100003
100003
100003
100003
100003
100004
100004
100004
100004
100004
100004
100004
100005
100005
100005
100005
100005
100005
100005
100006
100006
100006
100006
100006
100006
100006
100007
100007
100007
100007
100007
100007
100007
100008
100008
100008
100008
100008
100008
100009
100010
100035
100221
100324
100439
100562
100686
100810
100935
101059
101184
101309
101435
101561
101688
101816
101943
102071
102198
102325
102451
102577
102702
102828
102954
103081
103208
103334
103460
103587
103713
103839
103966
104092
104219
104345
104473
100000
100000
100000
100000
100001
100001
100001
100001
100001
100001
100002
100002
100002
100002
100002
100002
100002
100003
100003
100003
100003
100003
100003
100003
100004
100004
100004
100004
100004
100004
100004
100005
100005
100005
100005
100005
100005
100005
100006
100006
100006
100006
100006
100006
100006
100007
100007
100007
100007
100007
100007
100007
100008
100008
100008
100008
100008
100008
100009
100009
100031
100206
100316
100437
100560
100683
100807
100932
101058
101183
101308
101434
101560
101686
101814
101941
102069
102197
102324
102451
102577
102702
102828
102955
103082
103208
103335
103461
103587
103712
103839
103965
104092
104218
104346
104474
100000
100000
100000
100000
100001
100001
100001
100001
100001
100001
100002
100002
100002
100002
100002
100002
100002
100003
100003
100003
100003
100003
100003
100003
100004
100004
100004
100004
100004
100004
100004
100005
100005
100005
100005
100005
100005
100005
100006
100006
100006
100006
100006
100006
100006
100007
100007
100007
100007
100007
100007
100007
100008
100008
100008
100008
100008
100008
100009
100009
100033
100204
100315
100438
100560
100684
100809
100934
101058
101184
101309
101434
101559
101685
101813
101941
102069
102196
102323
102449
102575
102702
102829
102956
103083
103209
103335
103461
103586
103712
103838
103965
104091
104219
104347
104476
100000
100000
100000
100000
100001
100001
100001
100001
100001
100001
100002
100002
100002
100002
100002
100002
100002
100003
100003
100003
100003
100003
100003
100003
100004
100004
100004
100004
100004
100004
100004
100005
100005
100005
100005
100005
100005
100005
100006
100006
100006
100006
100006
100006
100006
100007
100007
100007
100007
100007
100007
100007
100008
100008
100008
100008
100008
100008
100009
100010
100041
100203
100314
100436
100558
100681
100806
100932
101059
101184
101308
101432
101558
101684
101812
101939
102067
102195
102323
102450
102578
102705
102833
102959
103085
103209
103335
103460
103586
103712
103838
103964
104090
104218
104346
104475
100000
100000
100000
100000
100001
100001
100001
100001
100001
100001
100002
100002
100002
100002
100002
100002
100002
100003
100003
100003
100003
100003
100003
100003
100004
100004
100004
100004
100004
100004
100004
100005
100005
100005
100005
100005
100005
100005
100006
100006
100006
100006
100006
100006
100006
100007
100007
100007
100007
100007
100007
100007
100008
100008
100008
100008
100008
100008
100009
100010
100047
100201
100313
100434
100556
100681
100808
100936
101063
101187
101310
101433
101558
101684
101810
101938
102066
102195
102323
102452
102580
102708
102833
102958
103082
103207
103332
103458
103584
103710
103837
103963
104090
104217
104344
104472
100000
100000
100000
100000
100001
100001
100001
100001
100001
100001
100002
100002
100002
100002
100002
100002
100002
100003
100003
100003
100003
100003
100003
100003
100004
100004
100004
100004
100004
100004
100004
100005
100005
100005
100005
100005
100005
100005
100006
100006
100006
100006
100006
100006
100006
100007
100007
100007
100007
100007
100007
100007
100008
100008
100008
100008
100008
100008
100009
100010
100053
100202
100312
100435
100554
100679
100807
100936
101063
101187
101310
101434
101559
101684
101810
101938
102066
102195
102324
102453
102580
102707
102832
102956
103080
103205
103330
103456
103582
103708
103835
103962
104090
104217
104344
104471
100000
100000
100000
100000
100001
100001
100001
100001
100001
100001
100001
100002
100002
100002
100002
100002
100002
100003
100003
100003
100003
100003
100003
100003
100004
100004
100004
100004
100004
100004
100004
100005
100005
100005
100005
100005
100005
100005
100006
100006
100006
100006
100006
100006
100006
100007
100007
100007
100007
100007
100007
100007
100008
100008
100008
100008
100008
100008
100009
100009
100055
100203
100311
100434
100554
100679
100806
100935
101061
101186
101310
101435
101560
101686
101811
101938
102066
102195
102324
102453
102579
102705
102829
102954
103079
103205
103331
103457
103582
103708
103834
103960
104088
104216
104343
104470
100000
100000
100000
100000
100001
100001
100001
100001
100001
100001
100001
100002
100002
100002
100002
100002
100002
100003
100003
100003
100003
100003
100003
100003
100004
100004
100004
100004
100004
100004
100004
100005
100005
100005
100005
100005
100005
100005
100006
100006
100006
100006
100006
100006
100006
100007
100007
100007
100007
100007
100007
100007
100008
100008
100008
100008
100008
100008
100009
100010
100049
100200
100307
100433
100553
100678
100806
100934
101061
101186
101310
101435
101560
101686
101811
101938
102067
102195
102323
102449
102574
102700
102826
102953
103079
103206
103332
103458
103583
103708
103832
103958
104086
104214
104340
104466
100000
100000
100000
100000
100001
100001
100001
100001
100001
100001
100001
100002
100002
100002
100002
100002
100002
100003
100003
100003
100003
100003
100003
100003
100004
100004
100004
100004
100004
100004
100004
100005
100005
100005
100005
100005
100005
100005
100006
100006
100006
100006
100006
100006
100006
100007
100007
100007
100007
100007
100007
100007
100008
100008
100008
100008
100008
100008
100009
100009
100038
100199
100303
100431
100553
100678
100806
100933
101060
101185
101310
101435
101561
101686
101812
101939
102067
102194
102320
102446
102571
102697
102824
102952
103079
103206
103333
103460
103585
103709
103833
103958
104085
104213
104339
104466
100000
100000
100000
100000
100001
100001
100001
100001
100001
100001
100001
100002
100002
100002
100002
100002
100002
100003
100003
100003
100003
100003
100003
100003
100004
100004
100004
100004
100004
100004
100004
100005
100005
100005
100005
100005
100005
100005
100006
100006
100006
100006
100006
100006
100006
100007
100007
100007
100007
100007
100007
100007
100008
100008
100008
100008
100008
100008
100008
100009
100029
100198
100301
100430
100552
100678
100806
100933
101059
101184
101310
101436
101563
101688
101813
101938
102065
102193
102320
102446
102570
102695
102822
102950
103079
103207
103334
103461
103586
103710
103834
103959
104085
104213
104339
104466
100000
100000
100000
100000
100001
100001
100001
100001
100001
100001
100001
100002
100002
100002
100002
100002
100002
100003
100003
100003
100003
100003
100003
100003
100004
100004
100004
100004
100004
100004
100004
100005
100005
100005
100005
100005
100005
100005
100006
100006
100006
100006
100006
100006
100006
100007
100007
100007
100007
100007
100007
100007
100008
100008
100008
100008
100008
100008
100008
100009
100021
100198
100299
100428
100552
100679
100806
100934
101060
101185
101310
101436
101562
101688
101813
101936
102062
102192
102320
102445
102570
102695
102821
102949
103078
103207
103335
103461
103587
103711
103835
103960
104086
104213
104339
104466
100000
100000
100000
100000
100001
100001
100001
100001
100001
100001
100001
100002
100002
100002
100002
100002
100002
100003
100003
100003
100003
100003
100003
100003
100004
100004
100004
100004
100004
100004
100004
100005
100005
100005
100005
100005
100005
100005
100006
100006
100006
100006
100006
100006
100006
100007
100007
100007
100007
100007
100007
100007
100008
100008
100008
100008
100008
100008
100008
100009
100017
100198
100298
100426
100551
100679
100806
100933
101059
101184
101311
101437
101564
101689
101813
101936
102062
102193
102320
102446
102570
102694
102820
102949
103077
103206
103335
103462
103587
103712
103836
103961
104087
104213
104339
104465
100000
100000
100000
100000
100001
100001
100001
100001
100001
100001
100001
100002
100002
100002
100002
100002
100002
100003
100003
100003
100003
100003
100003
100003
100004
100004
100004
100004
100004
100004
100004
100005
100005
100005
100005
100005
100005
100005
100006
100006
100006
100006
100006
100006
100006
100007
100007
100007
100007
100007
100007
100007
100008
100008
100008
100008
100008
100008
100009
100009
100015
100198
100298
100427
100553
100680
100807
100933
101059
101184
101310
101436
101562
101688
101814
101940
102066
102194
102321
102445
102570
102694
102820
102948
103077
103206
103335
103462
103588
103712
103836
103961
104087
104212
104338
104464
100000
100000
100000
100000
100001
100001
100001
100001
100001
100001
100001
100002
100002
100002
100002
100002
100002
100003
100003
100003
100003
100003
100003
100003
100004
100004
100004
100004
100004
100004
100004
100005
100005
100005
100005
100005
100005
100005
100006
100006
100006
100006
100006
100006
100006
100007
100007
100007
100007
100007
100007
100007
100008
100008
100008
100008
100008
100008
100009
100009
100017
100202
100302
100431
100557
100682
100808
100934
101059
101184
101310
101436
101561
101687
101813
101940
102066
102193
102320
102444
102569
102694
102820
102947
103076
103205
103335
103462
103588
103713
103837
103962
104087
104212
104338
104464
100000
100000
100000
100000
100001
100001
100001
100001
100001
100001
100001
100002
100002
100002
100002
100002
100002
100003
100003
100003
100003
100003
100003
100003
100004
100004
100004
100004
100004
100004
100004
100005
100005
100005
100005
100005
100005
100005
100006
100006
100006
100006
100006
100006
100006
100007
100007
100007
100007
100007
100007
100007
100008
100008
100008
100008
100008
100008
100009
100009
100019
100205
100309
100436
100561
100685
100810
100936
101061
101186
101311
101436
101562
101687
101813
101939
102066
102192
102318
102443
102569
102695
102821
102947
103075
103205
103335
103463
103589
103714
103839
103964
104089
104214
104340
104466
100000
100000
100000
100000
100001
100001
100001
100001
100001
100001
100001
100002
100002
100002
100002
100002
100002
100003
100003
100003
100003
100003
100003
100003
100004
100004
100004
100004
100004
100004
100004
100005
100005
100005
100005
100005
100005
100005
100006
100006
100006
100006
100006
100006
100006
100007
100007
100007
100007
100007
100007
100007
100008
100008
100008
100008
100008
100008
100009
100009
100024
100214
100318
100438
100564
100688
100812
100937
101062
101187
101312
101437
101563
101689
101815
101941
102067
102192
102318
102444
102570
102696
102821
102947
103074
103204
103335
103463
103589
103714
103840
103965
104091
104217
104343
104468
)
;

boundaryField
{
    outlet
    {
        type            fixedValue;
        value           uniform 100000;
    }
    inlet
    {
        type            fixedFluxPressure;
        gradient        uniform 11.8734;
        value           uniform 104463;
    }
    walls
    {
        type            fixedFluxPressure;
        gradient        nonuniform List<scalar> 
3903
(
0
0
0
0
0
0
0
0
0
0
0
0
0
0
0
0
0
0
0
0
0
0
0
0
0
0
0
0
0
0
0
0
0
0
0
0
0
0
0
0
0
0
0
0
0
0
0
0
0
0
0
0
0
0
0
0
0
0
0
0
0
0
0
0
0
0
0
0
0
0
0
0
0
0
0
0
0
0
0
0
0
0
0
0
0
0
0
0
0
0
0
0
0
0
0
0
0
0
0
0
0
0
0
0
0
0
0
0
0
0
0
0
0
0
0
0
0
0
0
0
0
0
0
0
0
0
0
0
0
0
0
0
0
0
0
0
0
0
0
0
0
0
0
0
0
0
0
0
0
0
0
0
0
0
0
0
0
0
0
0
0
0
0
0
0
0
0
0
0
0
0
0
0
0
0
0
0
0
0
0
0
0
0
0
0
0
0
0
0
0
0
0
10075.8
0
0
0
0
0
0
0
0
0
0
0
0
0
0
0
0
0
0
0
0
0
0
0
0
0
0
0
0
0
0
0
0
0
0
0
0
0
0
0
0
0
0
0
0
0
0
0
0
0
0
0
0
0
0
0
0
0
0
0
0
0
0
0
0
0
0
0
0
0
0
0
0
0
0
0
0
0
0
0
0
0
0
0
0
0
0
0
0
0
0
0
0
0
0
0
0
10075.8
0
0
0
0
0
0
0
0
0
0
0
0
0
0
0
0
0
0
0
0
0
0
0
0
0
0
0
0
0
0
0
0
0
0
0
0
0
0
0
0
0
0
0
0
0
0
0
0
0
0
0
0
0
0
0
0
0
0
0
0
0
0
0
0
0
0
0
0
0
0
0
0
0
0
0
0
0
0
0
0
0
0
0
0
0
0
0
0
0
0
0
0
0
0
0
0
10075.8
0
0
0
0
0
0
0
0
0
0
0
0
0
0
0
0
0
0
0
0
0
0
0
0
0
0
0
0
0
0
0
0
0
0
0
0
0
0
0
0
0
0
0
0
0
0
0
0
0
0
0
0
0
0
0
0
0
0
0
0
0
0
0
0
0
0
0
0
0
0
0
0
0
0
0
0
0
0
0
0
0
0
0
0
0
0
0
0
0
0
0
0
0
0
0
0
10075.8
0
0
0
0
0
0
0
0
0
0
0
0
0
0
0
0
0
0
0
0
0
0
0
0
0
0
0
0
0
0
0
0
0
0
0
0
0
0
0
0
0
0
0
0
0
0
0
0
0
0
0
0
0
0
0
0
0
0
0
0
0
0
0
0
0
0
0
0
0
0
0
0
0
0
0
0
0
0
0
0
0
0
0
0
0
0
0
0
0
0
0
0
0
0
0
0
10075.8
0
0
0
0
0
0
0
0
0
0
0
0
0
0
0
0
0
0
0
0
0
0
0
0
0
0
0
0
0
0
0
0
0
0
0
0
0
0
0
0
0
0
0
0
0
0
0
0
0
0
0
0
0
0
0
0
0
0
0
0
0
0
0
0
0
0
0
0
0
0
0
0
0
0
0
0
0
0
0
0
0
0
0
0
0
0
0
0
0
0
0
0
0
0
0
0
10075.8
0
0
0
0
0
0
0
0
0
0
0
0
0
0
0
0
0
0
0
0
0
0
0
0
0
0
0
0
0
0
0
0
0
0
0
0
0
0
0
0
0
0
0
0
0
0
0
0
0
0
0
0
0
0
0
0
0
0
0
0
0
0
0
0
0
0
0
0
0
0
0
0
0
0
0
0
0
0
0
0
0
0
0
0
0
0
0
0
0
0
0
0
0
0
0
0
10075.8
0
0
0
0
0
0
0
0
0
0
0
0
0
0
0
0
0
0
0
0
0
0
0
0
0
0
0
0
0
0
0
0
0
0
0
0
0
0
0
0
0
0
0
0
0
0
0
0
0
0
0
0
0
0
0
0
0
0
0
0
0
0
0
0
0
0
0
0
0
0
0
0
0
0
0
0
0
0
0
0
0
0
0
0
0
0
0
0
0
0
0
0
0
0
0
0
9653.91
0
0
0
0
0
0
0
0
0
0
0
0
0
0
0
0
0
0
0
0
0
0
0
0
0
0
0
0
0
0
0
0
0
0
0
0
0
0
0
0
0
0
0
0
0
0
0
0
0
0
0
0
0
0
0
0
0
0
0
0
0
0
0
0
0
0
0
0
0
0
0
0
0
0
0
0
0
0
0
0
0
0
0
0
0
0
0
0
0
0
0
0
0
0
0
0
9960.33
0
0
0
0
0
0
0
0
0
0
0
0
0
0
0
0
0
0
0
0
0
0
0
0
0
0
0
0
0
0
0
0
0
0
0
0
0
0
0
0
0
0
0
0
0
0
0
0
0
0
0
0
0
0
0
0
0
0
0
0
0
0
0
0
0
0
0
0
0
0
0
0
0
0
0
0
0
0
0
0
0
0
0
0
0
0
0
0
0
0
0
0
0
0
0
0
10065.2
0
0
0
0
0
0
0
0
0
0
0
0
0
0
0
0
0
0
0
0
0
0
0
0
0
0
0
0
0
0
0
0
0
0
0
0
0
0
0
0
0
0
0
0
0
0
0
0
0
0
0
0
0
0
0
0
0
0
0
0
0
0
0
0
0
0
0
0
0
0
0
0
0
0
0
0
0
0
0
0
0
0
0
0
0
0
0
0
0
0
0
0
0
0
0
0
10075.5
0
0
0
0
0
0
0
0
0
0
0
0
0
0
0
0
0
0
0
0
0
0
0
0
0
0
0
0
0
0
0
0
0
0
0
0
0
0
0
0
0
0
0
0
0
0
0
0
0
0
0
0
0
0
0
0
0
0
0
0
0
0
0
0
0
0
0
0
0
0
0
0
0
0
0
0
0
0
0
0
0
0
0
0
0
0
0
0
0
0
0
0
0
0
0
0
10075.8
0
0
0
0
0
0
0
0
0
0
0
0
0
0
0
0
0
0
0
0
0
0
0
0
0
0
0
0
0
0
0
0
0
0
0
0
0
0
0
0
0
0
0
0
0
0
0
0
0
0
0
0
0
0
0
0
0
0
0
0
0
0
0
0
0
0
0
0
0
0
0
0
0
0
0
0
0
0
0
0
0
0
0
0
0
0
0
0
0
0
0
0
0
0
0
0
10075.8
0
0
0
0
0
0
0
0
0
0
0
0
0
0
0
0
0
0
0
0
0
0
0
0
0
0
0
0
0
0
0
0
0
0
0
0
0
0
0
0
0
0
0
0
0
0
0
0
0
0
0
0
0
0
0
0
0
0
0
0
0
0
0
0
0
0
0
0
0
0
0
0
0
0
0
0
0
0
0
0
0
0
0
0
0
0
0
0
0
0
0
0
0
0
0
0
10075.8
0
0
0
0
0
0
0
0
0
0
0
0
0
0
0
0
0
0
0
0
0
0
0
0
0
0
0
0
0
0
0
0
0
0
0
0
0
0
0
0
0
0
0
0
0
0
0
0
0
0
0
0
0
0
0
0
0
0
0
0
0
0
0
0
0
0
0
0
0
0
0
0
0
0
0
0
0
0
0
0
0
0
0
0
0
0
0
0
0
0
0
0
0
0
0
0
10075.8
0
0
0
0
0
0
0
0
0
0
0
0
0
0
0
0
0
0
0
0
0
0
0
0
0
0
0
0
0
0
0
0
0
0
0
0
0
0
0
0
0
0
0
0
0
0
0
0
0
0
0
0
0
0
0
0
0
0
0
0
0
0
0
0
0
0
0
0
0
0
0
0
0
0
0
0
0
0
0
0
0
0
0
0
0
0
0
0
0
0
0
0
0
0
0
0
0
0
0
0
0
0
0
0
0
0
0
0
0
0
0
0
0
0
0
0
0
0
0
0
0
0
0
0
0
0
0
0
0
0
0
0
0
0
0
0
0
0
0
0
0
0
0
0
0
0
0
0
0
0
0
0
0
0
0
0
0
0
0
0
0
0
0
0
0
0
0
0
0
0
0
0
0
0
0
0
0
0
0
0
0
0
0
0
0
0
0
0
0
0
0
0
10075.8
0
0
0
0
0
0
0
0
0
0
0
0
0
0
0
0
0
0
0
0
0
0
0
0
0
0
0
0
0
0
0
0
0
0
0
0
0
0
0
0
0
0
0
0
0
0
0
0
0
0
0
0
0
0
0
0
0
0
0
0
0
0
0
0
0
0
0
0
0
0
0
0
0
0
0
0
0
0
0
0
0
0
0
0
0
0
0
0
0
0
0
0
0
0
0
0
10075.8
10075.8
10075.8
10075.8
10075.8
10075.8
10060.8
9235.76
10056.9
10075.8
10075.8
10075.8
10075.8
10075.8
0
0
0
0
0
0
0
0
0
0
0
0
0
0
0
0
0
0
0
0
0
0
0
0
0
0
0
0
0
0
0
0
0
0
0
0
0
0
0
0
0
0
0
0
0
0
0
0
0
0
0
0
0
0
0
0
0
0
0
0
0
0
0
0
0
0
0
0
0
0
0
0
0
0
0
0
0
0
0
0
0
0
0
0
0
0
0
0
0
0
0
0
0
0
0
0
10075.8
0
0
0
0
0
0
0
0
0
0
0
0
0
0
0
0
0
0
0
0
0
0
0
0
0
0
0
0
0
0
0
0
0
0
0
0
0
0
0
0
0
0
0
0
0
0
0
0
0
0
0
0
0
0
0
0
0
0
0
0
0
0
0
0
0
0
0
0
0
0
0
0
0
0
0
0
0
0
0
0
0
0
0
0
0
0
0
0
0
0
0
0
0
0
0
0
10075.8
10075.8
10075.8
10075.8
10075.8
10075.8
10075.8
10056.4
10072.2
10075.8
10075.8
10075.8
10075.8
10075.8
10075.8
0
0
0
0
0
0
0
0
0
0
0
0
0
0
0
0
0
0
0
0
0
0
0
0
0
0
0
0
0
0
0
0
0
0
0
0
0
0
0
0
0
0
0
0
0
0
0
0
0
0
0
0
0
0
0
0
0
0
0
0
0
0
0
0
0
0
0
0
0
0
0
0
0
0
0
0
0
0
0
0
0
0
0
0
0
0
0
0
0
0
0
0
0
0
0
0
10075.8
0
0
0
0
0
0
0
0
0
0
0
0
0
0
0
0
0
0
0
0
0
0
0
0
0
0
0
0
0
0
0
0
0
0
0
0
0
0
0
0
0
0
0
0
0
0
0
0
0
0
0
0
0
0
0
0
0
0
0
0
0
0
0
0
0
0
0
0
0
0
0
0
0
0
0
0
0
0
0
0
0
0
0
0
0
0
0
0
0
0
0
0
0
0
0
0
0
0
0
0
0
0
0
0
0
0
0
0
0
0
0
0
0
0
0
0
0
0
0
0
0
0
0
0
0
0
0
0
0
0
0
0
0
0
0
0
0
0
0
0
0
0
0
0
0
0
0
0
0
0
0
0
0
0
0
0
0
0
0
0
0
0
0
0
0
0
0
0
0
0
0
0
0
0
0
0
0
0
0
0
0
0
0
0
0
0
0
0
0
0
0
0
10075.8
0
0
0
0
0
0
0
0
0
0
0
0
0
0
0
0
0
0
0
0
0
0
0
0
0
0
0
0
0
0
0
0
0
0
0
0
0
0
0
0
0
0
0
0
0
0
0
0
0
0
0
0
0
0
0
0
0
0
0
0
0
0
0
0
0
0
0
0
0
0
0
0
0
0
0
0
0
0
0
0
0
0
0
0
0
0
0
0
0
0
0
0
0
0
0
0
10075.8
0
0
0
0
0
0
0
0
0
0
0
0
0
0
0
0
0
0
0
0
0
0
0
0
0
0
0
0
0
0
0
0
0
0
0
0
0
0
0
0
0
0
0
0
0
0
0
0
0
0
0
0
0
0
0
0
0
0
0
0
0
0
0
0
0
0
0
0
0
0
0
0
0
0
0
0
0
0
0
0
0
0
0
0
0
0
0
0
0
0
0
0
0
0
0
0
10075.8
0
0
0
0
0
0
0
0
0
0
0
0
0
0
0
0
0
0
0
0
0
0
0
0
0
0
0
0
0
0
0
0
0
0
0
0
0
0
0
0
0
0
0
0
0
0
0
0
0
0
0
0
0
0
0
0
0
0
0
0
0
0
0
0
0
0
0
0
0
0
0
0
0
0
0
0
0
0
0
0
0
0
0
0
0
0
0
0
0
0
0
0
0
0
0
0
10075.8
0
0
0
0
0
0
0
0
0
0
0
0
0
0
0
0
0
0
0
0
0
0
0
0
0
0
0
0
0
0
0
0
0
0
0
0
0
0
0
0
0
0
0
0
0
0
0
0
0
0
0
0
0
0
0
0
0
0
0
0
0
0
0
0
0
0
0
0
0
0
0
0
0
0
0
0
0
0
0
0
0
0
0
0
0
0
0
0
0
0
0
0
0
0
0
0
10075.8
0
0
0
0
0
0
0
0
0
0
0
0
0
0
0
0
0
0
0
0
0
0
0
0
0
0
0
0
0
0
0
0
0
0
0
0
0
0
0
0
0
0
0
0
0
0
0
0
0
0
0
0
0
0
0
0
0
0
0
0
0
0
0
0
0
0
0
0
0
0
0
0
0
0
0
0
0
0
0
0
0
0
0
0
0
0
0
0
0
0
0
0
0
0
0
0
10075.8
0
0
0
0
0
0
0
0
0
0
0
0
0
0
0
0
0
0
0
0
0
0
0
0
0
0
0
0
0
0
0
0
0
0
0
0
0
0
0
0
0
0
0
0
0
0
0
0
0
0
0
0
0
0
0
0
0
0
0
0
0
0
0
0
0
0
0
0
0
0
0
0
0
0
0
0
0
0
0
0
0
0
0
0
0
0
0
0
0
0
0
0
0
0
0
0
10075.8
0
0
0
0
0
0
0
0
0
0
0
0
0
0
0
0
0
0
0
0
0
0
0
0
0
0
0
0
0
0
0
0
0
0
0
0
0
0
0
0
0
0
0
0
0
0
0
0
0
0
0
0
0
0
0
0
0
0
0
0
0
0
0
0
0
0
0
0
0
0
0
0
0
0
0
0
0
0
0
0
0
0
0
0
0
0
0
0
0
0
0
0
0
0
0
0
10075.8
0
0
0
0
0
0
0
0
0
0
0
0
0
0
0
0
0
0
0
0
0
0
0
0
0
0
0
0
0
0
0
0
0
0
0
0
0
0
0
0
0
0
0
0
0
0
0
0
0
0
0
0
0
0
0
0
0
0
0
0
0
0
0
0
0
0
0
0
0
0
0
0
0
0
0
0
0
0
0
0
0
0
0
0
0
0
0
0
0
0
0
0
0
0
0
0
10075.8
0
0
0
0
0
0
0
0
0
0
0
0
0
0
0
0
0
0
0
0
0
0
0
0
0
0
0
0
0
0
0
0
0
0
0
0
0
0
0
0
0
0
0
0
0
0
0
0
0
0
0
0
0
0
0
0
0
0
0
0
0
0
0
0
0
0
0
0
0
0
0
0
0
0
0
0
0
0
0
0
0
0
0
0
0
0
0
0
0
0
0
0
0
0
0
0
10075.8
0
0
0
0
0
0
0
0
0
0
0
0
0
0
0
0
0
0
0
0
0
0
0
0
0
0
0
0
0
0
0
0
0
0
0
0
0
0
0
0
0
0
0
0
0
0
0
0
0
0
0
0
0
0
0
0
0
0
0
0
0
0
0
0
0
0
0
0
0
0
0
0
0
0
0
0
0
0
0
0
0
0
0
0
0
0
0
0
0
0
0
0
0
0
0
0
10075.8
0
0
0
0
0
0
0
0
0
0
0
0
0
0
0
0
0
0
0
0
0
0
0
0
0
0
0
0
0
0
0
0
0
0
0
0
0
0
0
0
0
0
0
0
0
0
0
0
0
0
0
0
0
0
0
0
0
0
0
0
0
0
0
0
0
0
0
0
0
0
0
0
0
0
0
0
0
0
0
0
0
0
0
0
0
0
0
0
0
0
0
0
0
0
0
0
10075.8
0
0
0
0
0
0
0
0
0
0
0
0
0
0
0
0
0
0
0
0
0
0
0
0
0
0
0
0
0
0
0
0
0
0
0
0
0
0
0
0
0
0
0
0
0
0
0
0
0
0
0
0
0
0
0
0
0
0
0
0
0
0
0
0
0
0
0
0
0
0
0
0
0
0
0
0
0
0
0
0
0
0
0
0
0
0
0
0
0
0
0
0
0
0
0
0
10075.8
0
0
0
0
0
0
0
0
0
0
0
0
0
0
0
0
0
0
0
0
0
0
0
0
0
0
0
0
0
0
0
0
0
0
0
0
0
0
0
0
0
0
0
0
0
0
0
0
0
0
0
0
0
0
0
0
0
0
0
0
0
0
0
0
0
0
0
0
0
0
0
0
0
0
0
0
0
0
0
0
0
0
0
0
0
0
0
0
0
0
0
0
0
0
0
0
10075.8
0
0
0
0
0
0
0
0
0
0
0
0
0
0
0
0
0
0
0
0
0
0
0
0
0
0
0
0
0
0
0
0
0
0
0
0
0
0
0
0
0
0
0
0
0
0
0
0
0
0
0
0
0
0
0
0
0
0
0
0
0
0
0
0
0
0
0
0
0
0
0
0
0
0
0
0
0
0
0
0
0
0
0
0
0
0
0
0
0
0
0
0
0
0
0
0
10075.8
0
0
0
0
0
0
0
0
0
0
0
0
0
0
0
0
0
0
0
0
0
0
0
0
0
0
0
0
0
0
0
0
0
0
0
0
0
0
0
0
0
0
0
0
0
0
0
0
0
0
0
0
0
0
0
0
0
0
0
0
0
0
0
0
0
0
0
0
0
0
0
0
0
0
0
0
0
0
0
0
0
0
0
0
0
0
0
0
0
0
0
0
0
0
0
0
0
0
0
0
0
0
0
0
0
0
0
0
0
0
0
0
0
0
0
0
0
0
0
0
0
0
0
0
0
0
0
0
0
0
0
0
0
0
0
0
0
0
0
0
0
0
0
0
0
0
0
0
0
0
0
0
0
0
0
0
0
0
0
0
0
0
0
0
0
0
0
0
0
0
0
0
0
0
0
0
0
0
0
0
0
0
0
0
0
0
0
0
0
0
0
0
10075.8
)
;
        value           nonuniform List<scalar> 
3903
(
100000
100000
100000
100000
100000
100000
100001
100001
100001
100001
100001
100001
100001
100001
100001
100001
100001
100001
100001
100001
100002
100002
100002
100002
100002
100002
100002
100002
100002
100002
100002
100002
100002
100002
100003
100003
100003
100003
100003
100003
100003
100003
100003
100003
100003
100003
100003
100003
100004
100004
100004
100004
100004
100004
100004
100004
100004
100004
100004
100004
100004
100004
100005
100005
100005
100005
100005
100005
100005
100005
100005
100005
100005
100005
100005
100005
100006
100006
100006
100006
100006
100006
100006
100006
100006
100006
100006
100006
100006
100006
100007
100007
100007
100007
100007
100007
100007
100007
100007
100007
100007
100007
100007
100007
100008
100008
100008
100008
100008
100008
100008
100008
100008
100008
100008
100008
100009
100009
100010
100010
100034
100034
100217
100217
100323
100323
100441
100441
100564
100564
100687
100687
100811
100811
100935
100935
101058
101058
101183
101183
101309
101309
101434
101434
101561
101561
101689
101689
101817
101817
101945
101945
102073
102073
102199
102199
102325
102325
102450
102450
102576
102576
102702
102702
102828
102828
102955
102955
103082
103082
103209
103209
103335
103335
103461
103461
103587
103587
103713
103713
103839
103839
103965
103965
104092
104092
104218
104218
104346
104346
104473
104473
104536
100000
100000
100000
100001
100001
100001
100001
100001
100001
100001
100002
100002
100002
100002
100002
100002
100002
100003
100003
100003
100003
100003
100003
100003
100004
100004
100004
100004
100004
100004
100004
100005
100005
100005
100005
100005
100005
100005
100006
100006
100006
100006
100006
100006
100006
100007
100007
100007
100007
100007
100007
100007
100008
100008
100008
100008
100008
100008
100009
100010
100031
100203
100311
100440
100561
100685
100809
100933
101058
101182
101307
101433
101560
101688
101816
101945
102072
102198
102324
102450
102576
102702
102828
102955
103082
103208
103335
103461
103587
103714
103839
103965
104092
104218
104345
104473
104536
100000
100000
100000
100001
100001
100001
100001
100001
100001
100001
100002
100002
100002
100002
100002
100002
100002
100003
100003
100003
100003
100003
100003
100003
100004
100004
100004
100004
100004
100004
100004
100005
100005
100005
100005
100005
100005
100005
100006
100006
100006
100006
100006
100006
100006
100007
100007
100007
100007
100007
100007
100007
100008
100008
100008
100008
100008
100008
100009
100010
100034
100200
100311
100441
100562
100686
100810
100934
101059
101183
101308
101434
101561
101688
101816
101944
102071
102197
102323
102449
102575
102702
102828
102955
103082
103209
103335
103461
103588
103714
103840
103966
104092
104218
104345
104473
104536
100000
100000
100000
100000
100001
100001
100001
100001
100001
100001
100002
100002
100002
100002
100002
100002
100002
100003
100003
100003
100003
100003
100003
100003
100004
100004
100004
100004
100004
100004
100004
100005
100005
100005
100005
100005
100005
100005
100006
100006
100006
100006
100006
100006
100006
100007
100007
100007
100007
100007
100007
100007
100008
100008
100008
100008
100008
100008
100008
100009
100038
100198
100309
100440
100562
100686
100810
100934
101059
101184
101309
101434
101561
101688
101815
101942
102069
102195
102322
102449
102576
102702
102829
102956
103083
103209
103335
103461
103587
103713
103839
103965
104091
104218
104345
104473
104536
100000
100000
100000
100000
100001
100001
100001
100001
100001
100001
100002
100002
100002
100002
100002
100002
100002
100003
100003
100003
100003
100003
100003
100003
100004
100004
100004
100004
100004
100004
100004
100005
100005
100005
100005
100005
100005
100005
100006
100006
100006
100006
100006
100006
100006
100007
100007
100007
100007
100007
100007
100007
100008
100008
100008
100008
100008
100008
100008
100009
100043
100198
100309
100440
100562
100686
100810
100935
101060
101185
101309
101435
101561
101687
101814
101940
102067
102195
102323
102450
102577
102703
102829
102955
103081
103207
103333
103459
103585
103712
103838
103965
104091
104218
104345
104472
104535
100000
100000
100000
100000
100001
100001
100001
100001
100001
100001
100002
100002
100002
100002
100002
100002
100002
100003
100003
100003
100003
100003
100003
100003
100004
100004
100004
100004
100004
100004
100004
100005
100005
100005
100005
100005
100005
100005
100006
100006
100006
100006
100006
100006
100006
100007
100007
100007
100007
100007
100007
100007
100008
100008
100008
100008
100008
100008
100008
100009
100045
100199
100309
100439
100562
100686
100811
100936
101062
101187
101311
101436
101562
101688
101814
101941
102068
102196
102322
102449
102575
102701
102827
102953
103079
103205
103331
103458
103584
103710
103837
103964
104091
104218
104345
104471
104534
100000
100000
100000
100000
100001
100001
100001
100001
100001
100001
100002
100002
100002
100002
100002
100002
100002
100003
100003
100003
100003
100003
100003
100003
100004
100004
100004
100004
100004
100004
100004
100005
100005
100005
100005
100005
100005
100005
100006
100006
100006
100006
100006
100006
100006
100007
100007
100007
100007
100007
100007
100007
100008
100008
100008
100008
100008
100008
100008
100009
100042
100202
100309
100440
100563
100686
100810
100935
101062
101187
101311
101437
101563
101688
101815
101941
102068
102195
102322
102448
102575
102701
102827
102954
103080
103206
103332
103458
103584
103710
103836
103963
104090
104216
104342
104470
104532
100000
100000
100000
100000
100001
100001
100001
100001
100001
100001
100002
100002
100002
100002
100002
100002
100002
100003
100003
100003
100003
100003
100003
100003
100004
100004
100004
100004
100004
100004
100004
100005
100005
100005
100005
100005
100005
100005
100006
100006
100006
100006
100006
100006
100006
100007
100007
100007
100007
100007
100007
100007
100008
100008
100008
100008
100008
100008
100008
100009
100047
100203
100310
100437
100560
100685
100810
100936
101062
101188
101313
101438
101564
101689
101815
101941
102067
102194
102321
102447
102574
102701
102827
102954
103080
103206
103332
103459
103585
103711
103836
103962
104088
104214
104339
104465
104525
100000
100000
100000
100000
100001
100001
100001
100001
100001
100001
100002
100002
100002
100002
100002
100002
100002
100003
100003
100003
100003
100003
100003
100003
100004
100004
100004
100004
100004
100004
100004
100005
100005
100005
100005
100005
100005
100005
100006
100006
100006
100006
100006
100006
100006
100007
100007
100007
100007
100007
100007
100007
100008
100008
100008
100008
100008
100008
100008
100009
100037
100205
100306
100433
100557
100683
100810
100937
101062
101188
101313
101438
101564
101690
101816
101941
102067
102193
102320
102447
102574
102700
102826
102952
103080
103207
103334
103461
103586
103711
103835
103960
104086
104213
104339
104467
104529
100000
100000
100000
100000
100001
100001
100001
100001
100001
100001
100002
100002
100002
100002
100002
100002
100002
100003
100003
100003
100003
100003
100003
100003
100004
100004
100004
100004
100004
100004
100004
100005
100005
100005
100005
100005
100005
100005
100006
100006
100006
100006
100006
100006
100006
100007
100007
100007
100007
100007
100007
100007
100008
100008
100008
100008
100008
100008
100008
100009
100028
100204
100300
100431
100554
100683
100810
100937
101063
101187
101312
101438
101565
101691
101816
101941
102066
102191
102318
102445
102572
102699
102825
102952
103080
103208
103335
103463
103588
103713
103837
103961
104086
104213
104340
104467
104530
100000
100000
100000
100000
100001
100001
100001
100001
100001
100001
100001
100002
100002
100002
100002
100002
100002
100003
100003
100003
100003
100003
100003
100003
100004
100004
100004
100004
100004
100004
100004
100005
100005
100005
100005
100005
100005
100005
100006
100006
100006
100006
100006
100006
100006
100007
100007
100007
100007
100007
100007
100007
100008
100008
100008
100008
100008
100008
100009
100009
100022
100201
100293
100429
100552
100683
100810
100938
101064
101188
101313
101439
101565
101691
101816
101941
102065
102190
102317
102444
102571
102697
102824
102952
103079
103207
103335
103463
103589
103714
103839
103963
104087
104213
104339
104466
104529
100000
100000
100000
100000
100001
100001
100001
100001
100001
100001
100001
100002
100002
100002
100002
100002
100002
100003
100003
100003
100003
100003
100003
100003
100004
100004
100004
100004
100004
100004
100004
100005
100005
100005
100005
100005
100005
100005
100006
100006
100006
100006
100006
100006
100006
100007
100007
100007
100007
100007
100007
100007
100008
100008
100008
100008
100008
100008
100008
100009
100017
100199
100288
100427
100548
100681
100809
100935
101061
101187
101313
101439
101566
101691
101816
101941
102065
102191
102317
102443
102570
102696
102823
102951
103079
103208
103335
103463
103589
103714
103838
103963
104088
104213
104339
104465
104528
100000
100000
100000
100000
100001
100001
100001
100001
100001
100001
100001
100002
100002
100002
100002
100002
100002
100003
100003
100003
100003
100003
100003
100003
100004
100004
100004
100004
100004
100004
100004
100005
100005
100005
100005
100005
100005
100005
100006
100006
100006
100006
100006
100006
100006
100007
100007
100007
100007
100007
100007
100007
100008
100008
100008
100008
100008
100008
100009
100009
100016
100198
100286
100429
100551
100681
100809
100935
101061
101186
101312
101438
101564
101690
101816
101942
102067
102191
102316
102442
102569
102695
102822
102950
103079
103207
103335
103463
103589
103714
103838
103963
104088
104213
104339
104464
104527
100000
100000
100000
100000
100001
100001
100001
100001
100001
100001
100001
100002
100002
100002
100002
100002
100002
100003
100003
100003
100003
100003
100003
100003
100004
100004
100004
100004
100004
100004
100004
100005
100005
100005
100005
100005
100005
100005
100006
100006
100006
100006
100006
100006
100006
100007
100007
100007
100007
100007
100007
100007
100008
100008
100008
100008
100008
100008
100009
100009
100017
100200
100288
100441
100557
100682
100809
100935
101061
101186
101311
101437
101563
101689
101815
101941
102067
102192
102317
102443
102569
102695
102822
102950
103078
103207
103336
103463
103589
103714
103838
103963
104088
104214
104339
104465
104528
100000
100000
100000
100000
100001
100001
100001
100001
100001
100001
100001
100002
100002
100002
100002
100002
100002
100003
100003
100003
100003
100003
100003
100003
100004
100004
100004
100004
100004
100004
100004
100005
100005
100005
100005
100005
100005
100005
100006
100006
100006
100006
100006
100006
100006
100007
100007
100007
100007
100007
100007
100007
100008
100008
100008
100008
100008
100008
100009
100009
100018
100202
100290
100439
100559
100683
100810
100936
101061
101187
101312
101438
101563
101689
101815
101941
102067
102192
102318
102443
102569
102695
102822
102950
103078
103207
103336
103464
103590
103714
103839
103964
104090
104216
104341
104467
104530
100000
100000
100000
100000
100000
100000
100000
100000
100001
100001
100001
100001
100001
100001
100001
100001
100001
100001
100001
100001
100001
100001
100002
100002
100002
100002
100002
100002
100002
100002
100002
100002
100002
100002
100003
100003
100003
100003
100003
100003
100003
100003
100003
100003
100003
100003
100003
100003
100004
100004
100004
100004
100004
100004
100004
100004
100004
100004
100004
100004
100004
100004
100005
100005
100005
100005
100005
100005
100005
100005
100005
100005
100005
100005
100005
100005
100006
100006
100006
100006
100006
100006
100006
100006
100006
100006
100006
100006
100006
100006
100007
100007
100007
100007
100007
100007
100007
100007
100007
100007
100007
100007
100007
100007
100008
100008
100008
100008
100008
100008
100008
100008
100008
100008
100008
100008
100009
100009
100009
100009
100022
100022
100210
100210
100307
100307
100436
100436
100562
100562
100686
100686
100811
100811
100937
100937
101062
101062
101188
101188
101313
101313
101438
101438
101564
101564
101689
101689
101815
101815
101941
101941
102067
102067
102193
102193
102318
102318
102444
102444
102569
102569
102695
102695
102822
102822
102950
102950
103078
103078
103207
103207
103336
103336
103464
103464
103590
103590
103715
103715
103840
103840
103966
103966
104092
104092
104219
104219
104345
104345
104470
104470
104533
100000
100000
100000
100000
100001
100001
100001
100001
100001
100001
100002
100002
100002
100002
100002
100002
100002
100003
100003
100003
100003
100003
100003
100003
100004
100004
100004
100004
100004
100004
100004
100005
100005
100005
100005
100005
100005
100005
100006
100006
100006
100006
100006
100006
100006
100007
100007
100007
100007
100007
100007
100007
100008
100008
100008
100008
100008
100008
100009
100010
100033
100206
100315
100439
100563
100687
100810
100934
101058
101182
101307
101433
101561
101690
101818
101946
102074
102199
102325
102450
102576
102702
102828
102954
103081
103208
103334
103460
103586
103712
103839
103965
104092
104218
104345
104473
104536
104535
104535
104535
104534
104534
104532
104522
104529
104528
104527
104524
104523
104525
100000
100000
100000
100000
100001
100001
100001
100001
100001
100001
100001
100002
100002
100002
100002
100002
100002
100003
100003
100003
100003
100003
100003
100003
100004
100004
100004
100004
100004
100004
100004
100005
100005
100005
100005
100005
100005
100005
100006
100006
100006
100006
100006
100006
100006
100007
100007
100007
100007
100007
100007
100007
100008
100008
100008
100008
100008
100008
100009
100009
100020
100204
100306
100435
100561
100685
100811
100936
101061
101186
101311
101437
101562
101688
101814
101940
102066
102192
102318
102443
102569
102695
102822
102949
103077
103205
103335
103464
103590
103714
103839
103965
104091
104217
104342
104468
104531
100000
100000
100000
100000
100001
100001
100001
100001
100001
100001
100002
100002
100002
100002
100002
100002
100002
100003
100003
100003
100003
100003
100003
100003
100004
100004
100004
100004
100004
100004
100004
100005
100005
100005
100005
100005
100005
100005
100006
100006
100006
100006
100006
100006
100006
100007
100007
100007
100007
100007
100007
100007
100008
100008
100008
100008
100008
100008
100009
100010
100033
100207
100316
100437
100562
100686
100810
100934
101058
101183
101309
101435
101562
101690
101818
101945
102072
102199
102326
102453
102579
102702
102827
102953
103080
103207
103334
103460
103587
103713
103839
103965
104092
104218
104344
104472
104535
104536
104537
104536
104535
104534
104533
104529
104528
104529
104528
104527
104526
104525
104526
100000
100000
100000
100000
100001
100001
100001
100001
100001
100001
100001
100002
100002
100002
100002
100002
100002
100003
100003
100003
100003
100003
100003
100003
100004
100004
100004
100004
100004
100004
100004
100005
100005
100005
100005
100005
100005
100005
100006
100006
100006
100006
100006
100006
100006
100007
100007
100007
100007
100007
100007
100007
100008
100008
100008
100008
100008
100008
100009
100009
100020
100205
100309
100436
100561
100686
100811
100936
101061
101187
101312
101437
101562
101688
101814
101940
102066
102192
102318
102443
102568
102693
102817
102945
103074
103204
103334
103462
103588
103714
103839
103964
104089
104215
104340
104466
104529
100000
100000
100000
100000
100000
100000
100000
100000
100001
100001
100001
100001
100001
100001
100001
100001
100001
100001
100001
100001
100002
100002
100002
100002
100002
100002
100002
100002
100002
100002
100002
100002
100002
100002
100003
100003
100003
100003
100003
100003
100003
100003
100003
100003
100003
100003
100003
100003
100004
100004
100004
100004
100004
100004
100004
100004
100004
100004
100004
100004
100004
100004
100005
100005
100005
100005
100005
100005
100005
100005
100005
100005
100005
100005
100005
100005
100006
100006
100006
100006
100006
100006
100006
100006
100006
100006
100006
100006
100006
100006
100007
100007
100007
100007
100007
100007
100007
100007
100007
100007
100007
100007
100007
100007
100008
100008
100008
100008
100008
100008
100008
100008
100008
100008
100008
100008
100009
100009
100010
100010
100035
100035
100221
100221
100324
100324
100439
100439
100562
100562
100686
100686
100810
100810
100935
100935
101059
101059
101184
101184
101309
101309
101435
101435
101561
101561
101688
101688
101816
101816
101943
101943
102071
102071
102198
102198
102325
102325
102451
102451
102577
102577
102702
102702
102828
102828
102954
102954
103081
103081
103208
103208
103334
103334
103460
103460
103587
103587
103713
103713
103839
103839
103966
103966
104092
104092
104219
104219
104345
104345
104473
104473
104536
100000
100000
100000
100000
100001
100001
100001
100001
100001
100001
100002
100002
100002
100002
100002
100002
100002
100003
100003
100003
100003
100003
100003
100003
100004
100004
100004
100004
100004
100004
100004
100005
100005
100005
100005
100005
100005
100005
100006
100006
100006
100006
100006
100006
100006
100007
100007
100007
100007
100007
100007
100007
100008
100008
100008
100008
100008
100008
100009
100009
100031
100206
100316
100437
100560
100683
100807
100932
101058
101183
101308
101434
101560
101686
101814
101941
102069
102197
102324
102451
102577
102702
102828
102955
103082
103208
103335
103461
103587
103712
103839
103965
104092
104218
104346
104474
104537
100000
100000
100000
100000
100001
100001
100001
100001
100001
100001
100002
100002
100002
100002
100002
100002
100002
100003
100003
100003
100003
100003
100003
100003
100004
100004
100004
100004
100004
100004
100004
100005
100005
100005
100005
100005
100005
100005
100006
100006
100006
100006
100006
100006
100006
100007
100007
100007
100007
100007
100007
100007
100008
100008
100008
100008
100008
100008
100009
100009
100033
100204
100315
100438
100560
100684
100809
100934
101058
101184
101309
101434
101559
101685
101813
101941
102069
102196
102323
102449
102575
102702
102829
102956
103083
103209
103335
103461
103586
103712
103838
103965
104091
104219
104347
104476
104539
100000
100000
100000
100000
100001
100001
100001
100001
100001
100001
100002
100002
100002
100002
100002
100002
100002
100003
100003
100003
100003
100003
100003
100003
100004
100004
100004
100004
100004
100004
100004
100005
100005
100005
100005
100005
100005
100005
100006
100006
100006
100006
100006
100006
100006
100007
100007
100007
100007
100007
100007
100007
100008
100008
100008
100008
100008
100008
100009
100010
100041
100203
100314
100436
100558
100681
100806
100932
101059
101184
101308
101432
101558
101684
101812
101939
102067
102195
102323
102450
102578
102705
102833
102959
103085
103209
103335
103460
103586
103712
103838
103964
104090
104218
104346
104475
104538
100000
100000
100000
100000
100001
100001
100001
100001
100001
100001
100002
100002
100002
100002
100002
100002
100002
100003
100003
100003
100003
100003
100003
100003
100004
100004
100004
100004
100004
100004
100004
100005
100005
100005
100005
100005
100005
100005
100006
100006
100006
100006
100006
100006
100006
100007
100007
100007
100007
100007
100007
100007
100008
100008
100008
100008
100008
100008
100009
100010
100047
100201
100313
100434
100556
100681
100808
100936
101063
101187
101310
101433
101558
101684
101810
101938
102066
102195
102323
102452
102580
102708
102833
102958
103082
103207
103332
103458
103584
103710
103837
103963
104090
104217
104344
104472
104535
100000
100000
100000
100000
100001
100001
100001
100001
100001
100001
100002
100002
100002
100002
100002
100002
100002
100003
100003
100003
100003
100003
100003
100003
100004
100004
100004
100004
100004
100004
100004
100005
100005
100005
100005
100005
100005
100005
100006
100006
100006
100006
100006
100006
100006
100007
100007
100007
100007
100007
100007
100007
100008
100008
100008
100008
100008
100008
100009
100010
100053
100202
100312
100435
100554
100679
100807
100936
101063
101187
101310
101434
101559
101684
101810
101938
102066
102195
102324
102453
102580
102707
102832
102956
103080
103205
103330
103456
103582
103708
103835
103962
104090
104217
104344
104471
104534
100000
100000
100000
100000
100001
100001
100001
100001
100001
100001
100001
100002
100002
100002
100002
100002
100002
100003
100003
100003
100003
100003
100003
100003
100004
100004
100004
100004
100004
100004
100004
100005
100005
100005
100005
100005
100005
100005
100006
100006
100006
100006
100006
100006
100006
100007
100007
100007
100007
100007
100007
100007
100008
100008
100008
100008
100008
100008
100009
100009
100055
100203
100311
100434
100554
100679
100806
100935
101061
101186
101310
101435
101560
101686
101811
101938
102066
102195
102324
102453
102579
102705
102829
102954
103079
103205
103331
103457
103582
103708
103834
103960
104088
104216
104343
104470
104533
100000
100000
100000
100000
100001
100001
100001
100001
100001
100001
100001
100002
100002
100002
100002
100002
100002
100003
100003
100003
100003
100003
100003
100003
100004
100004
100004
100004
100004
100004
100004
100005
100005
100005
100005
100005
100005
100005
100006
100006
100006
100006
100006
100006
100006
100007
100007
100007
100007
100007
100007
100007
100008
100008
100008
100008
100008
100008
100009
100010
100049
100200
100307
100433
100553
100678
100806
100934
101061
101186
101310
101435
101560
101686
101811
101938
102067
102195
102323
102449
102574
102700
102826
102953
103079
103206
103332
103458
103583
103708
103832
103958
104086
104214
104340
104466
104529
100000
100000
100000
100000
100001
100001
100001
100001
100001
100001
100001
100002
100002
100002
100002
100002
100002
100003
100003
100003
100003
100003
100003
100003
100004
100004
100004
100004
100004
100004
100004
100005
100005
100005
100005
100005
100005
100005
100006
100006
100006
100006
100006
100006
100006
100007
100007
100007
100007
100007
100007
100007
100008
100008
100008
100008
100008
100008
100009
100009
100038
100199
100303
100431
100553
100678
100806
100933
101060
101185
101310
101435
101561
101686
101812
101939
102067
102194
102320
102446
102571
102697
102824
102952
103079
103206
103333
103460
103585
103709
103833
103958
104085
104213
104339
104466
104529
100000
100000
100000
100000
100001
100001
100001
100001
100001
100001
100001
100002
100002
100002
100002
100002
100002
100003
100003
100003
100003
100003
100003
100003
100004
100004
100004
100004
100004
100004
100004
100005
100005
100005
100005
100005
100005
100005
100006
100006
100006
100006
100006
100006
100006
100007
100007
100007
100007
100007
100007
100007
100008
100008
100008
100008
100008
100008
100008
100009
100029
100198
100301
100430
100552
100678
100806
100933
101059
101184
101310
101436
101563
101688
101813
101938
102065
102193
102320
102446
102570
102695
102822
102950
103079
103207
103334
103461
103586
103710
103834
103959
104085
104213
104339
104466
104529
100000
100000
100000
100000
100001
100001
100001
100001
100001
100001
100001
100002
100002
100002
100002
100002
100002
100003
100003
100003
100003
100003
100003
100003
100004
100004
100004
100004
100004
100004
100004
100005
100005
100005
100005
100005
100005
100005
100006
100006
100006
100006
100006
100006
100006
100007
100007
100007
100007
100007
100007
100007
100008
100008
100008
100008
100008
100008
100008
100009
100021
100198
100299
100428
100552
100679
100806
100934
101060
101185
101310
101436
101562
101688
101813
101936
102062
102192
102320
102445
102570
102695
102821
102949
103078
103207
103335
103461
103587
103711
103835
103960
104086
104213
104339
104466
104529
100000
100000
100000
100000
100001
100001
100001
100001
100001
100001
100001
100002
100002
100002
100002
100002
100002
100003
100003
100003
100003
100003
100003
100003
100004
100004
100004
100004
100004
100004
100004
100005
100005
100005
100005
100005
100005
100005
100006
100006
100006
100006
100006
100006
100006
100007
100007
100007
100007
100007
100007
100007
100008
100008
100008
100008
100008
100008
100008
100009
100017
100198
100298
100426
100551
100679
100806
100933
101059
101184
101311
101437
101564
101689
101813
101936
102062
102193
102320
102446
102570
102694
102820
102949
103077
103206
103335
103462
103587
103712
103836
103961
104087
104213
104339
104465
104528
100000
100000
100000
100000
100001
100001
100001
100001
100001
100001
100001
100002
100002
100002
100002
100002
100002
100003
100003
100003
100003
100003
100003
100003
100004
100004
100004
100004
100004
100004
100004
100005
100005
100005
100005
100005
100005
100005
100006
100006
100006
100006
100006
100006
100006
100007
100007
100007
100007
100007
100007
100007
100008
100008
100008
100008
100008
100008
100009
100009
100015
100198
100298
100427
100553
100680
100807
100933
101059
101184
101310
101436
101562
101688
101814
101940
102066
102194
102321
102445
102570
102694
102820
102948
103077
103206
103335
103462
103588
103712
103836
103961
104087
104212
104338
104464
104527
100000
100000
100000
100000
100001
100001
100001
100001
100001
100001
100001
100002
100002
100002
100002
100002
100002
100003
100003
100003
100003
100003
100003
100003
100004
100004
100004
100004
100004
100004
100004
100005
100005
100005
100005
100005
100005
100005
100006
100006
100006
100006
100006
100006
100006
100007
100007
100007
100007
100007
100007
100007
100008
100008
100008
100008
100008
100008
100009
100009
100017
100202
100302
100431
100557
100682
100808
100934
101059
101184
101310
101436
101561
101687
101813
101940
102066
102193
102320
102444
102569
102694
102820
102947
103076
103205
103335
103462
103588
103713
103837
103962
104087
104212
104338
104464
104527
100000
100000
100000
100000
100001
100001
100001
100001
100001
100001
100001
100002
100002
100002
100002
100002
100002
100003
100003
100003
100003
100003
100003
100003
100004
100004
100004
100004
100004
100004
100004
100005
100005
100005
100005
100005
100005
100005
100006
100006
100006
100006
100006
100006
100006
100007
100007
100007
100007
100007
100007
100007
100008
100008
100008
100008
100008
100008
100009
100009
100019
100205
100309
100436
100561
100685
100810
100936
101061
101186
101311
101436
101562
101687
101813
101939
102066
102192
102318
102443
102569
102695
102821
102947
103075
103205
103335
103463
103589
103714
103839
103964
104089
104214
104340
104466
104529
100000
100000
100000
100000
100000
100000
100000
100000
100001
100001
100001
100001
100001
100001
100001
100001
100001
100001
100001
100001
100001
100001
100002
100002
100002
100002
100002
100002
100002
100002
100002
100002
100002
100002
100003
100003
100003
100003
100003
100003
100003
100003
100003
100003
100003
100003
100003
100003
100004
100004
100004
100004
100004
100004
100004
100004
100004
100004
100004
100004
100004
100004
100005
100005
100005
100005
100005
100005
100005
100005
100005
100005
100005
100005
100005
100005
100006
100006
100006
100006
100006
100006
100006
100006
100006
100006
100006
100006
100006
100006
100007
100007
100007
100007
100007
100007
100007
100007
100007
100007
100007
100007
100007
100007
100008
100008
100008
100008
100008
100008
100008
100008
100008
100008
100008
100008
100009
100009
100009
100009
100024
100024
100214
100214
100318
100318
100438
100438
100564
100564
100688
100688
100812
100812
100937
100937
101062
101062
101187
101187
101312
101312
101437
101437
101563
101563
101689
101689
101815
101815
101941
101941
102067
102067
102192
102192
102318
102318
102444
102444
102570
102570
102696
102696
102821
102821
102947
102947
103074
103074
103204
103204
103335
103335
103463
103463
103589
103589
103714
103714
103840
103840
103965
103965
104091
104091
104217
104217
104343
104343
104468
104468
104531
)
;
    }
}


// ************************************************************************* //
