/*--------------------------------*- C++ -*----------------------------------*\
| =========                 |                                                 |
| \\      /  F ield         | OpenFOAM: The Open Source CFD Toolbox           |
|  \\    /   O peration     | Version:  2.3.0                                 |
|   \\  /    A nd           | Web:      www.OpenFOAM.org                      |
|    \\/     M anipulation  |                                                 |
\*---------------------------------------------------------------------------*/
FoamFile
{
    version     2.0;
    format      ascii;
    class       volScalarField;
    location    "26";
    object      dsauter;
}
// * * * * * * * * * * * * * * * * * * * * * * * * * * * * * * * * * * * * * //

dimensions      [0 0 0 0 0 0 0];

internalField   nonuniform List<scalar> 
6144
(
0.00833335
0.00833335
0.00833335
0.00833335
0.00833335
0.00833335
0.00833335
0.00833335
0.00833335
0.00833335
0.00833335
0.00833335
0.00833335
0.00833335
0.00833335
0.00833335
0.00833335
0.00833335
0.00833335
0.00833335
0.00833335
0.00833335
0.00833335
0.00833335
0.00833335
0.00833335
0.00833335
0.00833335
0.00833335
0.00833335
0.00833335
0.00833335
0.00833335
0.00833335
0.00833335
0.00833335
0.00833335
0.00833335
0.00833335
0.00833335
0.00833335
0.00833335
0.00833335
0.00833335
0.00833335
0.00833335
0.00833335
0.00833335
0.00833335
0.00833335
0.00833335
0.00833335
0.00833335
0.00833335
0.00833335
0.00833335
0.00833335
0.00833333
0.00832612
0.0083428
0.00834103
0.0083317
0.00833333
0.0001
0.0001
0.0001
0.0001
0.0001
0.0001
0.0001
0.0001
0.0001
0.0001
0.0001
0.0001
0.0001
0.0001
0.0001
0.0001
0.0001
0.0001
0.0001
0.0001
0.0001
0.0001
0.0001
0.0001
0.0001
0.0001
0.0001
0.0001
0.0001
0.0001
0.0001
0.0001
0.0001
0.00833335
0.00833335
0.00833335
0.00833335
0.00833335
0.00833335
0.00833335
0.00833335
0.00833335
0.00833335
0.00833335
0.00833335
0.00833335
0.00833335
0.00833335
0.00833335
0.00833335
0.00833335
0.00833335
0.00833335
0.00833335
0.00833335
0.00833335
0.00833335
0.00833335
0.00833335
0.00833335
0.00833335
0.00833335
0.00833335
0.00833335
0.00833335
0.00833335
0.00833335
0.00833335
0.00833335
0.00833335
0.00833335
0.00833335
0.00833335
0.00833335
0.00833335
0.00833335
0.00833335
0.00833335
0.00833335
0.00833335
0.00833335
0.00833335
0.00833335
0.00833335
0.00833335
0.00833335
0.00833335
0.00833335
0.00833335
0.00833335
0.00833306
0.00832239
0.00834691
0.00830904
0.008336
0.0001
0.0001
0.0001
0.0001
0.0001
0.0001
0.0001
0.0001
0.0001
0.0001
0.0001
0.0001
0.0001
0.0001
0.0001
0.0001
0.0001
0.0001
0.0001
0.0001
0.0001
0.0001
0.0001
0.0001
0.0001
0.0001
0.0001
0.0001
0.0001
0.0001
0.0001
0.0001
0.0001
0.0001
0.00833335
0.00833335
0.00833335
0.00833335
0.00833335
0.00833335
0.00833335
0.00833335
0.00833335
0.00833335
0.00833335
0.00833335
0.00833335
0.00833335
0.00833335
0.00833335
0.00833335
0.00833335
0.00833335
0.00833335
0.00833335
0.00833335
0.00833335
0.00833335
0.00833335
0.00833335
0.00833335
0.00833335
0.00833335
0.00833335
0.00833335
0.00833335
0.00833335
0.00833335
0.00833335
0.00833335
0.00833335
0.00833335
0.00833335
0.00833335
0.00833335
0.00833335
0.00833335
0.00833335
0.00833335
0.00833335
0.00833335
0.00833335
0.00833335
0.00833335
0.00833335
0.00833335
0.00833335
0.00833335
0.00833335
0.00833335
0.00833335
0.00833335
0.00833371
0.00836795
0.0076796
0.00833333
0.0001
0.0001
0.0001
0.0001
0.0001
0.0001
0.0001
0.0001
0.0001
0.0001
0.0001
0.0001
0.0001
0.0001
0.0001
0.0001
0.0001
0.0001
0.0001
0.0001
0.0001
0.0001
0.0001
0.0001
0.0001
0.0001
0.0001
0.0001
0.0001
0.0001
0.0001
0.0001
0.0001
0.0001
0.00833335
0.00833335
0.00833335
0.00833335
0.00833335
0.00833335
0.00833335
0.00833335
0.00833335
0.00833335
0.00833335
0.00833335
0.00833335
0.00833335
0.00833335
0.00833335
0.00833335
0.00833335
0.00833335
0.00833335
0.00833335
0.00833335
0.00833335
0.00833335
0.00833335
0.00833335
0.00833335
0.00833335
0.00833335
0.00833335
0.00833335
0.00833335
0.00833335
0.00833335
0.00833335
0.00833335
0.00833335
0.00833335
0.00833335
0.00833335
0.00833335
0.00833335
0.00833335
0.00833335
0.00833335
0.00833335
0.00833335
0.00833335
0.00833335
0.00833335
0.00833335
0.00833335
0.00833335
0.00833335
0.00833335
0.00833335
0.00833335
0.00833335
0.00833065
0.00833616
0.00834313
0.0001
0.0001
0.0001
0.0001
0.0001
0.0001
0.0001
0.0001
0.0001
0.0001
0.0001
0.0001
0.0001
0.0001
0.0001
0.0001
0.0001
0.0001
0.0001
0.0001
0.0001
0.0001
0.0001
0.0001
0.0001
0.0001
0.0001
0.0001
0.0001
0.0001
0.0001
0.0001
0.0001
0.0001
0.0001
0.00833335
0.00833335
0.00833335
0.00833335
0.00833335
0.00833335
0.00833335
0.00833335
0.00833335
0.00833335
0.00833335
0.00833335
0.00833335
0.00833335
0.00833335
0.00833335
0.00833335
0.00833335
0.00833335
0.00833335
0.00833335
0.00833335
0.00833335
0.00833335
0.00833335
0.00833335
0.00833335
0.00833335
0.00833335
0.00833335
0.00833335
0.00833335
0.00833335
0.00833335
0.00833335
0.00833335
0.00833335
0.00833335
0.00833335
0.00833335
0.00833335
0.00833335
0.00833335
0.00833335
0.00833335
0.00833335
0.00833335
0.00833335
0.00833335
0.00833335
0.00833335
0.00833335
0.00833335
0.00833335
0.00833335
0.00833335
0.00833335
0.00833335
0.00833332
0.00836057
0.00742446
0.00833512
0.00832678
0.00833263
0.00832864
0.0083384
0.00835598
0.00831744
0.00833259
0.00833104
0.00830654
0.00830438
0.00836125
0.00832119
0.00833455
0.00803041
0.00878931
0.00833092
0.00833059
0.00833342
0.0001
0.0001
0.0001
0.0001
0.0001
0.0001
0.0001
0.0001
0.0001
0.0001
0.0001
0.0001
0.0001
0.0001
0.0001
0.0001
0.00833335
0.00833335
0.00833335
0.00833335
0.00833335
0.00833335
0.00833335
0.00833335
0.00833335
0.00833335
0.00833335
0.00833335
0.00833335
0.00833335
0.00833335
0.00833335
0.00833335
0.00833335
0.00833335
0.00833335
0.00833335
0.00833335
0.00833335
0.00833335
0.00833335
0.00833335
0.00833335
0.00833335
0.00833335
0.00833335
0.00833335
0.00833335
0.00833335
0.00833335
0.00833335
0.00833335
0.00833335
0.00833335
0.00833335
0.00833335
0.00833335
0.00833335
0.00833335
0.00833335
0.00833335
0.00833335
0.00833335
0.00833335
0.00833335
0.00833335
0.00833335
0.00833335
0.00833335
0.00833335
0.00833335
0.00833335
0.00833335
0.00833335
0.00833335
0.00834313
0.00730071
0.0081099
0.00821491
0.00832052
0.00834077
0.0083191
0.00825022
0.00735
0.00820666
0.0090495
0.0088632
0.00774389
0.00846816
0.00832777
0.00826032
0.00836282
0.00841367
0.00838604
0.00732493
0.00834285
0.008513
0.00876362
0.00848959
0.00833348
0.0001
0.0001
0.0001
0.0001
0.0001
0.0001
0.0001
0.0001
0.0001
0.0001
0.0001
0.0001
0.00833335
0.00833335
0.00833335
0.00833335
0.00833335
0.00833335
0.00833335
0.00833335
0.00833335
0.00833335
0.00833335
0.00833335
0.00833335
0.00833335
0.00833335
0.00833335
0.00833335
0.00833335
0.00833335
0.00833335
0.00833335
0.00833335
0.00833335
0.00833335
0.00833335
0.00833335
0.00833335
0.00833335
0.00833335
0.00833335
0.00833335
0.00833335
0.00833335
0.00833335
0.00833335
0.00833335
0.00833335
0.00833335
0.00833335
0.00833335
0.00833335
0.00833335
0.00833335
0.00833335
0.00833335
0.00833335
0.00833335
0.00833335
0.00833335
0.00833335
0.00833335
0.00833335
0.00833335
0.00833335
0.00833335
0.00833335
0.00833335
0.00833334
0.0083335
0.00833312
0.00833239
0.01
0.00442238
0.00870674
0.00863878
0.01
0.00600639
0.00241908
0.01
0.00806829
0.00953808
0.00839953
0.00875543
0.00764567
0.00860451
0.00798259
0.00969599
0.00647918
0.00839685
0.00860306
0.00642877
0.01
0.00831164
0.00832311
0.00823103
0.00833168
0.00824192
0.0001
0.0001
0.0001
0.0001
0.0001
0.0001
0.00824474
0.0056727
0.00833335
0.00833335
0.00833335
0.00833335
0.00833335
0.00833335
0.00833335
0.00833335
0.00833335
0.00833335
0.00833335
0.00833335
0.00833335
0.00833335
0.00833335
0.00833335
0.00833335
0.00833335
0.00833335
0.00833335
0.00833335
0.00833335
0.00833335
0.00833335
0.00833335
0.00833335
0.00833335
0.00833335
0.00833335
0.00833335
0.00833335
0.00833335
0.00833335
0.00833335
0.00833335
0.00833335
0.00833335
0.00833335
0.00833335
0.00833335
0.00833335
0.00833335
0.00833335
0.00833335
0.00833335
0.00833335
0.00833335
0.00833335
0.00833335
0.00833335
0.00833335
0.00833335
0.00833335
0.00833335
0.00833335
0.00833335
0.00833335
0.00833335
0.00833336
0.00833323
0.00833338
0.00833535
0.00841126
0.00832782
0.00814924
0.008304
0.000161411
0.000920623
0.01
0.00644315
0.00811729
0.00875395
0.00833751
0.00851386
0.00849617
0.01
0.01
0.00665464
0.00560831
0.00832539
0.00835731
0.00880453
0.00832063
0.00835296
0.00833382
0.00833053
0.0083584
0.00842413
0.00871258
0.00815987
0.00803028
0.00845008
0.00857776
0.00800033
0.00854698
0.00835963
0.00832727
0.00833335
0.00833335
0.00833335
0.00833335
0.00833335
0.00833335
0.00833335
0.00833335
0.00833335
0.00833335
0.00833335
0.00833335
0.00833335
0.00833335
0.00833335
0.00833335
0.00833335
0.00833335
0.00833335
0.00833335
0.00833335
0.00833335
0.00833335
0.00833335
0.00833335
0.00833335
0.00833335
0.00833335
0.00833335
0.00833335
0.00833335
0.00833335
0.00833335
0.00833335
0.00833335
0.00833335
0.00833335
0.00833335
0.00833335
0.00833335
0.00833335
0.00833335
0.00833335
0.00833335
0.00833335
0.00833335
0.00833335
0.00833335
0.00833335
0.00833335
0.00833335
0.00833335
0.00833335
0.00833335
0.00833335
0.00833335
0.00833334
0.00833337
0.00833317
0.00833354
0.00703176
0.01
0.01
0.00586607
0.00448771
0.0001
0.000360453
0.00763846
0.00985683
0.00952674
0.00556011
0.00874772
0.00761069
0.01
0.00647364
0.00972777
0.00827881
0.00832335
0.01
0.01
0.00915748
0.000377416
0.00975558
0.00826059
0.00791423
0.00908091
0.0081387
0.00844737
0.00809991
0.00841073
0.00836901
0.00841829
0.00830108
0.00834705
0.00705101
0.00917126
0.00833335
0.00833335
0.00833335
0.00833335
0.00833335
0.00833335
0.00833335
0.00833335
0.00833335
0.00833335
0.00833335
0.00833335
0.00833335
0.00833335
0.00833335
0.00833335
0.00833335
0.00833335
0.00833335
0.00833335
0.00833335
0.00833335
0.00833335
0.00833335
0.00833335
0.00833335
0.00833335
0.00833335
0.00833335
0.00833335
0.00833335
0.00833335
0.00833335
0.00833335
0.00833335
0.00833335
0.00833335
0.00833335
0.00833335
0.00833335
0.00833335
0.00833335
0.00833335
0.00833335
0.00833335
0.00833335
0.00833335
0.00833335
0.00833335
0.00833335
0.00833335
0.00833335
0.00833335
0.00833335
0.00833335
0.00833335
0.00833335
0.00833335
0.00833335
0.00833404
0.00826233
0.01
0.00422798
0.01
0.01
0.01
0.01
0.00103793
0.00532224
0.01
0.00827772
0.00849262
0.00815339
0.00823123
0.00836207
0.00833658
0.00851577
0.008217
0.0083369
0.00808433
0.00849986
0.01
0.00601199
0.01
0.00807814
0.0080176
0.00630345
0.01
0.00647224
0.01
0.00731677
0.00826939
0.00834465
0.00836161
0.00831241
0.00819367
0.00833335
0.00833335
0.00833335
0.00833335
0.00833335
0.00833335
0.00833335
0.00833335
0.00833335
0.00833335
0.00833335
0.00833335
0.00833335
0.00833335
0.00833335
0.00833335
0.00833335
0.00833335
0.00833335
0.00833335
0.00833335
0.00833335
0.00833335
0.00833335
0.00833335
0.00833335
0.00833335
0.00833335
0.00833335
0.00833335
0.00833335
0.00833335
0.00833335
0.00833335
0.00833335
0.00833335
0.00833335
0.00833335
0.00833335
0.00833335
0.00833335
0.00833335
0.00833335
0.00833335
0.00833335
0.00833335
0.00833335
0.00833335
0.00833335
0.00833335
0.00833335
0.00833335
0.00833335
0.00833335
0.00833335
0.00833335
0.00833335
0.00833381
0.00831775
0.00833973
0.00833276
0.00827917
0.00729997
0.00808067
0.01
0.00805222
0.00860672
0.01
0.00946453
0.0082432
0.00827463
0.008333
0.00833509
0.00833335
0.00833335
0.00833335
0.00833335
0.00833603
0.00833715
0.00957508
0.00841827
0.00832472
0.00833714
0.00803197
0.00865181
0.00830294
0.00836914
0.01
0.000812584
0.00772901
0.00833521
0.00832656
0.00832796
0.00834924
0.00840146
0.00833334
0.00833335
0.00833335
0.00833335
0.00833335
0.00833335
0.00833335
0.00833335
0.00833335
0.00833335
0.00833335
0.00833335
0.00833335
0.00833335
0.00833335
0.00833335
0.00833335
0.00833335
0.00833335
0.00833335
0.00833335
0.00833335
0.00833335
0.00833335
0.00833335
0.00833335
0.00833335
0.00833335
0.00833335
0.00833335
0.00833335
0.00833335
0.00833335
0.00833335
0.00833335
0.00833335
0.00833335
0.00833335
0.00833335
0.00833335
0.00833335
0.00833335
0.00833335
0.00833335
0.00833335
0.00833335
0.00833335
0.00833335
0.00833335
0.00833335
0.00833335
0.00833335
0.00833335
0.00833335
0.00833335
0.00833335
0.00833335
0.00833335
0.00833334
0.00833353
0.00834987
0.00832905
0.00850431
0.00833296
0.00844697
0.00833185
0.00833303
0.0001
0.0001
0.0001
0.0001
0.0001
0.0001
0.0001
0.0001
0.0001
0.0001
0.0001
0.0001
0.0001
0.0001
0.0001
0.00832937
0.008305
0.0083173
0.00833333
0.00833332
0.00833333
0.00730138
0.00825046
0.00848997
0.0001
0.0001
0.0001
0.0001
0.0001
0.0001
0.00833335
0.00833335
0.00833335
0.00833335
0.00833335
0.00833335
0.00833335
0.00833335
0.00833335
0.00833335
0.00833335
0.00833335
0.00833335
0.00833335
0.00833335
0.00833335
0.00833335
0.00833335
0.00833335
0.00833335
0.00833335
0.00833335
0.00833335
0.00833335
0.00833335
0.00833335
0.00833335
0.00833335
0.00833335
0.00833335
0.00833335
0.00833335
0.00833335
0.00833335
0.00833335
0.00833335
0.00833335
0.00833335
0.00833335
0.00833335
0.00833335
0.00833335
0.00833335
0.00833335
0.00833335
0.00833335
0.00833335
0.00833335
0.00833335
0.00833335
0.00833335
0.00833335
0.00833335
0.00833335
0.00833335
0.00833335
0.00833335
0.00833335
0.00833334
0.00832245
0.00833335
0.00833145
0.0001
0.0001
0.0001
0.0001
0.0001
0.0001
0.0001
0.0001
0.0001
0.0001
0.0001
0.0001
0.0001
0.0001
0.0001
0.0001
0.0001
0.0001
0.0001
0.0001
0.0001
0.0001
0.0001
0.0001
0.0001
0.0001
0.0001
0.0001
0.0001
0.0001
0.0001
0.0001
0.0001
0.0001
0.00833335
0.00833335
0.00833335
0.00833335
0.00833335
0.00833335
0.00833335
0.00833335
0.00833335
0.00833335
0.00833335
0.00833335
0.00833335
0.00833335
0.00833335
0.00833335
0.00833335
0.00833335
0.00833335
0.00833335
0.00833335
0.00833335
0.00833335
0.00833335
0.00833335
0.00833335
0.00833335
0.00833335
0.00833335
0.00833335
0.00833335
0.00833335
0.00833335
0.00833335
0.00833335
0.00833335
0.00833335
0.00833335
0.00833335
0.00833335
0.00833335
0.00833335
0.00833335
0.00833335
0.00833335
0.00833335
0.00833335
0.00833335
0.00833335
0.00833335
0.00833335
0.00833335
0.00833335
0.00833335
0.00833335
0.00833335
0.00833335
0.00833335
0.00833335
0.00833813
0.00833335
0.0001
0.0001
0.0001
0.0001
0.0001
0.0001
0.0001
0.0001
0.0001
0.0001
0.0001
0.0001
0.0001
0.0001
0.0001
0.0001
0.0001
0.0001
0.0001
0.0001
0.0001
0.0001
0.0001
0.0001
0.0001
0.0001
0.0001
0.0001
0.0001
0.0001
0.0001
0.0001
0.0001
0.0001
0.0001
0.00833335
0.00833335
0.00833335
0.00833335
0.00833335
0.00833335
0.00833335
0.00833335
0.00833335
0.00833335
0.00833335
0.00833335
0.00833335
0.00833335
0.00833335
0.00833335
0.00833335
0.00833335
0.00833335
0.00833335
0.00833335
0.00833335
0.00833335
0.00833335
0.00833335
0.00833335
0.00833335
0.00833335
0.00833335
0.00833335
0.00833335
0.00833335
0.00833335
0.00833335
0.00833335
0.00833335
0.00833335
0.00833335
0.00833335
0.00833335
0.00833335
0.00833335
0.00833335
0.00833335
0.00833335
0.00833335
0.00833335
0.00833335
0.00833335
0.00833335
0.00833335
0.00833335
0.00833335
0.00833335
0.00833335
0.00833335
0.00833335
0.00833335
0.00833294
0.0083095
0.00931278
0.00787378
0.0001
0.0001
0.0001
0.0001
0.0001
0.0001
0.0001
0.0001
0.0001
0.0001
0.0001
0.0001
0.0001
0.0001
0.0001
0.0001
0.0001
0.0001
0.0001
0.0001
0.0001
0.0001
0.0001
0.0001
0.0001
0.0001
0.0001
0.0001
0.0001
0.0001
0.0001
0.0001
0.0001
0.0001
0.00833335
0.00833335
0.00833335
0.00833335
0.00833335
0.00833335
0.00833335
0.00833335
0.00833335
0.00833335
0.00833335
0.00833335
0.00833335
0.00833335
0.00833335
0.00833335
0.00833335
0.00833335
0.00833335
0.00833335
0.00833335
0.00833335
0.00833335
0.00833335
0.00833335
0.00833335
0.00833335
0.00833335
0.00833335
0.00833335
0.00833335
0.00833335
0.00833335
0.00833335
0.00833335
0.00833335
0.00833335
0.00833335
0.00833335
0.00833335
0.00833335
0.00833335
0.00833335
0.00833335
0.00833335
0.00833335
0.00833335
0.00833335
0.00833335
0.00833335
0.00833335
0.00833335
0.00833335
0.00833335
0.00833335
0.00833335
0.00833335
0.00833331
0.00832646
0.00834081
0.0083384
0.00833317
0.0001
0.0001
0.0001
0.0001
0.0001
0.0001
0.0001
0.0001
0.0001
0.0001
0.0001
0.0001
0.0001
0.0001
0.0001
0.0001
0.0001
0.0001
0.0001
0.0001
0.0001
0.0001
0.0001
0.0001
0.0001
0.0001
0.0001
0.0001
0.0001
0.0001
0.0001
0.0001
0.0001
0.0001
0.00833335
0.00833335
0.00833335
0.00833335
0.00833335
0.00833335
0.00833335
0.00833335
0.00833335
0.00833335
0.00833335
0.00833335
0.00833335
0.00833335
0.00833335
0.00833335
0.00833335
0.00833335
0.00833335
0.00833335
0.00833335
0.00833335
0.00833335
0.00833335
0.00833335
0.00833335
0.00833335
0.00833335
0.00833335
0.00833335
0.00833335
0.00833335
0.00833335
0.00833335
0.00833335
0.00833335
0.00833335
0.00833335
0.00833335
0.00833335
0.00833335
0.00833335
0.00833335
0.00833335
0.00833335
0.00833335
0.00833335
0.00833335
0.00833335
0.00833335
0.00833335
0.00833335
0.00833335
0.00833335
0.00833335
0.00833335
0.00833335
0.00833297
0.00833362
0.0083318
0.00833306
0.00833376
0.00833333
0.0001
0.0001
0.0001
0.0001
0.0001
0.0001
0.0001
0.0001
0.0001
0.0001
0.0001
0.0001
0.0001
0.0001
0.0001
0.0001
0.0001
0.0001
0.0001
0.0001
0.0001
0.0001
0.0001
0.0001
0.0001
0.0001
0.0001
0.0001
0.0001
0.0001
0.0001
0.0001
0.0001
0.00833335
0.00833335
0.00833335
0.00833335
0.00833335
0.00833335
0.00833335
0.00833335
0.00833335
0.00833335
0.00833335
0.00833335
0.00833335
0.00833335
0.00833335
0.00833335
0.00833335
0.00833335
0.00833335
0.00833335
0.00833335
0.00833335
0.00833335
0.00833335
0.00833335
0.00833335
0.00833335
0.00833335
0.00833335
0.00833335
0.00833335
0.00833335
0.00833335
0.00833335
0.00833335
0.00833335
0.00833335
0.00833335
0.00833335
0.00833335
0.00833335
0.00833335
0.00833335
0.00833335
0.00833335
0.00833335
0.00833335
0.00833335
0.00833335
0.00833335
0.00833335
0.00833335
0.00833335
0.00833335
0.00833335
0.00833335
0.00833335
0.00833334
0.00833343
0.00833355
0.00837919
0.00832696
0.0001
0.0001
0.0001
0.0001
0.0001
0.0001
0.0001
0.0001
0.0001
0.0001
0.0001
0.0001
0.0001
0.0001
0.0001
0.0001
0.0001
0.0001
0.0001
0.0001
0.0001
0.0001
0.0001
0.0001
0.0001
0.0001
0.0001
0.0001
0.0001
0.0001
0.0001
0.0001
0.0001
0.0001
0.00833335
0.00833335
0.00833335
0.00833335
0.00833335
0.00833335
0.00833335
0.00833335
0.00833335
0.00833335
0.00833335
0.00833335
0.00833335
0.00833335
0.00833335
0.00833335
0.00833335
0.00833335
0.00833335
0.00833335
0.00833335
0.00833335
0.00833335
0.00833335
0.00833335
0.00833335
0.00833335
0.00833335
0.00833335
0.00833335
0.00833335
0.00833335
0.00833335
0.00833335
0.00833335
0.00833335
0.00833335
0.00833335
0.00833335
0.00833335
0.00833335
0.00833335
0.00833335
0.00833335
0.00833335
0.00833335
0.00833335
0.00833335
0.00833335
0.00833335
0.00833335
0.00833335
0.00833335
0.00833335
0.00833335
0.00833335
0.00833335
0.00833335
0.00833679
0.00832961
0.0082728
0.0001
0.0001
0.0001
0.0001
0.0001
0.0001
0.0001
0.0001
0.0001
0.0001
0.0001
0.0001
0.0001
0.0001
0.0001
0.0001
0.0001
0.0001
0.0001
0.0001
0.0001
0.0001
0.0001
0.0001
0.0001
0.0001
0.0001
0.0001
0.0001
0.0001
0.0001
0.0001
0.0001
0.0001
0.0001
0.00833335
0.00833335
0.00833335
0.00833335
0.00833335
0.00833335
0.00833335
0.00833335
0.00833335
0.00833335
0.00833335
0.00833335
0.00833335
0.00833335
0.00833335
0.00833335
0.00833335
0.00833335
0.00833335
0.00833335
0.00833335
0.00833335
0.00833335
0.00833335
0.00833335
0.00833335
0.00833335
0.00833335
0.00833335
0.00833335
0.00833335
0.00833335
0.00833335
0.00833335
0.00833335
0.00833335
0.00833335
0.00833335
0.00833335
0.00833335
0.00833335
0.00833335
0.00833335
0.00833335
0.00833335
0.00833335
0.00833335
0.00833335
0.00833335
0.00833335
0.00833335
0.00833335
0.00833335
0.00833335
0.00833335
0.00833335
0.00833335
0.00833335
0.00833333
0.00834707
0.00777183
0.0001
0.00818966
0.0001
0.00833338
0.00833338
0.00833353
0.00833341
0.00833338
0.00833445
0.00833335
0.00832938
0.00832887
0.00833866
0.00833682
0.00833371
0.0001
0.0001
0.0001
0.0001
0.0001
0.0001
0.0001
0.0001
0.0001
0.0001
0.0001
0.0001
0.0001
0.0001
0.0001
0.0001
0.0001
0.0001
0.0001
0.0001
0.00833335
0.00833335
0.00833335
0.00833335
0.00833335
0.00833335
0.00833335
0.00833335
0.00833335
0.00833335
0.00833335
0.00833335
0.00833335
0.00833335
0.00833335
0.00833335
0.00833335
0.00833335
0.00833335
0.00833335
0.00833335
0.00833335
0.00833335
0.00833335
0.00833335
0.00833335
0.00833335
0.00833335
0.00833335
0.00833335
0.00833335
0.00833335
0.00833335
0.00833335
0.00833335
0.00833335
0.00833335
0.00833335
0.00833335
0.00833335
0.00833335
0.00833335
0.00833335
0.00833335
0.00833335
0.00833335
0.00833335
0.00833335
0.00833335
0.00833335
0.00833335
0.00833335
0.00833335
0.00833335
0.00833335
0.00833335
0.00833335
0.00833335
0.00833334
0.00834168
0.00725422
0.01
0.00840376
0.00917997
0.00748472
0.00830492
0.00829038
0.00596349
0.00823438
0.00980874
0.00804677
0.00858614
0.00841938
0.00871245
0.00811334
0.00840865
0.00792672
0.00924178
0.00826943
0.00867177
0.00833144
0.00833334
0.0001
0.0001
0.0001
0.0001
0.0001
0.0001
0.0001
0.0001
0.0001
0.0001
0.0001
0.0001
0.0001
0.0001
0.00833335
0.00833335
0.00833335
0.00833335
0.00833335
0.00833335
0.00833335
0.00833335
0.00833335
0.00833335
0.00833335
0.00833335
0.00833335
0.00833335
0.00833335
0.00833335
0.00833335
0.00833335
0.00833335
0.00833335
0.00833335
0.00833335
0.00833335
0.00833335
0.00833335
0.00833335
0.00833335
0.00833335
0.00833335
0.00833335
0.00833335
0.00833335
0.00833335
0.00833335
0.00833335
0.00833335
0.00833335
0.00833335
0.00833335
0.00833335
0.00833335
0.00833335
0.00833335
0.00833335
0.00833335
0.00833335
0.00833335
0.00833335
0.00833335
0.00833335
0.00833335
0.00833335
0.00833335
0.00833335
0.00833335
0.00833335
0.00833335
0.00833335
0.00833335
0.00831799
0.00954087
0.00835305
0.00833309
0.01
0.0063931
0.00832273
0.00824453
0.0084951
0.00832668
0.00834709
0.00832528
0.00388232
0.00985491
0.00834878
0.00826298
0.01
0.00549161
0.00913922
0.00734094
0.00849461
0.01
0.00832352
0.00984899
0.00833961
0.00792202
0.00832929
0.0001
0.0001
0.0001
0.0001
0.0001
0.0001
0.0001
0.0001
0.0001
0.0001
0.00833335
0.00833335
0.00833335
0.00833335
0.00833335
0.00833335
0.00833335
0.00833335
0.00833335
0.00833335
0.00833335
0.00833335
0.00833335
0.00833335
0.00833335
0.00833335
0.00833335
0.00833335
0.00833335
0.00833335
0.00833335
0.00833335
0.00833335
0.00833335
0.00833335
0.00833335
0.00833335
0.00833335
0.00833335
0.00833335
0.00833335
0.00833335
0.00833335
0.00833335
0.00833335
0.00833335
0.00833335
0.00833335
0.00833335
0.00833335
0.00833335
0.00833335
0.00833335
0.00833335
0.00833335
0.00833335
0.00833335
0.00833335
0.00833335
0.00833335
0.00833335
0.00833335
0.00833335
0.00833335
0.00833335
0.00833335
0.00833335
0.00833334
0.00833334
0.00829268
0.00931745
0.00828543
0.0083286
0.00832221
0.00833563
0.00833254
0.00830153
0.00824007
0.00795938
0.00908435
0.00810374
0.00840176
0.00814538
0.01
0.00646468
0.00845356
0.00827136
0.0082243
0.00841361
0.00814506
0.00783665
0.00709005
0.01
0.00668908
0.00741737
0.00833334
0.00833315
0.00836682
0.00418811
0.01
0.00866886
0.00886816
0.00833199
0.00858511
0.00833776
0.00833347
0.00833335
0.00833335
0.00833335
0.00833335
0.00833335
0.00833335
0.00833335
0.00833335
0.00833335
0.00833335
0.00833335
0.00833335
0.00833335
0.00833335
0.00833335
0.00833335
0.00833335
0.00833335
0.00833335
0.00833335
0.00833335
0.00833335
0.00833335
0.00833335
0.00833335
0.00833335
0.00833335
0.00833335
0.00833335
0.00833335
0.00833335
0.00833335
0.00833335
0.00833335
0.00833335
0.00833335
0.00833335
0.00833335
0.00833335
0.00833335
0.00833335
0.00833335
0.00833335
0.00833335
0.00833335
0.00833335
0.00833335
0.00833335
0.00833335
0.00833335
0.00833335
0.00833335
0.00833335
0.00833335
0.00833335
0.00833335
0.00833335
0.00833334
0.00833336
0.00829258
0.00885166
0.00822967
0.00804596
0.00845008
0.00812328
0.00841581
0.00841843
0.00808534
0.00812405
0.00867161
0.00867578
0.00781317
0.01
0.01
0.00839697
0.00832397
0.00833088
0.00833656
0.00833735
0.0083514
0.00804032
0.00903437
0.00846288
0.00817444
0.00837972
0.0083332
0.00831522
0.00826594
0.00847119
0.0082722
0.00835292
0.00835113
0.00839804
0.00824377
0.00834812
0.00833334
0.00833335
0.00833335
0.00833335
0.00833335
0.00833335
0.00833335
0.00833335
0.00833335
0.00833335
0.00833335
0.00833335
0.00833335
0.00833335
0.00833335
0.00833335
0.00833335
0.00833335
0.00833335
0.00833335
0.00833335
0.00833335
0.00833335
0.00833335
0.00833335
0.00833335
0.00833335
0.00833335
0.00833335
0.00833335
0.00833335
0.00833335
0.00833335
0.00833335
0.00833335
0.00833335
0.00833335
0.00833335
0.00833335
0.00833335
0.00833335
0.00833335
0.00833335
0.00833335
0.00833335
0.00833335
0.00833335
0.00833335
0.00833335
0.00833335
0.00833335
0.00833335
0.00833335
0.00833335
0.00833335
0.00833335
0.00833335
0.00833335
0.00833336
0.00833367
0.00833257
0.00710071
0.01
0.00871689
0.00757899
0.00839829
0.00818387
0.00743972
0.00886571
0.00836766
0.00831243
0.00823884
0.00964722
0.01
0.000228009
0.00824228
0.00833441
0.0089295
0.00801497
0.00827863
0.00828916
0.00867383
0.00839172
0.00842241
0.0083363
0.00849143
0.00825127
0.00842746
0.00834406
0.0083179
0.00833225
0.0083232
0.00835897
0.00832311
0.00833449
0.00836306
0.00832712
0.00833335
0.00833335
0.00833335
0.00833335
0.00833335
0.00833335
0.00833335
0.00833335
0.00833335
0.00833335
0.00833335
0.00833335
0.00833335
0.00833335
0.00833335
0.00833335
0.00833335
0.00833335
0.00833335
0.00833335
0.00833335
0.00833335
0.00833335
0.00833335
0.00833335
0.00833335
0.00833335
0.00833335
0.00833335
0.00833335
0.00833335
0.00833335
0.00833335
0.00833335
0.00833335
0.00833335
0.00833335
0.00833335
0.00833335
0.00833335
0.00833335
0.00833335
0.00833335
0.00833335
0.00833335
0.00833335
0.00833335
0.00833335
0.00833335
0.00833335
0.00833335
0.00833335
0.00833335
0.00833335
0.00833335
0.00833335
0.00833335
0.00833335
0.00833335
0.00833224
0.00917976
0.0052628
0.01
0.00815215
0.00828058
0.00814023
0.00883491
0.0081709
0.00844511
0.00761881
0.00803815
0.00934027
0.00897104
0.0068583
0.00922906
0.00833545
0.00830165
0.00889675
0.00894684
0.00890735
0.00835838
0.007825
0.00876353
0.00833049
0.00833466
0.00789631
0.00827447
0.00794201
0.00879796
0.00834402
0.00828452
0.00842339
0.00855068
0.00941675
0.00535103
0.00863179
0.00833335
0.00833335
0.00833335
0.00833335
0.00833335
0.00833335
0.00833335
0.00833335
0.00833335
0.00833335
0.00833335
0.00833335
0.00833335
0.00833335
0.00833335
0.00833335
0.00833335
0.00833335
0.00833335
0.00833335
0.00833335
0.00833335
0.00833335
0.00833335
0.00833335
0.00833335
0.00833335
0.00833335
0.00833335
0.00833335
0.00833335
0.00833335
0.00833335
0.00833335
0.00833335
0.00833335
0.00833335
0.00833335
0.00833335
0.00833335
0.00833335
0.00833335
0.00833335
0.00833335
0.00833335
0.00833335
0.00833335
0.00833335
0.00833335
0.00833335
0.00833335
0.00833335
0.00833335
0.00833335
0.00833335
0.00833335
0.00833335
0.00833332
0.00833277
0.00833332
0.00835814
0.00778139
0.00768277
0.00796161
0.00859329
0.00833039
0.00822167
0.00832431
0.0083335
0.00831587
0.00833467
0.00832856
0.00832405
0.00833335
0.00834655
0.00833461
0.00833335
0.00833343
0.00826804
0.0083918
0.00867959
0.00834229
0.00826054
0.00818284
0.00833219
0.00832696
0.00807414
0.00874132
0.00842133
0.00833756
0.00833195
0.00809033
0.00866092
0.00855888
0.00882885
0.00833303
0.00833335
0.00833335
0.00833335
0.00833335
0.00833335
0.00833335
0.00833335
0.00833335
0.00833335
0.00833335
0.00833335
0.00833335
0.00833335
0.00833335
0.00833335
0.00833335
0.00833335
0.00833335
0.00833335
0.00833335
0.00833335
0.00833335
0.00833335
0.00833335
0.00833335
0.00833335
0.00833335
0.00833335
0.00833335
0.00833335
0.00833335
0.00833335
0.00833335
0.00833335
0.00833335
0.00833335
0.00833335
0.00833335
0.00833335
0.00833335
0.00833335
0.00833335
0.00833335
0.00833335
0.00833335
0.00833335
0.00833335
0.00833335
0.00833335
0.00833335
0.00833335
0.00833335
0.00833335
0.00833335
0.00833335
0.00833335
0.00833335
0.00833335
0.00833833
0.00832848
0.00873822
0.00845234
0.00828844
0.00833343
0.00833265
0.0001
0.00833346
0.0001
0.0001
0.0001
0.0001
0.0001
0.0001
0.0001
0.0001
0.0001
0.0001
0.0001
0.0001
0.00833964
0.00833328
0.00833344
0.0001
0.0001
0.00832928
0.00833716
0.0001
0.0001
0.0001
0.0001
0.0001
0.0001
0.0001
0.0001
0.0001
0.0001
0.00833335
0.00833335
0.00833335
0.00833335
0.00833335
0.00833335
0.00833335
0.00833335
0.00833335
0.00833335
0.00833335
0.00833335
0.00833335
0.00833335
0.00833335
0.00833335
0.00833335
0.00833335
0.00833335
0.00833335
0.00833335
0.00833335
0.00833335
0.00833335
0.00833335
0.00833335
0.00833335
0.00833335
0.00833335
0.00833335
0.00833335
0.00833335
0.00833335
0.00833335
0.00833335
0.00833335
0.00833335
0.00833335
0.00833335
0.00833335
0.00833335
0.00833335
0.00833335
0.00833335
0.00833335
0.00833335
0.00833335
0.00833335
0.00833335
0.00833335
0.00833335
0.00833335
0.00833335
0.00833335
0.00833335
0.00833335
0.00833335
0.00833335
0.00833328
0.00832827
0.00838724
0.0001
0.00833324
0.0001
0.0001
0.0001
0.0001
0.0001
0.0001
0.0001
0.0001
0.0001
0.0001
0.0001
0.0001
0.0001
0.0001
0.0001
0.0001
0.0001
0.0001
0.0001
0.0001
0.0001
0.0001
0.0001
0.0001
0.0001
0.0001
0.0001
0.0001
0.0001
0.0001
0.0001
0.0001
0.0001
0.00833335
0.00833335
0.00833335
0.00833335
0.00833335
0.00833335
0.00833335
0.00833335
0.00833335
0.00833335
0.00833335
0.00833335
0.00833335
0.00833335
0.00833335
0.00833335
0.00833335
0.00833335
0.00833335
0.00833335
0.00833335
0.00833335
0.00833335
0.00833335
0.00833335
0.00833335
0.00833335
0.00833335
0.00833335
0.00833335
0.00833335
0.00833335
0.00833335
0.00833335
0.00833335
0.00833335
0.00833335
0.00833335
0.00833335
0.00833335
0.00833335
0.00833335
0.00833335
0.00833335
0.00833335
0.00833335
0.00833335
0.00833335
0.00833335
0.00833335
0.00833335
0.00833335
0.00833335
0.00833335
0.00833335
0.00833335
0.00833335
0.00833335
0.00833357
0.0083408
0.00802768
0.0001
0.0001
0.0001
0.0001
0.0001
0.0001
0.0001
0.0001
0.0001
0.0001
0.0001
0.0001
0.0001
0.0001
0.0001
0.0001
0.0001
0.0001
0.0001
0.0001
0.0001
0.0001
0.0001
0.0001
0.0001
0.0001
0.0001
0.0001
0.0001
0.0001
0.0001
0.0001
0.0001
0.0001
0.0001
0.00833335
0.00833335
0.00833335
0.00833335
0.00833335
0.00833335
0.00833335
0.00833335
0.00833335
0.00833335
0.00833335
0.00833335
0.00833335
0.00833335
0.00833335
0.00833335
0.00833335
0.00833335
0.00833335
0.00833335
0.00833335
0.00833335
0.00833335
0.00833335
0.00833335
0.00833335
0.00833335
0.00833335
0.00833335
0.00833335
0.00833335
0.00833335
0.00833335
0.00833335
0.00833335
0.00833335
0.00833335
0.00833335
0.00833335
0.00833335
0.00833335
0.00833335
0.00833335
0.00833335
0.00833335
0.00833335
0.00833335
0.00833335
0.00833335
0.00833335
0.00833335
0.00833335
0.00833335
0.00833335
0.00833335
0.00833335
0.00833335
0.00833318
0.0083209
0.00838063
0.00753434
0.00833335
0.0001
0.0001
0.0001
0.0001
0.0001
0.0001
0.0001
0.0001
0.0001
0.0001
0.0001
0.0001
0.0001
0.0001
0.0001
0.0001
0.0001
0.0001
0.0001
0.0001
0.0001
0.0001
0.0001
0.0001
0.0001
0.0001
0.0001
0.0001
0.0001
0.0001
0.0001
0.0001
0.0001
0.0001
0.00833335
0.00833335
0.00833335
0.00833335
0.00833335
0.00833335
0.00833335
0.00833335
0.00833335
0.00833335
0.00833335
0.00833335
0.00833335
0.00833335
0.00833335
0.00833335
0.00833335
0.00833335
0.00833335
0.00833335
0.00833335
0.00833335
0.00833335
0.00833335
0.00833335
0.00833335
0.00833335
0.00833335
0.00833335
0.00833335
0.00833335
0.00833335
0.00833335
0.00833335
0.00833335
0.00833335
0.00833335
0.00833335
0.00833335
0.00833335
0.00833335
0.00833335
0.00833335
0.00833335
0.00833335
0.00833335
0.00833335
0.00833335
0.00833335
0.00833335
0.00833335
0.00833335
0.00833335
0.00833335
0.00833335
0.00833335
0.00833335
0.00833335
0.00833333
0.00833408
0.00833316
0.0083333
0.0001
0.0001
0.0001
0.0001
0.0001
0.0001
0.0001
0.0001
0.0001
0.0001
0.0001
0.0001
0.0001
0.0001
0.0001
0.0001
0.0001
0.0001
0.0001
0.0001
0.0001
0.0001
0.0001
0.0001
0.0001
0.0001
0.0001
0.0001
0.0001
0.0001
0.0001
0.0001
0.0001
0.0001
0.00833335
0.00833335
0.00833335
0.00833335
0.00833335
0.00833335
0.00833335
0.00833335
0.00833335
0.00833335
0.00833335
0.00833335
0.00833335
0.00833335
0.00833335
0.00833335
0.00833335
0.00833335
0.00833335
0.00833335
0.00833335
0.00833335
0.00833335
0.00833335
0.00833335
0.00833335
0.00833335
0.00833335
0.00833335
0.00833335
0.00833335
0.00833335
0.00833335
0.00833335
0.00833335
0.00833335
0.00833335
0.00833335
0.00833335
0.00833335
0.00833335
0.00833335
0.00833335
0.00833335
0.00833335
0.00833335
0.00833335
0.00833335
0.00833335
0.00833335
0.00833335
0.00833335
0.00833335
0.00833335
0.00833335
0.00833335
0.00833335
0.00833335
0.00833336
0.00833328
0.00832207
0.00959019
0.00833333
0.0001
0.0001
0.0001
0.0001
0.0001
0.0001
0.0001
0.0001
0.0001
0.0001
0.0001
0.0001
0.0001
0.0001
0.0001
0.0001
0.0001
0.0001
0.0001
0.0001
0.0001
0.0001
0.0001
0.0001
0.0001
0.0001
0.0001
0.0001
0.0001
0.0001
0.0001
0.0001
0.0001
0.00833335
0.00833335
0.00833335
0.00833335
0.00833335
0.00833335
0.00833335
0.00833335
0.00833335
0.00833335
0.00833335
0.00833335
0.00833335
0.00833335
0.00833335
0.00833335
0.00833335
0.00833335
0.00833335
0.00833335
0.00833335
0.00833335
0.00833335
0.00833335
0.00833335
0.00833335
0.00833335
0.00833335
0.00833335
0.00833335
0.00833335
0.00833335
0.00833335
0.00833335
0.00833335
0.00833335
0.00833335
0.00833335
0.00833335
0.00833335
0.00833335
0.00833335
0.00833335
0.00833335
0.00833335
0.00833335
0.00833335
0.00833335
0.00833335
0.00833335
0.00833335
0.00833335
0.00833335
0.00833335
0.00833335
0.00833335
0.00833335
0.00833335
0.00833324
0.00833588
0.00833962
0.00731616
0.0001
0.0001
0.0001
0.0001
0.0001
0.0001
0.0001
0.0001
0.0001
0.0001
0.0001
0.0001
0.0001
0.0001
0.0001
0.0001
0.0001
0.0001
0.0001
0.0001
0.0001
0.0001
0.0001
0.0001
0.0001
0.0001
0.0001
0.0001
0.0001
0.0001
0.0001
0.0001
0.0001
0.0001
0.00833335
0.00833335
0.00833335
0.00833335
0.00833335
0.00833335
0.00833335
0.00833335
0.00833335
0.00833335
0.00833335
0.00833335
0.00833335
0.00833335
0.00833335
0.00833335
0.00833335
0.00833335
0.00833335
0.00833335
0.00833335
0.00833335
0.00833335
0.00833335
0.00833335
0.00833335
0.00833335
0.00833335
0.00833335
0.00833335
0.00833335
0.00833335
0.00833335
0.00833335
0.00833335
0.00833335
0.00833335
0.00833335
0.00833335
0.00833335
0.00833335
0.00833335
0.00833335
0.00833335
0.00833335
0.00833335
0.00833335
0.00833335
0.00833335
0.00833335
0.00833335
0.00833335
0.00833335
0.00833335
0.00833335
0.00833335
0.00833335
0.00833334
0.00833351
0.00833079
0.00830908
0.00773976
0.0001
0.0001
0.0001
0.0001
0.0001
0.0001
0.0001
0.0001
0.0001
0.0001
0.0001
0.0001
0.0001
0.0001
0.0001
0.0001
0.0001
0.0001
0.0001
0.0001
0.0001
0.0001
0.0001
0.0001
0.0001
0.0001
0.0001
0.0001
0.0001
0.0001
0.0001
0.0001
0.0001
0.0001
0.00833335
0.00833335
0.00833335
0.00833335
0.00833335
0.00833335
0.00833335
0.00833335
0.00833335
0.00833335
0.00833335
0.00833335
0.00833335
0.00833335
0.00833335
0.00833335
0.00833335
0.00833335
0.00833335
0.00833335
0.00833335
0.00833335
0.00833335
0.00833335
0.00833335
0.00833335
0.00833335
0.00833335
0.00833335
0.00833335
0.00833335
0.00833335
0.00833335
0.00833335
0.00833335
0.00833335
0.00833335
0.00833335
0.00833335
0.00833335
0.00833335
0.00833335
0.00833335
0.00833335
0.00833335
0.00833335
0.00833335
0.00833335
0.00833335
0.00833335
0.00833335
0.00833335
0.00833335
0.00833335
0.00833335
0.00833335
0.00833335
0.00833335
0.00833325
0.00833326
0.00829846
0.00833874
0.00833358
0.0001
0.00833006
0.0001
0.0001
0.00833335
0.0001
0.0001
0.0001
0.0001
0.0001
0.0001
0.0001
0.0001
0.0001
0.0001
0.0001
0.0001
0.0001
0.0001
0.0001
0.0001
0.0001
0.0001
0.0001
0.0001
0.0001
0.0001
0.0001
0.0001
0.0001
0.0001
0.0001
0.0001
0.00833335
0.00833335
0.00833335
0.00833335
0.00833335
0.00833335
0.00833335
0.00833335
0.00833335
0.00833335
0.00833335
0.00833335
0.00833335
0.00833335
0.00833335
0.00833335
0.00833335
0.00833335
0.00833335
0.00833335
0.00833335
0.00833335
0.00833335
0.00833335
0.00833335
0.00833335
0.00833335
0.00833335
0.00833335
0.00833335
0.00833335
0.00833335
0.00833335
0.00833335
0.00833335
0.00833335
0.00833335
0.00833335
0.00833335
0.00833335
0.00833335
0.00833335
0.00833335
0.00833335
0.00833335
0.00833335
0.00833335
0.00833335
0.00833335
0.00833335
0.00833335
0.00833335
0.00833335
0.00833335
0.00833335
0.00833335
0.00833335
0.00833335
0.00833285
0.00833398
0.00831254
0.00863112
0.00834257
0.00846206
0.00821536
0.00833289
0.00850727
0.0083235
0.00825941
0.00823756
0.00836225
0.00830362
0.00833006
0.00849582
0.00815583
0.00834865
0.01
0.00834137
0.00934173
0.0001
0.0001
0.0001
0.0001
0.0001
0.0001
0.0001
0.0001
0.0001
0.0001
0.0001
0.0001
0.0001
0.0001
0.0001
0.0001
0.0001
0.00833335
0.00833335
0.00833335
0.00833335
0.00833335
0.00833335
0.00833335
0.00833335
0.00833335
0.00833335
0.00833335
0.00833335
0.00833335
0.00833335
0.00833335
0.00833335
0.00833335
0.00833335
0.00833335
0.00833335
0.00833335
0.00833335
0.00833335
0.00833335
0.00833335
0.00833335
0.00833335
0.00833335
0.00833335
0.00833335
0.00833335
0.00833335
0.00833335
0.00833335
0.00833335
0.00833335
0.00833335
0.00833335
0.00833335
0.00833335
0.00833335
0.00833335
0.00833335
0.00833335
0.00833335
0.00833335
0.00833335
0.00833335
0.00833335
0.00833335
0.00833335
0.00833335
0.00833335
0.00833335
0.00833335
0.00833335
0.00833335
0.00833336
0.00834528
0.00831933
0.00841195
0.007391
0.00829596
0.009344
0.00728294
0.00819973
0.00778727
0.00869776
0.00831121
0.00833644
0.0083334
0.00833343
0.00835125
0.00832763
0.01
0.01
0.00406601
0.00482955
0.00574146
0.01
0.00837144
0.00822402
0.00831572
0.00832989
0.00833257
0.00833347
0.0001
0.0001
0.0001
0.0001
0.0001
0.0001
0.0001
0.0001
0.0001
0.0001
0.00833335
0.00833335
0.00833335
0.00833335
0.00833335
0.00833335
0.00833335
0.00833335
0.00833335
0.00833335
0.00833335
0.00833335
0.00833335
0.00833335
0.00833335
0.00833335
0.00833335
0.00833335
0.00833335
0.00833335
0.00833335
0.00833335
0.00833335
0.00833335
0.00833335
0.00833335
0.00833335
0.00833335
0.00833335
0.00833335
0.00833335
0.00833335
0.00833335
0.00833335
0.00833335
0.00833335
0.00833335
0.00833335
0.00833335
0.00833335
0.00833335
0.00833335
0.00833335
0.00833335
0.00833335
0.00833335
0.00833335
0.00833335
0.00833335
0.00833335
0.00833335
0.00833335
0.00833335
0.00833335
0.00833335
0.00833335
0.00833335
0.00833335
0.00833336
0.00833329
0.00835343
0.00831656
0.00812126
0.00835338
0.00810464
0.00731572
0.00823857
0.01
0.00824276
0.00832068
0.00766556
0.00995974
0.00834573
0.00826994
0.00801247
0.00823599
0.00832504
0.00723681
0.00770453
0.01
0.00733837
0.00882669
0.00973806
0.00966141
0.00865175
0.00839823
0.00835728
0.00828597
0.0083418
0.00661659
0.00832912
0.00833173
0.0001
0.0001
0.0001
0.0001
0.00833335
0.00833335
0.00833335
0.00833335
0.00833335
0.00833335
0.00833335
0.00833335
0.00833335
0.00833335
0.00833335
0.00833335
0.00833335
0.00833335
0.00833335
0.00833335
0.00833335
0.00833335
0.00833335
0.00833335
0.00833335
0.00833335
0.00833335
0.00833335
0.00833335
0.00833335
0.00833335
0.00833335
0.00833335
0.00833335
0.00833335
0.00833335
0.00833335
0.00833335
0.00833335
0.00833335
0.00833335
0.00833335
0.00833335
0.00833335
0.00833335
0.00833335
0.00833335
0.00833335
0.00833335
0.00833335
0.00833335
0.00833335
0.00833335
0.00833335
0.00833335
0.00833335
0.00833335
0.00833335
0.00833335
0.00833335
0.00833335
0.00833335
0.00833339
0.0083013
0.0096651
0.000707236
0.00896597
0.00780409
0.01
0.0083324
0.00843132
0.0083241
0.00673983
0.00979633
0.00832859
0.00864785
0.00561459
0.00251067
0.00866715
0.00828124
0.00832231
0.00886955
0.00837683
0.00825014
0.00795819
0.0093151
0.00943716
0.005071
0.01
0.00886166
0.00774457
0.00772834
0.00831503
0.0001
0.0001
0.0001
0.0001
0.0001
0.0001
0.00832348
0.00833335
0.00833335
0.00833335
0.00833335
0.00833335
0.00833335
0.00833335
0.00833335
0.00833335
0.00833335
0.00833335
0.00833335
0.00833335
0.00833335
0.00833335
0.00833335
0.00833335
0.00833335
0.00833335
0.00833335
0.00833335
0.00833335
0.00833335
0.00833335
0.00833335
0.00833335
0.00833335
0.00833335
0.00833335
0.00833335
0.00833335
0.00833335
0.00833335
0.00833335
0.00833335
0.00833335
0.00833335
0.00833335
0.00833335
0.00833335
0.00833335
0.00833335
0.00833335
0.00833335
0.00833335
0.00833335
0.00833335
0.00833335
0.00833335
0.00833335
0.00833335
0.00833335
0.00833335
0.00833335
0.00833335
0.00833335
0.00833335
0.00833335
0.00834363
0.00833256
0.00632654
0.00561401
0.00819371
0.00729073
0.0089065
0.00983624
0.00530905
0.00942188
0.00855434
0.00718429
0.00969057
0.00845511
0.00921548
0.00773166
0.00832314
0.00857156
0.00820465
0.00831589
0.00834349
0.00835471
0.00769826
0.00929399
0.00766186
0.00849662
0.00348453
0.01
0.00822214
0.00833334
0.00831263
0.00833334
0.0083334
0.00833214
0.00824311
0.00832911
0.00828321
0.00835533
0.00833335
0.00833335
0.00833335
0.00833335
0.00833335
0.00833335
0.00833335
0.00833335
0.00833335
0.00833335
0.00833335
0.00833335
0.00833335
0.00833335
0.00833335
0.00833335
0.00833335
0.00833335
0.00833335
0.00833335
0.00833335
0.00833335
0.00833335
0.00833335
0.00833335
0.00833335
0.00833335
0.00833335
0.00833335
0.00833335
0.00833335
0.00833335
0.00833335
0.00833335
0.00833335
0.00833335
0.00833335
0.00833335
0.00833335
0.00833335
0.00833335
0.00833335
0.00833335
0.00833335
0.00833335
0.00833335
0.00833335
0.00833335
0.00833335
0.00833335
0.00833335
0.00833335
0.00833335
0.00833335
0.00833335
0.00833335
0.00833335
0.00833335
0.00833324
0.00833812
0.00827949
0.00831894
0.00828834
0.00829117
0.00872813
0.00801734
0.00875178
0.00835699
0.0083345
0.00835149
0.00828005
0.00839343
0.0083283
0.00839433
0.00716985
0.00808434
0.01
0.00832546
0.00833236
0.00879259
0.00777453
0.01
0.00733075
0.01
0.01
0.00272543
0.00915465
0.00831382
0.00786128
0.00874006
0.00800816
0.00859253
0.00833254
0.00833334
0.00835373
0.00833383
0.00833335
0.00833335
0.00833335
0.00833335
0.00833335
0.00833335
0.00833335
0.00833335
0.00833335
0.00833335
0.00833335
0.00833335
0.00833335
0.00833335
0.00833335
0.00833335
0.00833335
0.00833335
0.00833335
0.00833335
0.00833335
0.00833335
0.00833335
0.00833335
0.00833335
0.00833335
0.00833335
0.00833335
0.00833335
0.00833335
0.00833335
0.00833335
0.00833335
0.00833335
0.00833335
0.00833335
0.00833335
0.00833335
0.00833335
0.00833335
0.00833335
0.00833335
0.00833335
0.00833335
0.00833335
0.00833335
0.00833335
0.00833335
0.00833335
0.00833335
0.00833335
0.00833335
0.00833335
0.00833335
0.00833335
0.00833335
0.00833335
0.00833335
0.00833348
0.00833143
0.00833544
0.00833413
0.00859605
0.00836621
0.00833244
0.0083393
0.00842764
0.00833892
0.00832689
0.00833341
0.00832986
0.00833328
0.00833268
0.00833387
0.00833347
0.00833988
0.00832915
0.00833343
0.00833318
0.00833536
0.00834102
0.00835908
0.00858136
0.0083727
0.00833322
0.00844521
0.00832825
0.00847914
0.00835722
0.00827533
0.00833333
0.00833322
0.0084758
0.00832898
0.0001
0.0001
0.00833335
0.00833335
0.00833335
0.00833335
0.00833335
0.00833335
0.00833335
0.00833335
0.00833335
0.00833335
0.00833335
0.00833335
0.00833335
0.00833335
0.00833335
0.00833335
0.00833335
0.00833335
0.00833335
0.00833335
0.00833335
0.00833335
0.00833335
0.00833335
0.00833335
0.00833335
0.00833335
0.00833335
0.00833335
0.00833335
0.00833335
0.00833335
0.00833335
0.00833335
0.00833335
0.00833335
0.00833335
0.00833335
0.00833335
0.00833335
0.00833335
0.00833335
0.00833335
0.00833335
0.00833335
0.00833335
0.00833335
0.00833335
0.00833335
0.00833335
0.00833335
0.00833335
0.00833335
0.00833335
0.00833335
0.00833335
0.00833335
0.00833338
0.00833354
0.00831883
0.00956482
0.00828369
0.00833348
0.00833325
0.0001
0.0001
0.0001
0.0001
0.0001
0.0001
0.0001
0.0001
0.0001
0.0001
0.0001
0.0001
0.0001
0.0001
0.0001
0.0001
0.0001
0.0001
0.0001
0.0001
0.0001
0.0001
0.0001
0.0001
0.0001
0.0001
0.0001
0.0001
0.0001
0.0001
0.0001
0.0001
0.00833335
0.00833335
0.00833335
0.00833335
0.00833335
0.00833335
0.00833335
0.00833335
0.00833335
0.00833335
0.00833335
0.00833335
0.00833335
0.00833335
0.00833335
0.00833335
0.00833335
0.00833335
0.00833335
0.00833335
0.00833335
0.00833335
0.00833335
0.00833335
0.00833335
0.00833335
0.00833335
0.00833335
0.00833335
0.00833335
0.00833335
0.00833335
0.00833335
0.00833335
0.00833335
0.00833335
0.00833335
0.00833335
0.00833335
0.00833335
0.00833335
0.00833335
0.00833335
0.00833335
0.00833335
0.00833335
0.00833335
0.00833335
0.00833335
0.00833335
0.00833335
0.00833335
0.00833335
0.00833335
0.00833335
0.00833335
0.00833335
0.00833335
0.00833327
0.00833161
0.0081085
0.0001
0.00833335
0.0001
0.0001
0.0001
0.0001
0.0001
0.0001
0.0001
0.0001
0.0001
0.0001
0.0001
0.0001
0.0001
0.0001
0.0001
0.0001
0.0001
0.0001
0.0001
0.0001
0.0001
0.0001
0.0001
0.0001
0.0001
0.0001
0.0001
0.0001
0.0001
0.0001
0.0001
0.0001
0.0001
0.00833335
0.00833335
0.00833335
0.00833335
0.00833335
0.00833335
0.00833335
0.00833335
0.00833335
0.00833335
0.00833335
0.00833335
0.00833335
0.00833335
0.00833335
0.00833335
0.00833335
0.00833335
0.00833335
0.00833335
0.00833335
0.00833335
0.00833335
0.00833335
0.00833335
0.00833335
0.00833335
0.00833335
0.00833335
0.00833335
0.00833335
0.00833335
0.00833335
0.00833335
0.00833335
0.00833335
0.00833335
0.00833335
0.00833335
0.00833335
0.00833335
0.00833335
0.00833335
0.00833335
0.00833335
0.00833335
0.00833335
0.00833335
0.00833335
0.00833335
0.00833335
0.00833335
0.00833335
0.00833335
0.00833335
0.00833335
0.00833335
0.00833334
0.00833346
0.00833296
0.00863608
0.00833334
0.0001
0.0001
0.0001
0.0001
0.0001
0.0001
0.0001
0.0001
0.0001
0.0001
0.0001
0.0001
0.0001
0.0001
0.0001
0.0001
0.0001
0.0001
0.0001
0.0001
0.0001
0.0001
0.0001
0.0001
0.0001
0.0001
0.0001
0.0001
0.0001
0.0001
0.0001
0.0001
0.0001
0.0001
0.00833335
0.00833335
0.00833335
0.00833335
0.00833335
0.00833335
0.00833335
0.00833335
0.00833335
0.00833335
0.00833335
0.00833335
0.00833335
0.00833335
0.00833335
0.00833335
0.00833335
0.00833335
0.00833335
0.00833335
0.00833335
0.00833335
0.00833335
0.00833335
0.00833335
0.00833335
0.00833335
0.00833335
0.00833335
0.00833335
0.00833335
0.00833335
0.00833335
0.00833335
0.00833335
0.00833335
0.00833335
0.00833335
0.00833335
0.00833335
0.00833335
0.00833335
0.00833335
0.00833335
0.00833335
0.00833335
0.00833335
0.00833335
0.00833335
0.00833335
0.00833335
0.00833335
0.00833335
0.00833335
0.00833335
0.00833335
0.00833335
0.00833335
0.00831945
0.00831044
0.00913376
0.00833262
0.0001
0.0001
0.0001
0.0001
0.0001
0.0001
0.0001
0.0001
0.0001
0.0001
0.0001
0.0001
0.0001
0.0001
0.0001
0.0001
0.0001
0.0001
0.0001
0.0001
0.0001
0.0001
0.0001
0.0001
0.0001
0.0001
0.0001
0.0001
0.0001
0.0001
0.0001
0.0001
0.0001
0.0001
0.00833335
0.00833335
0.00833335
0.00833335
0.00833335
0.00833335
0.00833335
0.00833335
0.00833335
0.00833335
0.00833335
0.00833335
0.00833335
0.00833335
0.00833335
0.00833335
0.00833335
0.00833335
0.00833335
0.00833335
0.00833335
0.00833335
0.00833335
0.00833335
0.00833335
0.00833335
0.00833335
0.00833335
0.00833335
0.00833335
0.00833335
0.00833335
0.00833335
0.00833335
0.00833335
0.00833335
0.00833335
0.00833335
0.00833335
0.00833335
0.00833335
0.00833335
0.00833335
0.00833335
0.00833335
0.00833335
0.00833335
0.00833335
0.00833335
0.00833335
0.00833335
0.00833335
0.00833335
0.00833335
0.00833335
0.00833335
0.00833335
0.00833298
0.0083337
0.00833303
0.00834093
0.00833259
0.00833333
0.0001
0.0001
0.0001
0.0001
0.0001
0.0001
0.0001
0.0001
0.0001
0.0001
0.0001
0.0001
0.0001
0.0001
0.0001
0.0001
0.0001
0.0001
0.0001
0.0001
0.0001
0.0001
0.0001
0.0001
0.0001
0.0001
0.0001
0.0001
0.0001
0.0001
0.0001
0.0001
0.0001
0.00833335
0.00833335
0.00833335
0.00833335
0.00833335
0.00833335
0.00833335
0.00833335
0.00833335
0.00833335
0.00833335
0.00833335
0.00833335
0.00833335
0.00833335
0.00833335
0.00833335
0.00833335
0.00833335
0.00833335
0.00833335
0.00833335
0.00833335
0.00833335
0.00833335
0.00833335
0.00833335
0.00833335
0.00833335
0.00833335
0.00833335
0.00833335
0.00833335
0.00833335
0.00833335
0.00833335
0.00833335
0.00833335
0.00833335
0.00833335
0.00833335
0.00833335
0.00833335
0.00833335
0.00833335
0.00833335
0.00833335
0.00833335
0.00833335
0.00833335
0.00833335
0.00833335
0.00833335
0.00833335
0.00833335
0.00833335
0.00833335
0.00833335
0.00833318
0.00828792
0.00914656
0.00824969
0.00833333
0.0001
0.0001
0.0001
0.0001
0.0001
0.0001
0.0001
0.0001
0.0001
0.0001
0.0001
0.0001
0.0001
0.0001
0.0001
0.0001
0.0001
0.0001
0.0001
0.0001
0.0001
0.0001
0.0001
0.0001
0.0001
0.0001
0.0001
0.0001
0.0001
0.0001
0.0001
0.0001
0.0001
0.00833335
0.00833335
0.00833335
0.00833335
0.00833335
0.00833335
0.00833335
0.00833335
0.00833335
0.00833335
0.00833335
0.00833335
0.00833335
0.00833335
0.00833335
0.00833335
0.00833335
0.00833335
0.00833335
0.00833335
0.00833335
0.00833335
0.00833335
0.00833335
0.00833335
0.00833335
0.00833335
0.00833335
0.00833335
0.00833335
0.00833335
0.00833335
0.00833335
0.00833335
0.00833335
0.00833335
0.00833335
0.00833335
0.00833335
0.00833335
0.00833335
0.00833335
0.00833335
0.00833335
0.00833335
0.00833335
0.00833335
0.00833335
0.00833335
0.00833335
0.00833335
0.00833335
0.00833335
0.00833335
0.00833335
0.00833335
0.00833335
0.00833335
0.00833339
0.00833512
0.00834932
0.00742426
0.00833333
0.0001
0.0001
0.0001
0.0001
0.0001
0.0001
0.0001
0.0001
0.0001
0.0001
0.0001
0.0001
0.0001
0.0001
0.0001
0.0001
0.0001
0.0001
0.0001
0.0001
0.0001
0.0001
0.0001
0.0001
0.0001
0.0001
0.0001
0.0001
0.0001
0.0001
0.0001
0.0001
0.0001
0.00833335
0.00833335
0.00833335
0.00833335
0.00833335
0.00833335
0.00833335
0.00833335
0.00833335
0.00833335
0.00833335
0.00833335
0.00833335
0.00833335
0.00833335
0.00833335
0.00833335
0.00833335
0.00833335
0.00833335
0.00833335
0.00833335
0.00833335
0.00833335
0.00833335
0.00833335
0.00833335
0.00833335
0.00833335
0.00833335
0.00833335
0.00833335
0.00833335
0.00833335
0.00833335
0.00833335
0.00833335
0.00833335
0.00833335
0.00833335
0.00833335
0.00833335
0.00833335
0.00833335
0.00833335
0.00833335
0.00833335
0.00833335
0.00833335
0.00833335
0.00833335
0.00833335
0.00833335
0.00833335
0.00833335
0.00833335
0.00833335
0.00833335
0.00833354
0.00833355
0.0083175
0.00933819
0.0001
0.0001
0.0001
0.0001
0.0001
0.0001
0.0001
0.0001
0.0001
0.0001
0.0001
0.0001
0.0001
0.0001
0.0001
0.0001
0.0001
0.0001
0.0001
0.0001
0.0001
0.0001
0.0001
0.0001
0.0001
0.0001
0.0001
0.0001
0.0001
0.0001
0.0001
0.0001
0.0001
0.0001
0.00833335
0.00833335
0.00833335
0.00833335
0.00833335
0.00833335
0.00833335
0.00833335
0.00833335
0.00833335
0.00833335
0.00833335
0.00833335
0.00833335
0.00833335
0.00833335
0.00833335
0.00833335
0.00833335
0.00833335
0.00833335
0.00833335
0.00833335
0.00833335
0.00833335
0.00833335
0.00833335
0.00833335
0.00833335
0.00833335
0.00833335
0.00833335
0.00833335
0.00833335
0.00833335
0.00833335
0.00833335
0.00833335
0.00833335
0.00833335
0.00833335
0.00833335
0.00833335
0.00833335
0.00833335
0.00833335
0.00833335
0.00833335
0.00833335
0.00833335
0.00833335
0.00833335
0.00833335
0.00833335
0.00833335
0.00833335
0.00833335
0.00833335
0.0083275
0.0083394
0.00837174
0.0083335
0.0001
0.0001
0.0001
0.0001
0.0001
0.0001
0.0001
0.0001
0.0001
0.0001
0.0001
0.0001
0.0001
0.0001
0.0001
0.0001
0.0001
0.0001
0.0001
0.0001
0.0001
0.0001
0.0001
0.0001
0.0001
0.0001
0.0001
0.0001
0.0001
0.0001
0.0001
0.0001
0.0001
0.0001
0.00833335
0.00833335
0.00833335
0.00833335
0.00833335
0.00833335
0.00833335
0.00833335
0.00833335
0.00833335
0.00833335
0.00833335
0.00833335
0.00833335
0.00833335
0.00833335
0.00833335
0.00833335
0.00833335
0.00833335
0.00833335
0.00833335
0.00833335
0.00833335
0.00833335
0.00833335
0.00833335
0.00833335
0.00833335
0.00833335
0.00833335
0.00833335
0.00833335
0.00833335
0.00833335
0.00833335
0.00833335
0.00833335
0.00833335
0.00833335
0.00833335
0.00833335
0.00833335
0.00833335
0.00833335
0.00833335
0.00833335
0.00833335
0.00833335
0.00833335
0.00833335
0.00833335
0.00833335
0.00833335
0.00833335
0.00833335
0.00833335
0.00833335
0.00833313
0.00833517
0.00830933
0.00833535
0.0083225
0.00833359
0.00833331
0.0001
0.0001
0.0001
0.00832946
0.0001
0.0001
0.0001
0.0001
0.0001
0.0001
0.0001
0.0001
0.0001
0.0001
0.0001
0.0001
0.0001
0.0001
0.0001
0.0001
0.0001
0.0001
0.0001
0.0001
0.0001
0.0001
0.0001
0.0001
0.0001
0.0001
0.0001
0.00833335
0.00833335
0.00833335
0.00833335
0.00833335
0.00833335
0.00833335
0.00833335
0.00833335
0.00833335
0.00833335
0.00833335
0.00833335
0.00833335
0.00833335
0.00833335
0.00833335
0.00833335
0.00833335
0.00833335
0.00833335
0.00833335
0.00833335
0.00833335
0.00833335
0.00833335
0.00833335
0.00833335
0.00833335
0.00833335
0.00833335
0.00833335
0.00833335
0.00833335
0.00833335
0.00833335
0.00833335
0.00833335
0.00833335
0.00833335
0.00833335
0.00833335
0.00833335
0.00833335
0.00833335
0.00833335
0.00833335
0.00833335
0.00833335
0.00833335
0.00833335
0.00833335
0.00833335
0.00833335
0.00833335
0.00833335
0.00833335
0.00833338
0.00833261
0.00833318
0.0083181
0.00763121
0.00828884
0.00832629
0.00832883
0.00831854
0.00813797
0.00811127
0.00260307
0.00835241
0.00833373
0.0083327
0.00828981
0.0083235
0.00830622
0.0084892
0.00834309
0.0083214
0.0001
0.0001
0.0001
0.0001
0.0001
0.0001
0.0001
0.0001
0.0001
0.0001
0.0001
0.0001
0.0001
0.0001
0.0001
0.0001
0.0001
0.0001
0.00833335
0.00833335
0.00833335
0.00833335
0.00833335
0.00833335
0.00833335
0.00833335
0.00833335
0.00833335
0.00833335
0.00833335
0.00833335
0.00833335
0.00833335
0.00833335
0.00833335
0.00833335
0.00833335
0.00833335
0.00833335
0.00833335
0.00833335
0.00833335
0.00833335
0.00833335
0.00833335
0.00833335
0.00833335
0.00833335
0.00833335
0.00833335
0.00833335
0.00833335
0.00833335
0.00833335
0.00833335
0.00833335
0.00833335
0.00833335
0.00833335
0.00833335
0.00833335
0.00833335
0.00833335
0.00833335
0.00833335
0.00833335
0.00833335
0.00833335
0.00833335
0.00833335
0.00833335
0.00833335
0.00833335
0.00833335
0.00833335
0.00833318
0.00833717
0.00832923
0.00832593
0.00833403
0.00830396
0.00835262
0.00841695
0.00827868
0.01
0.00013101
0.00079362
0.01
0.0084166
0.00841989
0.00878032
0.00793627
0.00841014
0.00844505
0.00841646
0.00962591
0.00825586
0.00833318
0.00832134
0.00833391
0.0001
0.0001
0.0001
0.0001
0.0001
0.0001
0.0001
0.0001
0.0001
0.0001
0.0001
0.0001
0.0001
0.0001
0.00833335
0.00833335
0.00833335
0.00833335
0.00833335
0.00833335
0.00833335
0.00833335
0.00833335
0.00833335
0.00833335
0.00833335
0.00833335
0.00833335
0.00833335
0.00833335
0.00833335
0.00833335
0.00833335
0.00833335
0.00833335
0.00833335
0.00833335
0.00833335
0.00833335
0.00833335
0.00833335
0.00833335
0.00833335
0.00833335
0.00833335
0.00833335
0.00833335
0.00833335
0.00833335
0.00833335
0.00833335
0.00833335
0.00833335
0.00833335
0.00833335
0.00833335
0.00833335
0.00833335
0.00833335
0.00833335
0.00833335
0.00833335
0.00833335
0.00833335
0.00833335
0.00833335
0.00833335
0.00833335
0.00833335
0.00833335
0.00833335
0.0083333
0.00832868
0.00833839
0.00833294
0.00833094
0.00824996
0.00833347
0.0086702
0.00651489
0.00593201
0.00361242
0.01
0.00818946
0.00833334
0.00821255
0.00850934
0.00838431
0.00874794
0.00793656
0.00865199
0.00877064
0.00833907
0.00750168
0.0082801
0.00825869
0.00838554
0.00833778
0.00842841
0.0001
0.0001
0.0001
0.0001
0.0001
0.0001
0.0001
0.0001
0.0001
0.0001
0.0001
0.00833335
0.00833335
0.00833335
0.00833335
0.00833335
0.00833335
0.00833335
0.00833335
0.00833335
0.00833335
0.00833335
0.00833335
0.00833335
0.00833335
0.00833335
0.00833335
0.00833335
0.00833335
0.00833335
0.00833335
0.00833335
0.00833335
0.00833335
0.00833335
0.00833335
0.00833335
0.00833335
0.00833335
0.00833335
0.00833335
0.00833335
0.00833335
0.00833335
0.00833335
0.00833335
0.00833335
0.00833335
0.00833335
0.00833335
0.00833335
0.00833335
0.00833335
0.00833335
0.00833335
0.00833335
0.00833335
0.00833335
0.00833335
0.00833335
0.00833335
0.00833335
0.00833335
0.00833335
0.00833335
0.00833335
0.00833335
0.00833335
0.00833335
0.00832688
0.00834091
0.00831706
0.0082936
0.00828973
0.00832874
0.01
0.00628196
0.00960462
0.00877865
0.00791078
0.00833318
0.00833081
0.00844388
0.0082422
0.00828482
0.00797863
0.01
0.00682378
0.00833336
0.00830099
0.00769579
0.00847673
0.00821157
0.00817666
0.01
0.00833932
0.00836389
0.0001
0.0001
0.0001
0.0001
0.0001
0.0001
0.0001
0.0001
0.0001
0.0001
0.00833335
0.00833335
0.00833335
0.00833335
0.00833335
0.00833335
0.00833335
0.00833335
0.00833335
0.00833335
0.00833335
0.00833335
0.00833335
0.00833335
0.00833335
0.00833335
0.00833335
0.00833335
0.00833335
0.00833335
0.00833335
0.00833335
0.00833335
0.00833335
0.00833335
0.00833335
0.00833335
0.00833335
0.00833335
0.00833335
0.00833335
0.00833335
0.00833335
0.00833335
0.00833335
0.00833335
0.00833335
0.00833335
0.00833335
0.00833335
0.00833335
0.00833335
0.00833335
0.00833335
0.00833335
0.00833335
0.00833335
0.00833335
0.00833335
0.00833335
0.00833335
0.00833335
0.00833335
0.00833335
0.00833335
0.00833335
0.00833335
0.00833334
0.0083335
0.00831251
0.00948207
0.00830347
0.00833324
0.00921814
0.00742496
0.00827256
0.00706044
0.00987453
0.00796133
0.00794061
0.00877325
0.0082164
0.00815992
0.00833348
0.00834315
0.00833963
0.00825089
0.00833335
0.00833302
0.00833333
0.00840742
0.00835024
0.00731126
0.00832226
0.01
0.00833561
0.00833337
0.0001
0.00833361
0.0001
0.0001
0.0001
0.0001
0.0001
0.0001
0.0001
0.00833335
0.00833335
0.00833335
0.00833335
0.00833335
0.00833335
0.00833335
0.00833335
0.00833335
0.00833335
0.00833335
0.00833335
0.00833335
0.00833335
0.00833335
0.00833335
0.00833335
0.00833335
0.00833335
0.00833335
0.00833335
0.00833335
0.00833335
0.00833335
0.00833335
0.00833335
0.00833335
0.00833335
0.00833335
0.00833335
0.00833335
0.00833335
0.00833335
0.00833335
0.00833335
0.00833335
0.00833335
0.00833335
0.00833335
0.00833335
0.00833335
0.00833335
0.00833335
0.00833335
0.00833335
0.00833335
0.00833335
0.00833335
0.00833335
0.00833335
0.00833335
0.00833335
0.00833335
0.00833335
0.00833335
0.00833335
0.00833335
0.00833335
0.00833305
0.00835697
0.00746705
0.00833335
0.00833403
0.00851087
0.00825627
0.00833618
0.00847846
0.00726642
0.00833171
0.0001
0.0001
0.00833348
0.00833334
0.00833335
0.00833334
0.0083306
0.00833414
0.00833335
0.00833335
0.00833332
0.00833338
0.00832918
0.00833775
0.00833333
0.00834461
0.0001
0.0001
0.0001
0.0001
0.0001
0.0001
0.0001
0.0001
0.0001
0.0001
0.0001
0.00833335
0.00833335
0.00833335
0.00833335
0.00833335
0.00833335
0.00833335
0.00833335
0.00833335
0.00833335
0.00833335
0.00833335
0.00833335
0.00833335
0.00833335
0.00833335
0.00833335
0.00833335
0.00833335
0.00833335
0.00833335
0.00833335
0.00833335
0.00833335
0.00833335
0.00833335
0.00833335
0.00833335
0.00833335
0.00833335
0.00833335
0.00833335
0.00833335
0.00833335
0.00833335
0.00833335
0.00833335
0.00833335
0.00833335
0.00833335
0.00833335
0.00833335
0.00833335
0.00833335
0.00833335
0.00833335
0.00833335
0.00833335
0.00833335
0.00833335
0.00833335
0.00833335
0.00833335
0.00833335
0.00833335
0.00833335
0.00833335
0.00833334
0.00833335
0.00833586
0.00835279
0.00766596
0.00831406
0.00828924
0.00813152
0.0001
0.0001
0.0001
0.0001
0.0001
0.0001
0.0001
0.0001
0.0001
0.0001
0.0001
0.0001
0.0001
0.0001
0.0001
0.0001
0.0001
0.0001
0.0001
0.0001
0.0001
0.0001
0.0001
0.0001
0.0001
0.0001
0.0001
0.0001
0.0001
0.0001
0.0001
0.00833335
0.00833335
0.00833335
0.00833335
0.00833335
0.00833335
0.00833335
0.00833335
0.00833335
0.00833335
0.00833335
0.00833335
0.00833335
0.00833335
0.00833335
0.00833335
0.00833335
0.00833335
0.00833335
0.00833335
0.00833335
0.00833335
0.00833335
0.00833335
0.00833335
0.00833335
0.00833335
0.00833335
0.00833335
0.00833335
0.00833335
0.00833335
0.00833335
0.00833335
0.00833335
0.00833335
0.00833335
0.00833335
0.00833335
0.00833335
0.00833335
0.00833335
0.00833335
0.00833335
0.00833335
0.00833335
0.00833335
0.00833335
0.00833335
0.00833335
0.00833335
0.00833335
0.00833335
0.00833335
0.00833335
0.00833335
0.00833335
0.00833322
0.00833315
0.00833334
0.00832585
0.00915855
0.0001
0.0001
0.0001
0.0001
0.0001
0.0001
0.0001
0.0001
0.0001
0.0001
0.0001
0.0001
0.0001
0.0001
0.0001
0.0001
0.0001
0.0001
0.0001
0.0001
0.0001
0.0001
0.0001
0.0001
0.0001
0.0001
0.0001
0.0001
0.0001
0.0001
0.0001
0.0001
0.0001
0.0001
0.00833335
0.00833335
0.00833335
0.00833335
0.00833335
0.00833335
0.00833335
0.00833335
0.00833335
0.00833335
0.00833335
0.00833335
0.00833335
0.00833335
0.00833335
0.00833335
0.00833335
0.00833335
0.00833335
0.00833335
0.00833335
0.00833335
0.00833335
0.00833335
0.00833335
0.00833335
0.00833335
0.00833335
0.00833335
0.00833335
0.00833335
0.00833335
0.00833335
0.00833335
0.00833335
0.00833335
0.00833335
0.00833335
0.00833335
0.00833335
0.00833335
0.00833335
0.00833335
0.00833335
0.00833335
0.00833335
0.00833335
0.00833335
0.00833335
0.00833335
0.00833335
0.00833335
0.00833335
0.00833335
0.00833335
0.00833335
0.00833335
0.00833336
0.0083239
0.00834337
0.00833799
0.00745679
0.0001
0.0001
0.0001
0.0001
0.0001
0.0001
0.0001
0.0001
0.0001
0.0001
0.0001
0.0001
0.0001
0.0001
0.0001
0.0001
0.0001
0.0001
0.0001
0.0001
0.0001
0.0001
0.0001
0.0001
0.0001
0.0001
0.0001
0.0001
0.0001
0.0001
0.0001
0.0001
0.0001
0.0001
0.00833335
0.00833335
0.00833335
0.00833335
0.00833335
0.00833335
0.00833335
0.00833335
0.00833335
0.00833335
0.00833335
0.00833335
0.00833335
0.00833335
0.00833335
0.00833335
0.00833335
0.00833335
0.00833335
0.00833335
0.00833335
0.00833335
0.00833335
0.00833335
0.00833335
0.00833335
0.00833335
0.00833335
0.00833335
0.00833335
0.00833335
0.00833335
0.00833335
0.00833335
0.00833335
0.00833335
0.00833335
0.00833335
0.00833335
0.00833335
0.00833335
0.00833335
0.00833335
0.00833335
0.00833335
0.00833335
0.00833335
0.00833335
0.00833335
0.00833335
0.00833335
0.00833335
0.00833335
0.00833335
0.00833335
0.00833335
0.00833335
0.00833332
0.0083334
0.0083339
0.00834267
0.00833375
0.0001
0.0001
0.0001
0.0001
0.0001
0.0001
0.0001
0.0001
0.0001
0.0001
0.0001
0.0001
0.0001
0.0001
0.0001
0.0001
0.0001
0.0001
0.0001
0.0001
0.0001
0.0001
0.0001
0.0001
0.0001
0.0001
0.0001
0.0001
0.0001
0.0001
0.0001
0.0001
0.0001
0.0001
0.00833335
0.00833335
0.00833335
0.00833335
0.00833335
0.00833335
0.00833335
0.00833335
0.00833335
0.00833335
0.00833335
0.00833335
0.00833335
0.00833335
0.00833335
0.00833335
0.00833335
0.00833335
0.00833335
0.00833335
0.00833335
0.00833335
0.00833335
0.00833335
0.00833335
0.00833335
0.00833335
0.00833335
0.00833335
0.00833335
0.00833335
0.00833335
0.00833335
0.00833335
0.00833335
0.00833335
0.00833335
0.00833335
0.00833335
0.00833335
0.00833335
0.00833335
0.00833335
0.00833335
0.00833335
0.00833335
0.00833335
0.00833335
0.00833335
0.00833335
0.00833335
0.00833335
0.00833335
0.00833335
0.00833335
0.00833335
0.00833335
0.00833327
0.00833316
0.00829221
0.00924599
0.00909389
0.0001
0.0001
0.0001
0.0001
0.0001
0.0001
0.0001
0.0001
0.0001
0.0001
0.0001
0.0001
0.0001
0.0001
0.0001
0.0001
0.0001
0.0001
0.0001
0.0001
0.0001
0.0001
0.0001
0.0001
0.0001
0.0001
0.0001
0.0001
0.0001
0.0001
0.0001
0.0001
0.0001
0.0001
)
;

boundaryField
{
    outlet
    {
        type            zeroGradient;
    }
    inlet
    {
        type            fixedValue;
        value           uniform 0.005;
    }
    walls
    {
        type            zeroGradient;
    }
}


// ************************************************************************* //
