/*--------------------------------*- C++ -*----------------------------------*\
| =========                 |                                                 |
| \\      /  F ield         | OpenFOAM: The Open Source CFD Toolbox           |
|  \\    /   O peration     | Version:  2.3.0                                 |
|   \\  /    A nd           | Web:      www.OpenFOAM.org                      |
|    \\/     M anipulation  |                                                 |
\*---------------------------------------------------------------------------*/
FoamFile
{
    version     2.0;
    format      ascii;
    class       volScalarField;
    location    "16";
    object      dsauter;
}
// * * * * * * * * * * * * * * * * * * * * * * * * * * * * * * * * * * * * * //

dimensions      [0 0 0 0 0 0 0];

internalField   nonuniform List<scalar> 
6144
(
0.00833335
0.00833335
0.00833335
0.00833335
0.00833335
0.00833335
0.00833335
0.00833335
0.00833335
0.00833335
0.00833335
0.00833335
0.00833335
0.00833335
0.00833335
0.00833335
0.00833335
0.00833335
0.00833335
0.00833335
0.00833335
0.00833335
0.00833335
0.00833335
0.00833335
0.00833335
0.00833335
0.00833335
0.00833335
0.00833335
0.00833335
0.00833335
0.00833335
0.00833335
0.00833335
0.00833335
0.00833335
0.00833335
0.00833335
0.00833335
0.00833335
0.00833335
0.00833335
0.00833335
0.00833335
0.00833335
0.00833335
0.00833335
0.00833335
0.00833335
0.00833335
0.00833335
0.00833335
0.00833335
0.00833335
0.00833335
0.00833335
0.00833323
0.00832264
0.0083466
0.00832522
0.00833386
0.0001
0.0001
0.0001
0.0001
0.0001
0.0001
0.0001
0.0001
0.0001
0.0001
0.0001
0.0001
0.0001
0.0001
0.0001
0.0001
0.0001
0.0001
0.0001
0.0001
0.0001
0.0001
0.0001
0.0001
0.0001
0.0001
0.0001
0.0001
0.0001
0.0001
0.0001
0.0001
0.0001
0.0001
0.00833335
0.00833335
0.00833335
0.00833335
0.00833335
0.00833335
0.00833335
0.00833335
0.00833335
0.00833335
0.00833335
0.00833335
0.00833335
0.00833335
0.00833335
0.00833335
0.00833335
0.00833335
0.00833335
0.00833335
0.00833335
0.00833335
0.00833335
0.00833335
0.00833335
0.00833335
0.00833335
0.00833335
0.00833335
0.00833335
0.00833335
0.00833335
0.00833335
0.00833335
0.00833335
0.00833335
0.00833335
0.00833335
0.00833335
0.00833335
0.00833335
0.00833335
0.00833335
0.00833335
0.00833335
0.00833335
0.00833335
0.00833335
0.00833335
0.00833335
0.00833335
0.00833335
0.00833335
0.00833335
0.00833335
0.00833335
0.00833335
0.00833314
0.00832481
0.00834315
0.0085489
0.00831914
0.0001
0.0001
0.0001
0.0001
0.0001
0.0001
0.0001
0.0001
0.0001
0.0001
0.0001
0.0001
0.0001
0.0001
0.0001
0.0001
0.0001
0.0001
0.0001
0.0001
0.0001
0.0001
0.0001
0.0001
0.0001
0.0001
0.0001
0.0001
0.0001
0.0001
0.0001
0.0001
0.0001
0.0001
0.00833335
0.00833335
0.00833335
0.00833335
0.00833335
0.00833335
0.00833335
0.00833335
0.00833335
0.00833335
0.00833335
0.00833335
0.00833335
0.00833335
0.00833335
0.00833335
0.00833335
0.00833335
0.00833335
0.00833335
0.00833335
0.00833335
0.00833335
0.00833335
0.00833335
0.00833335
0.00833335
0.00833335
0.00833335
0.00833335
0.00833335
0.00833335
0.00833335
0.00833335
0.00833335
0.00833335
0.00833335
0.00833335
0.00833335
0.00833335
0.00833335
0.00833335
0.00833335
0.00833335
0.00833335
0.00833335
0.00833335
0.00833335
0.00833335
0.00833335
0.00833335
0.00833335
0.00833335
0.00833335
0.00833335
0.00833335
0.00833335
0.00833335
0.00833376
0.00834933
0.00786975
0.0001
0.0001
0.0001
0.0001
0.0001
0.0001
0.0001
0.0001
0.0001
0.0001
0.0001
0.0001
0.0001
0.0001
0.0001
0.0001
0.0001
0.0001
0.0001
0.0001
0.0001
0.0001
0.0001
0.0001
0.0001
0.0001
0.0001
0.0001
0.0001
0.0001
0.0001
0.0001
0.0001
0.0001
0.0001
0.00833335
0.00833335
0.00833335
0.00833335
0.00833335
0.00833335
0.00833335
0.00833335
0.00833335
0.00833335
0.00833335
0.00833335
0.00833335
0.00833335
0.00833335
0.00833335
0.00833335
0.00833335
0.00833335
0.00833335
0.00833335
0.00833335
0.00833335
0.00833335
0.00833335
0.00833335
0.00833335
0.00833335
0.00833335
0.00833335
0.00833335
0.00833335
0.00833335
0.00833335
0.00833335
0.00833335
0.00833335
0.00833335
0.00833335
0.00833335
0.00833335
0.00833335
0.00833335
0.00833335
0.00833335
0.00833335
0.00833335
0.00833335
0.00833335
0.00833335
0.00833335
0.00833335
0.00833335
0.00833335
0.00833335
0.00833335
0.00833335
0.00833335
0.00832382
0.00834312
0.008362
0.0001
0.0001
0.0001
0.0001
0.0001
0.0001
0.0001
0.0001
0.0001
0.0001
0.0001
0.0001
0.0001
0.0001
0.0001
0.0001
0.0001
0.0001
0.0001
0.0001
0.0001
0.0001
0.0001
0.0001
0.0001
0.0001
0.0001
0.0001
0.0001
0.0001
0.0001
0.0001
0.0001
0.0001
0.0001
0.00833335
0.00833335
0.00833335
0.00833335
0.00833335
0.00833335
0.00833335
0.00833335
0.00833335
0.00833335
0.00833335
0.00833335
0.00833335
0.00833335
0.00833335
0.00833335
0.00833335
0.00833335
0.00833335
0.00833335
0.00833335
0.00833335
0.00833335
0.00833335
0.00833335
0.00833335
0.00833335
0.00833335
0.00833335
0.00833335
0.00833335
0.00833335
0.00833335
0.00833335
0.00833335
0.00833335
0.00833335
0.00833335
0.00833335
0.00833335
0.00833335
0.00833335
0.00833335
0.00833335
0.00833335
0.00833335
0.00833335
0.00833335
0.00833335
0.00833335
0.00833335
0.00833335
0.00833335
0.00833335
0.00833335
0.00833335
0.00833335
0.00833335
0.00833315
0.00834631
0.00729601
0.00833431
0.00833264
0.00832249
0.00832998
0.00833575
0.00833139
0.00833046
0.0001
0.00833335
0.00832565
0.00835017
0.00833315
0.0001
0.0001
0.0001
0.0001
0.0001
0.0001
0.0001
0.0001
0.0001
0.0001
0.0001
0.0001
0.0001
0.0001
0.0001
0.0001
0.0001
0.0001
0.0001
0.0001
0.0001
0.0001
0.0001
0.00833335
0.00833335
0.00833335
0.00833335
0.00833335
0.00833335
0.00833335
0.00833335
0.00833335
0.00833335
0.00833335
0.00833335
0.00833335
0.00833335
0.00833335
0.00833335
0.00833335
0.00833335
0.00833335
0.00833335
0.00833335
0.00833335
0.00833335
0.00833335
0.00833335
0.00833335
0.00833335
0.00833335
0.00833335
0.00833335
0.00833335
0.00833335
0.00833335
0.00833335
0.00833335
0.00833335
0.00833335
0.00833335
0.00833335
0.00833335
0.00833335
0.00833335
0.00833335
0.00833335
0.00833335
0.00833335
0.00833335
0.00833335
0.00833335
0.00833335
0.00833335
0.00833335
0.00833335
0.00833335
0.00833335
0.00833335
0.00833335
0.00833335
0.00833335
0.00833978
0.00730011
0.00874804
0.00833806
0.00826846
0.0085408
0.00834224
0.00832978
0.00723322
0.00939662
0.00821955
0.00806142
0.00556438
0.0064262
0.00803646
0.00845109
0.00918973
0.01
0.00838752
0.00780776
0.008335
0.0082634
0.00851448
0.0001
0.0001
0.0001
0.0001
0.0001
0.0001
0.0001
0.0001
0.0001
0.0001
0.0001
0.0001
0.0001
0.0001
0.00833335
0.00833335
0.00833335
0.00833335
0.00833335
0.00833335
0.00833335
0.00833335
0.00833335
0.00833335
0.00833335
0.00833335
0.00833335
0.00833335
0.00833335
0.00833335
0.00833335
0.00833335
0.00833335
0.00833335
0.00833335
0.00833335
0.00833335
0.00833335
0.00833335
0.00833335
0.00833335
0.00833335
0.00833335
0.00833335
0.00833335
0.00833335
0.00833335
0.00833335
0.00833335
0.00833335
0.00833335
0.00833335
0.00833335
0.00833335
0.00833335
0.00833335
0.00833335
0.00833335
0.00833335
0.00833335
0.00833335
0.00833335
0.00833335
0.00833335
0.00833335
0.00833335
0.00833335
0.00833335
0.00833335
0.00833335
0.00833335
0.0083333
0.00833383
0.00833365
0.00832784
0.00739038
0.01
0.00836304
0.00831622
0.00812011
0.01
0.00602465
0.01
0.00746572
0.00900122
0.01
0.01
0.00432691
0.01
0.01
0.00569757
0.00241365
0.00826966
0.00810926
0.00722473
0.00956235
0.00834254
0.00826893
0.00830286
0.00869545
0.00797844
0.00772169
0.00905036
0.00749889
0.00885243
0.01
0.00832632
0.0001
0.0001
0.00833335
0.00833335
0.00833335
0.00833335
0.00833335
0.00833335
0.00833335
0.00833335
0.00833335
0.00833335
0.00833335
0.00833335
0.00833335
0.00833335
0.00833335
0.00833335
0.00833335
0.00833335
0.00833335
0.00833335
0.00833335
0.00833335
0.00833335
0.00833335
0.00833335
0.00833335
0.00833335
0.00833335
0.00833335
0.00833335
0.00833335
0.00833335
0.00833335
0.00833335
0.00833335
0.00833335
0.00833335
0.00833335
0.00833335
0.00833335
0.00833335
0.00833335
0.00833335
0.00833335
0.00833335
0.00833335
0.00833335
0.00833335
0.00833335
0.00833335
0.00833335
0.00833335
0.00833335
0.00833335
0.00833335
0.00833335
0.00833335
0.00833335
0.00833344
0.00833246
0.00833392
0.00833865
0.00841188
0.00833528
0.0083246
0.00833141
0.00823869
0.00818159
0.0086573
0.00821623
0.00832167
0.00834991
0.0083333
0.00833314
0.00833362
0.00831395
0.00830706
0.00867261
0.00844569
0.00836139
0.00834256
0.00832276
0.00832889
0.00833333
0.00833277
0.00833234
0.00833638
0.00834298
0.00837804
0.00819974
0.00843581
0.00823806
0.00804704
0.00886779
0.00792129
0.00882517
0.00823744
0.00833335
0.00833335
0.00833335
0.00833335
0.00833335
0.00833335
0.00833335
0.00833335
0.00833335
0.00833335
0.00833335
0.00833335
0.00833335
0.00833335
0.00833335
0.00833335
0.00833335
0.00833335
0.00833335
0.00833335
0.00833335
0.00833335
0.00833335
0.00833335
0.00833335
0.00833335
0.00833335
0.00833335
0.00833335
0.00833335
0.00833335
0.00833335
0.00833335
0.00833335
0.00833335
0.00833335
0.00833335
0.00833335
0.00833335
0.00833335
0.00833335
0.00833335
0.00833335
0.00833335
0.00833335
0.00833335
0.00833335
0.00833335
0.00833335
0.00833335
0.00833335
0.00833335
0.00833335
0.00833335
0.00833335
0.00833335
0.00833335
0.00833331
0.00833392
0.00834274
0.00695179
0.01
0.01
0.0061445
0.00749853
0.00811896
0.00803591
0.00880526
0.00872516
0.00844685
0.00736607
0.00914027
0.00802045
0.00854824
0.0081251
0.00824936
0.00835992
0.00833234
0.01
0.00249247
0.00765236
0.01
0.00755818
0.00835815
0.0085359
0.00796645
0.00851194
0.00868517
0.00839723
0.00829003
0.00832725
0.00831253
0.00836556
0.00829679
0.00701123
0.00886911
0.00833335
0.00833335
0.00833335
0.00833335
0.00833335
0.00833335
0.00833335
0.00833335
0.00833335
0.00833335
0.00833335
0.00833335
0.00833335
0.00833335
0.00833335
0.00833335
0.00833335
0.00833335
0.00833335
0.00833335
0.00833335
0.00833335
0.00833335
0.00833335
0.00833335
0.00833335
0.00833335
0.00833335
0.00833335
0.00833335
0.00833335
0.00833335
0.00833335
0.00833335
0.00833335
0.00833335
0.00833335
0.00833335
0.00833335
0.00833335
0.00833335
0.00833335
0.00833335
0.00833335
0.00833335
0.00833335
0.00833335
0.00833335
0.00833335
0.00833335
0.00833335
0.00833335
0.00833335
0.00833335
0.00833335
0.00833335
0.00833335
0.00833335
0.00833335
0.00833623
0.00831904
0.00799908
0.00676517
0.0096432
0.0079629
0.00885043
0.00834348
0.00835595
0.00827926
0.00835798
0.00833064
0.01
0.00593364
0.00994927
0.00836429
0.00835802
0.00832303
0.00830613
0.00833336
0.0087209
0.00989147
0.00780896
0.00730569
0.00866026
0.00834075
0.01
0.01
0.01
0.01
0.00534631
0.00777249
0.00753431
0.00830586
0.00833342
0.00826672
0.00828246
0.00833335
0.00833335
0.00833335
0.00833335
0.00833335
0.00833335
0.00833335
0.00833335
0.00833335
0.00833335
0.00833335
0.00833335
0.00833335
0.00833335
0.00833335
0.00833335
0.00833335
0.00833335
0.00833335
0.00833335
0.00833335
0.00833335
0.00833335
0.00833335
0.00833335
0.00833335
0.00833335
0.00833335
0.00833335
0.00833335
0.00833335
0.00833335
0.00833335
0.00833335
0.00833335
0.00833335
0.00833335
0.00833335
0.00833335
0.00833335
0.00833335
0.00833335
0.00833335
0.00833335
0.00833335
0.00833335
0.00833335
0.00833335
0.00833335
0.00833335
0.00833335
0.00833335
0.00833335
0.00833335
0.00833335
0.00833335
0.00833335
0.00833428
0.00830611
0.00834712
0.00833057
0.00829727
0.00811556
0.00827318
0.00844864
0.00803296
0.00833328
0.00833297
0.00831358
0.00835289
0.00833331
0.00837941
0.00842076
0.00833335
0.00833335
0.00833335
0.00833335
0.0083332
0.00833314
0.00826806
0.00843482
0.00841786
0.00825238
0.00831925
0.00778761
0.0081563
0.00831591
0.01
0.00988993
0.0082352
0.00833358
0.0001
0.0001
0.0001
0.0001
0.0001
0.00833335
0.00833335
0.00833335
0.00833335
0.00833335
0.00833335
0.00833335
0.00833335
0.00833335
0.00833335
0.00833335
0.00833335
0.00833335
0.00833335
0.00833335
0.00833335
0.00833335
0.00833335
0.00833335
0.00833335
0.00833335
0.00833335
0.00833335
0.00833335
0.00833335
0.00833335
0.00833335
0.00833335
0.00833335
0.00833335
0.00833335
0.00833335
0.00833335
0.00833335
0.00833335
0.00833335
0.00833335
0.00833335
0.00833335
0.00833335
0.00833335
0.00833335
0.00833335
0.00833335
0.00833335
0.00833335
0.00833335
0.00833335
0.00833335
0.00833335
0.00833335
0.00833335
0.00833335
0.00833335
0.00833335
0.00833335
0.00833335
0.00833333
0.00833408
0.00836371
0.00832987
0.00863108
0.0001
0.0001
0.0001
0.0001
0.0001
0.0001
0.0001
0.0001
0.0001
0.0001
0.0001
0.0001
0.0001
0.0001
0.0001
0.0001
0.0001
0.0001
0.0001
0.0001
0.0001
0.0001
0.0001
0.0001
0.0001
0.0001
0.0001
0.0001
0.0001
0.0001
0.0001
0.0001
0.0001
0.0001
0.00833335
0.00833335
0.00833335
0.00833335
0.00833335
0.00833335
0.00833335
0.00833335
0.00833335
0.00833335
0.00833335
0.00833335
0.00833335
0.00833335
0.00833335
0.00833335
0.00833335
0.00833335
0.00833335
0.00833335
0.00833335
0.00833335
0.00833335
0.00833335
0.00833335
0.00833335
0.00833335
0.00833335
0.00833335
0.00833335
0.00833335
0.00833335
0.00833335
0.00833335
0.00833335
0.00833335
0.00833335
0.00833335
0.00833335
0.00833335
0.00833335
0.00833335
0.00833335
0.00833335
0.00833335
0.00833335
0.00833335
0.00833335
0.00833335
0.00833335
0.00833335
0.00833335
0.00833335
0.00833335
0.00833335
0.00833335
0.00833335
0.00833335
0.00833332
0.00833063
0.00833335
0.0001
0.0001
0.0001
0.0001
0.0001
0.0001
0.0001
0.0001
0.0001
0.0001
0.0001
0.0001
0.0001
0.0001
0.0001
0.0001
0.0001
0.0001
0.0001
0.0001
0.0001
0.0001
0.0001
0.0001
0.0001
0.0001
0.0001
0.0001
0.0001
0.0001
0.0001
0.0001
0.0001
0.0001
0.0001
0.00833335
0.00833335
0.00833335
0.00833335
0.00833335
0.00833335
0.00833335
0.00833335
0.00833335
0.00833335
0.00833335
0.00833335
0.00833335
0.00833335
0.00833335
0.00833335
0.00833335
0.00833335
0.00833335
0.00833335
0.00833335
0.00833335
0.00833335
0.00833335
0.00833335
0.00833335
0.00833335
0.00833335
0.00833335
0.00833335
0.00833335
0.00833335
0.00833335
0.00833335
0.00833335
0.00833335
0.00833335
0.00833335
0.00833335
0.00833335
0.00833335
0.00833335
0.00833335
0.00833335
0.00833335
0.00833335
0.00833335
0.00833335
0.00833335
0.00833335
0.00833335
0.00833335
0.00833335
0.00833335
0.00833335
0.00833335
0.00833335
0.00833335
0.00833335
0.0083227
0.00833335
0.00833332
0.0001
0.0001
0.0001
0.0001
0.0001
0.0001
0.0001
0.0001
0.0001
0.0001
0.0001
0.0001
0.0001
0.0001
0.0001
0.0001
0.0001
0.0001
0.0001
0.0001
0.0001
0.0001
0.0001
0.0001
0.0001
0.0001
0.0001
0.0001
0.0001
0.0001
0.0001
0.0001
0.0001
0.0001
0.00833335
0.00833335
0.00833335
0.00833335
0.00833335
0.00833335
0.00833335
0.00833335
0.00833335
0.00833335
0.00833335
0.00833335
0.00833335
0.00833335
0.00833335
0.00833335
0.00833335
0.00833335
0.00833335
0.00833335
0.00833335
0.00833335
0.00833335
0.00833335
0.00833335
0.00833335
0.00833335
0.00833335
0.00833335
0.00833335
0.00833335
0.00833335
0.00833335
0.00833335
0.00833335
0.00833335
0.00833335
0.00833335
0.00833335
0.00833335
0.00833335
0.00833335
0.00833335
0.00833335
0.00833335
0.00833335
0.00833335
0.00833335
0.00833335
0.00833335
0.00833335
0.00833335
0.00833335
0.00833335
0.00833335
0.00833335
0.00833335
0.00833335
0.00833254
0.00829668
0.00899872
0.00745596
0.0001
0.0001
0.0001
0.0001
0.0001
0.0001
0.0001
0.0001
0.0001
0.0001
0.0001
0.0001
0.0001
0.0001
0.0001
0.0001
0.0001
0.0001
0.0001
0.0001
0.0001
0.0001
0.0001
0.0001
0.0001
0.0001
0.0001
0.0001
0.0001
0.0001
0.0001
0.0001
0.0001
0.0001
0.00833335
0.00833335
0.00833335
0.00833335
0.00833335
0.00833335
0.00833335
0.00833335
0.00833335
0.00833335
0.00833335
0.00833335
0.00833335
0.00833335
0.00833335
0.00833335
0.00833335
0.00833335
0.00833335
0.00833335
0.00833335
0.00833335
0.00833335
0.00833335
0.00833335
0.00833335
0.00833335
0.00833335
0.00833335
0.00833335
0.00833335
0.00833335
0.00833335
0.00833335
0.00833335
0.00833335
0.00833335
0.00833335
0.00833335
0.00833335
0.00833335
0.00833335
0.00833335
0.00833335
0.00833335
0.00833335
0.00833335
0.00833335
0.00833335
0.00833335
0.00833335
0.00833335
0.00833335
0.00833335
0.00833335
0.00833335
0.00833335
0.00833333
0.00832701
0.00833999
0.00833986
0.00833271
0.00830926
0.0001
0.0001
0.0001
0.0001
0.0001
0.0001
0.0001
0.0001
0.0001
0.0001
0.0001
0.0001
0.0001
0.0001
0.0001
0.0001
0.0001
0.0001
0.0001
0.0001
0.0001
0.0001
0.0001
0.0001
0.0001
0.0001
0.0001
0.0001
0.0001
0.0001
0.0001
0.0001
0.0001
0.00833335
0.00833335
0.00833335
0.00833335
0.00833335
0.00833335
0.00833335
0.00833335
0.00833335
0.00833335
0.00833335
0.00833335
0.00833335
0.00833335
0.00833335
0.00833335
0.00833335
0.00833335
0.00833335
0.00833335
0.00833335
0.00833335
0.00833335
0.00833335
0.00833335
0.00833335
0.00833335
0.00833335
0.00833335
0.00833335
0.00833335
0.00833335
0.00833335
0.00833335
0.00833335
0.00833335
0.00833335
0.00833335
0.00833335
0.00833335
0.00833335
0.00833335
0.00833335
0.00833335
0.00833335
0.00833335
0.00833335
0.00833335
0.00833335
0.00833335
0.00833335
0.00833335
0.00833335
0.00833335
0.00833335
0.00833335
0.00833335
0.00833295
0.00833359
0.00833208
0.00833353
0.00833323
0.00833334
0.0001
0.0001
0.0001
0.0001
0.0001
0.0001
0.0001
0.0001
0.0001
0.0001
0.0001
0.0001
0.0001
0.0001
0.0001
0.0001
0.0001
0.0001
0.0001
0.0001
0.0001
0.0001
0.0001
0.0001
0.0001
0.0001
0.0001
0.0001
0.0001
0.0001
0.0001
0.0001
0.0001
0.00833335
0.00833335
0.00833335
0.00833335
0.00833335
0.00833335
0.00833335
0.00833335
0.00833335
0.00833335
0.00833335
0.00833335
0.00833335
0.00833335
0.00833335
0.00833335
0.00833335
0.00833335
0.00833335
0.00833335
0.00833335
0.00833335
0.00833335
0.00833335
0.00833335
0.00833335
0.00833335
0.00833335
0.00833335
0.00833335
0.00833335
0.00833335
0.00833335
0.00833335
0.00833335
0.00833335
0.00833335
0.00833335
0.00833335
0.00833335
0.00833335
0.00833335
0.00833335
0.00833335
0.00833335
0.00833335
0.00833335
0.00833335
0.00833335
0.00833335
0.00833335
0.00833335
0.00833335
0.00833335
0.00833335
0.00833335
0.00833335
0.00833334
0.00833348
0.00833354
0.00847661
0.00831621
0.0001
0.0001
0.0001
0.0001
0.0001
0.0001
0.0001
0.0001
0.0001
0.0001
0.0001
0.0001
0.0001
0.0001
0.0001
0.0001
0.0001
0.0001
0.0001
0.0001
0.0001
0.0001
0.0001
0.0001
0.0001
0.0001
0.0001
0.0001
0.0001
0.0001
0.0001
0.0001
0.0001
0.0001
0.00833335
0.00833335
0.00833335
0.00833335
0.00833335
0.00833335
0.00833335
0.00833335
0.00833335
0.00833335
0.00833335
0.00833335
0.00833335
0.00833335
0.00833335
0.00833335
0.00833335
0.00833335
0.00833335
0.00833335
0.00833335
0.00833335
0.00833335
0.00833335
0.00833335
0.00833335
0.00833335
0.00833335
0.00833335
0.00833335
0.00833335
0.00833335
0.00833335
0.00833335
0.00833335
0.00833335
0.00833335
0.00833335
0.00833335
0.00833335
0.00833335
0.00833335
0.00833335
0.00833335
0.00833335
0.00833335
0.00833335
0.00833335
0.00833335
0.00833335
0.00833335
0.00833335
0.00833335
0.00833335
0.00833335
0.00833335
0.00833335
0.00833335
0.00833866
0.00832758
0.00825418
0.0001
0.0001
0.0001
0.0001
0.0001
0.0001
0.0001
0.0001
0.0001
0.0001
0.0001
0.0001
0.0001
0.0001
0.0001
0.0001
0.0001
0.0001
0.0001
0.0001
0.0001
0.0001
0.0001
0.0001
0.0001
0.0001
0.0001
0.0001
0.0001
0.0001
0.0001
0.0001
0.0001
0.0001
0.0001
0.00833335
0.00833335
0.00833335
0.00833335
0.00833335
0.00833335
0.00833335
0.00833335
0.00833335
0.00833335
0.00833335
0.00833335
0.00833335
0.00833335
0.00833335
0.00833335
0.00833335
0.00833335
0.00833335
0.00833335
0.00833335
0.00833335
0.00833335
0.00833335
0.00833335
0.00833335
0.00833335
0.00833335
0.00833335
0.00833335
0.00833335
0.00833335
0.00833335
0.00833335
0.00833335
0.00833335
0.00833335
0.00833335
0.00833335
0.00833335
0.00833335
0.00833335
0.00833335
0.00833335
0.00833335
0.00833335
0.00833335
0.00833335
0.00833335
0.00833335
0.00833335
0.00833335
0.00833335
0.00833335
0.00833335
0.00833335
0.00833335
0.00833335
0.00833331
0.00835041
0.00807355
0.0001
0.00831853
0.0001
0.0001
0.0001
0.0001
0.0001
0.0001
0.0001
0.0001
0.0001
0.0001
0.0001
0.0001
0.0001
0.0001
0.0001
0.0001
0.0001
0.0001
0.0001
0.0001
0.0001
0.0001
0.0001
0.0001
0.0001
0.0001
0.0001
0.0001
0.0001
0.0001
0.0001
0.0001
0.0001
0.00833335
0.00833335
0.00833335
0.00833335
0.00833335
0.00833335
0.00833335
0.00833335
0.00833335
0.00833335
0.00833335
0.00833335
0.00833335
0.00833335
0.00833335
0.00833335
0.00833335
0.00833335
0.00833335
0.00833335
0.00833335
0.00833335
0.00833335
0.00833335
0.00833335
0.00833335
0.00833335
0.00833335
0.00833335
0.00833335
0.00833335
0.00833335
0.00833335
0.00833335
0.00833335
0.00833335
0.00833335
0.00833335
0.00833335
0.00833335
0.00833335
0.00833335
0.00833335
0.00833335
0.00833335
0.00833335
0.00833335
0.00833335
0.00833335
0.00833335
0.00833335
0.00833335
0.00833335
0.00833335
0.00833335
0.00833335
0.00833335
0.00833335
0.00833335
0.0083452
0.0073273
0.01
0.00826294
0.01
0.00938102
0.00832618
0.00860214
0.00840181
0.0083257
0.00832329
0.0078416
0.00831705
0.01
0.01
0.00833049
0.00827027
0.00832955
0.00833203
0.00830522
0.0001
0.0001
0.0001
0.0001
0.0001
0.0001
0.0001
0.0001
0.0001
0.0001
0.0001
0.0001
0.0001
0.0001
0.0001
0.0001
0.0001
0.00833335
0.00833335
0.00833335
0.00833335
0.00833335
0.00833335
0.00833335
0.00833335
0.00833335
0.00833335
0.00833335
0.00833335
0.00833335
0.00833335
0.00833335
0.00833335
0.00833335
0.00833335
0.00833335
0.00833335
0.00833335
0.00833335
0.00833335
0.00833335
0.00833335
0.00833335
0.00833335
0.00833335
0.00833335
0.00833335
0.00833335
0.00833335
0.00833335
0.00833335
0.00833335
0.00833335
0.00833335
0.00833335
0.00833335
0.00833335
0.00833335
0.00833335
0.00833335
0.00833335
0.00833335
0.00833335
0.00833335
0.00833335
0.00833335
0.00833335
0.00833335
0.00833335
0.00833335
0.00833335
0.00833335
0.00833335
0.00833335
0.00833335
0.00833338
0.00832488
0.00970002
0.00851496
0.00824457
0.000843383
0.000505264
0.00852973
0.00963218
0.00710932
0.00835036
0.00838419
0.00830183
0.00686506
0.0091547
0.00828444
0.00836697
0.00434752
0.01
0.00954556
0.00733679
0.00828124
0.00651869
0.00819182
0.01
0.00826463
0.0085531
0.00826159
0.00831076
0.00833123
0.00833579
0.00834399
0.00833092
0.0001
0.0001
0.0001
0.0001
0.0001
0.00833335
0.00833335
0.00833335
0.00833335
0.00833335
0.00833335
0.00833335
0.00833335
0.00833335
0.00833335
0.00833335
0.00833335
0.00833335
0.00833335
0.00833335
0.00833335
0.00833335
0.00833335
0.00833335
0.00833335
0.00833335
0.00833335
0.00833335
0.00833335
0.00833335
0.00833335
0.00833335
0.00833335
0.00833335
0.00833335
0.00833335
0.00833335
0.00833335
0.00833335
0.00833335
0.00833335
0.00833335
0.00833335
0.00833335
0.00833335
0.00833335
0.00833335
0.00833335
0.00833335
0.00833335
0.00833335
0.00833335
0.00833335
0.00833335
0.00833335
0.00833335
0.00833335
0.00833335
0.00833335
0.00833335
0.00833335
0.00833335
0.00833338
0.00833333
0.00830329
0.00936549
0.00836583
0.00862883
0.00995197
0.00800702
0.00833722
0.00840751
0.00826269
0.00808994
0.00880876
0.00822449
0.00843448
0.00827039
0.00776866
0.0089097
0.0083101
0.00835416
0.00838219
0.00838313
0.00537866
0.01
0.01
0.01
0.00478894
0.00685649
0.0083333
0.0079931
0.00847572
0.00922987
0.00704235
0.01
0.00369807
0.00833323
0.00839318
0.00833503
0.00833341
0.00833335
0.00833335
0.00833335
0.00833335
0.00833335
0.00833335
0.00833335
0.00833335
0.00833335
0.00833335
0.00833335
0.00833335
0.00833335
0.00833335
0.00833335
0.00833335
0.00833335
0.00833335
0.00833335
0.00833335
0.00833335
0.00833335
0.00833335
0.00833335
0.00833335
0.00833335
0.00833335
0.00833335
0.00833335
0.00833335
0.00833335
0.00833335
0.00833335
0.00833335
0.00833335
0.00833335
0.00833335
0.00833335
0.00833335
0.00833335
0.00833335
0.00833335
0.00833335
0.00833335
0.00833335
0.00833335
0.00833335
0.00833335
0.00833335
0.00833335
0.00833335
0.00833335
0.00833335
0.00833335
0.00833335
0.00833335
0.00833335
0.00833328
0.00833338
0.00829877
0.00908657
0.00855316
0.00794298
0.0085161
0.00801781
0.00843688
0.00318412
0.01
0.00695347
0.00900423
0.00862892
0.0085629
0.00825102
0.00839958
0.00861621
0.00826113
0.00833293
0.00832715
0.00832932
0.00833152
0.00825289
0.00783428
0.00838209
0.00838403
0.00828818
0.00833318
0.00832003
0.00828198
0.00845702
0.00828487
0.0083442
0.0083388
0.00843282
0.00817323
0.00836347
0.00833323
0.00833335
0.00833335
0.00833335
0.00833335
0.00833335
0.00833335
0.00833335
0.00833335
0.00833335
0.00833335
0.00833335
0.00833335
0.00833335
0.00833335
0.00833335
0.00833335
0.00833335
0.00833335
0.00833335
0.00833335
0.00833335
0.00833335
0.00833335
0.00833335
0.00833335
0.00833335
0.00833335
0.00833335
0.00833335
0.00833335
0.00833335
0.00833335
0.00833335
0.00833335
0.00833335
0.00833335
0.00833335
0.00833335
0.00833335
0.00833335
0.00833335
0.00833335
0.00833335
0.00833335
0.00833335
0.00833335
0.00833335
0.00833335
0.00833335
0.00833335
0.00833335
0.00833335
0.00833335
0.00833335
0.00833335
0.00833335
0.00833335
0.00833335
0.00833329
0.00831743
0.00812346
0.00851949
0.00777942
0.00841268
0.00813527
0.00777843
0.00831766
0.0083294
0.00830746
0.0083403
0.00824975
0.00911117
0.00757535
0.0079569
0.00731796
0.00833365
0.00986948
0.00670701
0.00838777
0.00833205
0.00833659
0.00835114
0.00834267
0.00833175
0.0082434
0.00804638
0.00862902
0.00824186
0.0084701
0.00831604
0.00839962
0.00827619
0.00834484
0.00833335
0.00833555
0.00833286
0.00833335
0.00833335
0.00833335
0.00833335
0.00833335
0.00833335
0.00833335
0.00833335
0.00833335
0.00833335
0.00833335
0.00833335
0.00833335
0.00833335
0.00833335
0.00833335
0.00833335
0.00833335
0.00833335
0.00833335
0.00833335
0.00833335
0.00833335
0.00833335
0.00833335
0.00833335
0.00833335
0.00833335
0.00833335
0.00833335
0.00833335
0.00833335
0.00833335
0.00833335
0.00833335
0.00833335
0.00833335
0.00833335
0.00833335
0.00833335
0.00833335
0.00833335
0.00833335
0.00833335
0.00833335
0.00833335
0.00833335
0.00833335
0.00833335
0.00833335
0.00833335
0.00833335
0.00833335
0.00833335
0.00833335
0.00833335
0.00833335
0.00833335
0.00833338
0.0083286
0.00845304
0.00820464
0.00828726
0.00844007
0.00834411
0.00858421
0.00749319
0.00817809
0.00876805
0.00176071
0.00878503
0.01
0.01
0.000963148
0.00385093
0.00974526
0.00828032
0.00902334
0.00838135
0.00864523
0.00810778
0.00816034
0.00898198
0.00834814
0.00833857
0.00835071
0.00812425
0.00568521
0.00881628
0.00836293
0.00575064
0.0053627
0.00833305
0.00834908
0.00839215
0.00833445
0.00833335
0.00833335
0.00833335
0.00833335
0.00833335
0.00833335
0.00833335
0.00833335
0.00833335
0.00833335
0.00833335
0.00833335
0.00833335
0.00833335
0.00833335
0.00833335
0.00833335
0.00833335
0.00833335
0.00833335
0.00833335
0.00833335
0.00833335
0.00833335
0.00833335
0.00833335
0.00833335
0.00833335
0.00833335
0.00833335
0.00833335
0.00833335
0.00833335
0.00833335
0.00833335
0.00833335
0.00833335
0.00833335
0.00833335
0.00833335
0.00833335
0.00833335
0.00833335
0.00833335
0.00833335
0.00833335
0.00833335
0.00833335
0.00833335
0.00833335
0.00833335
0.00833335
0.00833335
0.00833335
0.00833335
0.00833335
0.00833335
0.00833332
0.00833249
0.00833343
0.00870862
0.00833033
0.00842635
0.00833326
0.00803938
0.00833521
0.00835216
0.00833593
0.00832394
0.00832691
0.00860616
0.0083464
0.00839957
0.00833334
0.0001
0.0001
0.00833335
0.00833333
0.00833552
0.00834381
0.00833825
0.00832144
0.0001
0.0001
0.00833348
0.00833329
0.0083379
0.0001
0.0001
0.0001
0.0001
0.0001
0.0001
0.0001
0.0001
0.0001
0.00833335
0.00833335
0.00833335
0.00833335
0.00833335
0.00833335
0.00833335
0.00833335
0.00833335
0.00833335
0.00833335
0.00833335
0.00833335
0.00833335
0.00833335
0.00833335
0.00833335
0.00833335
0.00833335
0.00833335
0.00833335
0.00833335
0.00833335
0.00833335
0.00833335
0.00833335
0.00833335
0.00833335
0.00833335
0.00833335
0.00833335
0.00833335
0.00833335
0.00833335
0.00833335
0.00833335
0.00833335
0.00833335
0.00833335
0.00833335
0.00833335
0.00833335
0.00833335
0.00833335
0.00833335
0.00833335
0.00833335
0.00833335
0.00833335
0.00833335
0.00833335
0.00833335
0.00833335
0.00833335
0.00833335
0.00833335
0.00833335
0.00833335
0.00833778
0.00832953
0.00828866
0.0001
0.0083334
0.0001
0.0001
0.0001
0.0001
0.0001
0.0001
0.0001
0.0001
0.0001
0.0001
0.0001
0.0001
0.0001
0.0001
0.0001
0.0001
0.0001
0.0001
0.0001
0.0001
0.0001
0.0001
0.0001
0.0001
0.0001
0.0001
0.0001
0.0001
0.0001
0.0001
0.0001
0.0001
0.0001
0.00833335
0.00833335
0.00833335
0.00833335
0.00833335
0.00833335
0.00833335
0.00833335
0.00833335
0.00833335
0.00833335
0.00833335
0.00833335
0.00833335
0.00833335
0.00833335
0.00833335
0.00833335
0.00833335
0.00833335
0.00833335
0.00833335
0.00833335
0.00833335
0.00833335
0.00833335
0.00833335
0.00833335
0.00833335
0.00833335
0.00833335
0.00833335
0.00833335
0.00833335
0.00833335
0.00833335
0.00833335
0.00833335
0.00833335
0.00833335
0.00833335
0.00833335
0.00833335
0.00833335
0.00833335
0.00833335
0.00833335
0.00833335
0.00833335
0.00833335
0.00833335
0.00833335
0.00833335
0.00833335
0.00833335
0.00833335
0.00833335
0.00833335
0.00833328
0.00831772
0.00851994
0.0001
0.0001
0.0001
0.0001
0.0001
0.0001
0.0001
0.0001
0.0001
0.0001
0.0001
0.0001
0.0001
0.0001
0.0001
0.0001
0.0001
0.0001
0.0001
0.0001
0.0001
0.0001
0.0001
0.0001
0.0001
0.0001
0.0001
0.0001
0.0001
0.0001
0.0001
0.0001
0.0001
0.0001
0.0001
0.00833335
0.00833335
0.00833335
0.00833335
0.00833335
0.00833335
0.00833335
0.00833335
0.00833335
0.00833335
0.00833335
0.00833335
0.00833335
0.00833335
0.00833335
0.00833335
0.00833335
0.00833335
0.00833335
0.00833335
0.00833335
0.00833335
0.00833335
0.00833335
0.00833335
0.00833335
0.00833335
0.00833335
0.00833335
0.00833335
0.00833335
0.00833335
0.00833335
0.00833335
0.00833335
0.00833335
0.00833335
0.00833335
0.00833335
0.00833335
0.00833335
0.00833335
0.00833335
0.00833335
0.00833335
0.00833335
0.00833335
0.00833335
0.00833335
0.00833335
0.00833335
0.00833335
0.00833335
0.00833335
0.00833335
0.00833335
0.00833335
0.00833335
0.00833369
0.00834547
0.00813678
0.0001
0.0001
0.0001
0.0001
0.0001
0.0001
0.0001
0.0001
0.0001
0.0001
0.0001
0.0001
0.0001
0.0001
0.0001
0.0001
0.0001
0.0001
0.0001
0.0001
0.0001
0.0001
0.0001
0.0001
0.0001
0.0001
0.0001
0.0001
0.0001
0.0001
0.0001
0.0001
0.0001
0.0001
0.0001
0.00833335
0.00833335
0.00833335
0.00833335
0.00833335
0.00833335
0.00833335
0.00833335
0.00833335
0.00833335
0.00833335
0.00833335
0.00833335
0.00833335
0.00833335
0.00833335
0.00833335
0.00833335
0.00833335
0.00833335
0.00833335
0.00833335
0.00833335
0.00833335
0.00833335
0.00833335
0.00833335
0.00833335
0.00833335
0.00833335
0.00833335
0.00833335
0.00833335
0.00833335
0.00833335
0.00833335
0.00833335
0.00833335
0.00833335
0.00833335
0.00833335
0.00833335
0.00833335
0.00833335
0.00833335
0.00833335
0.00833335
0.00833335
0.00833335
0.00833335
0.00833335
0.00833335
0.00833335
0.00833335
0.00833335
0.00833335
0.00833335
0.00833312
0.00831924
0.00839504
0.00779042
0.00833334
0.0001
0.0001
0.0001
0.0001
0.0001
0.0001
0.0001
0.0001
0.0001
0.0001
0.0001
0.0001
0.0001
0.0001
0.0001
0.0001
0.0001
0.0001
0.0001
0.0001
0.0001
0.0001
0.0001
0.0001
0.0001
0.0001
0.0001
0.0001
0.0001
0.0001
0.0001
0.0001
0.0001
0.0001
0.00833335
0.00833335
0.00833335
0.00833335
0.00833335
0.00833335
0.00833335
0.00833335
0.00833335
0.00833335
0.00833335
0.00833335
0.00833335
0.00833335
0.00833335
0.00833335
0.00833335
0.00833335
0.00833335
0.00833335
0.00833335
0.00833335
0.00833335
0.00833335
0.00833335
0.00833335
0.00833335
0.00833335
0.00833335
0.00833335
0.00833335
0.00833335
0.00833335
0.00833335
0.00833335
0.00833335
0.00833335
0.00833335
0.00833335
0.00833335
0.00833335
0.00833335
0.00833335
0.00833335
0.00833335
0.00833335
0.00833335
0.00833335
0.00833335
0.00833335
0.00833335
0.00833335
0.00833335
0.00833335
0.00833335
0.00833335
0.00833335
0.00833335
0.0083334
0.00833356
0.00833324
0.00833318
0.00838674
0.0001
0.0001
0.0001
0.0001
0.0001
0.0001
0.0001
0.0001
0.0001
0.0001
0.0001
0.0001
0.0001
0.0001
0.0001
0.0001
0.0001
0.0001
0.0001
0.0001
0.0001
0.0001
0.0001
0.0001
0.0001
0.0001
0.0001
0.0001
0.0001
0.0001
0.0001
0.0001
0.0001
0.00833335
0.00833335
0.00833335
0.00833335
0.00833335
0.00833335
0.00833335
0.00833335
0.00833335
0.00833335
0.00833335
0.00833335
0.00833335
0.00833335
0.00833335
0.00833335
0.00833335
0.00833335
0.00833335
0.00833335
0.00833335
0.00833335
0.00833335
0.00833335
0.00833335
0.00833335
0.00833335
0.00833335
0.00833335
0.00833335
0.00833335
0.00833335
0.00833335
0.00833335
0.00833335
0.00833335
0.00833335
0.00833335
0.00833335
0.00833335
0.00833335
0.00833335
0.00833335
0.00833335
0.00833335
0.00833335
0.00833335
0.00833335
0.00833335
0.00833335
0.00833335
0.00833335
0.00833335
0.00833335
0.00833335
0.00833335
0.00833335
0.00833335
0.00833339
0.0083333
0.00832618
0.00947455
0.00833334
0.0001
0.0001
0.0001
0.0001
0.0001
0.0001
0.0001
0.0001
0.0001
0.0001
0.0001
0.0001
0.0001
0.0001
0.0001
0.0001
0.0001
0.0001
0.0001
0.0001
0.0001
0.0001
0.0001
0.0001
0.0001
0.0001
0.0001
0.0001
0.0001
0.0001
0.0001
0.0001
0.0001
0.00833335
0.00833335
0.00833335
0.00833335
0.00833335
0.00833335
0.00833335
0.00833335
0.00833335
0.00833335
0.00833335
0.00833335
0.00833335
0.00833335
0.00833335
0.00833335
0.00833335
0.00833335
0.00833335
0.00833335
0.00833335
0.00833335
0.00833335
0.00833335
0.00833335
0.00833335
0.00833335
0.00833335
0.00833335
0.00833335
0.00833335
0.00833335
0.00833335
0.00833335
0.00833335
0.00833335
0.00833335
0.00833335
0.00833335
0.00833335
0.00833335
0.00833335
0.00833335
0.00833335
0.00833335
0.00833335
0.00833335
0.00833335
0.00833335
0.00833335
0.00833335
0.00833335
0.00833335
0.00833335
0.00833335
0.00833335
0.00833335
0.00833335
0.00833327
0.00833531
0.00833485
0.00737827
0.0001
0.0001
0.0001
0.0001
0.0001
0.0001
0.0001
0.0001
0.0001
0.0001
0.0001
0.0001
0.0001
0.0001
0.0001
0.0001
0.0001
0.0001
0.0001
0.0001
0.0001
0.0001
0.0001
0.0001
0.0001
0.0001
0.0001
0.0001
0.0001
0.0001
0.0001
0.0001
0.0001
0.0001
0.00833335
0.00833335
0.00833335
0.00833335
0.00833335
0.00833335
0.00833335
0.00833335
0.00833335
0.00833335
0.00833335
0.00833335
0.00833335
0.00833335
0.00833335
0.00833335
0.00833335
0.00833335
0.00833335
0.00833335
0.00833335
0.00833335
0.00833335
0.00833335
0.00833335
0.00833335
0.00833335
0.00833335
0.00833335
0.00833335
0.00833335
0.00833335
0.00833335
0.00833335
0.00833335
0.00833335
0.00833335
0.00833335
0.00833335
0.00833335
0.00833335
0.00833335
0.00833335
0.00833335
0.00833335
0.00833335
0.00833335
0.00833335
0.00833335
0.00833335
0.00833335
0.00833335
0.00833335
0.00833335
0.00833335
0.00833335
0.00833335
0.00833335
0.00833345
0.00833123
0.00827409
0.00753977
0.0001
0.0001
0.0001
0.0001
0.0001
0.0001
0.0001
0.0001
0.0001
0.0001
0.0001
0.0001
0.0001
0.0001
0.0001
0.0001
0.0001
0.0001
0.0001
0.0001
0.0001
0.0001
0.0001
0.0001
0.0001
0.0001
0.0001
0.0001
0.0001
0.0001
0.0001
0.0001
0.0001
0.0001
0.00833335
0.00833335
0.00833335
0.00833335
0.00833335
0.00833335
0.00833335
0.00833335
0.00833335
0.00833335
0.00833335
0.00833335
0.00833335
0.00833335
0.00833335
0.00833335
0.00833335
0.00833335
0.00833335
0.00833335
0.00833335
0.00833335
0.00833335
0.00833335
0.00833335
0.00833335
0.00833335
0.00833335
0.00833335
0.00833335
0.00833335
0.00833335
0.00833335
0.00833335
0.00833335
0.00833335
0.00833335
0.00833335
0.00833335
0.00833335
0.00833335
0.00833335
0.00833335
0.00833335
0.00833335
0.00833335
0.00833335
0.00833335
0.00833335
0.00833335
0.00833335
0.00833335
0.00833335
0.00833335
0.00833335
0.00833335
0.00833335
0.00833335
0.00833314
0.0083333
0.00830273
0.00833852
0.00833339
0.00833406
0.0001
0.0001
0.0001
0.0001
0.0001
0.0001
0.0001
0.0001
0.0001
0.0001
0.0001
0.0001
0.0001
0.0001
0.0001
0.0001
0.0001
0.0001
0.0001
0.0001
0.0001
0.0001
0.0001
0.0001
0.0001
0.0001
0.0001
0.0001
0.0001
0.0001
0.0001
0.0001
0.00833335
0.00833335
0.00833335
0.00833335
0.00833335
0.00833335
0.00833335
0.00833335
0.00833335
0.00833335
0.00833335
0.00833335
0.00833335
0.00833335
0.00833335
0.00833335
0.00833335
0.00833335
0.00833335
0.00833335
0.00833335
0.00833335
0.00833335
0.00833335
0.00833335
0.00833335
0.00833335
0.00833335
0.00833335
0.00833335
0.00833335
0.00833335
0.00833335
0.00833335
0.00833335
0.00833335
0.00833335
0.00833335
0.00833335
0.00833335
0.00833335
0.00833335
0.00833335
0.00833335
0.00833335
0.00833335
0.00833335
0.00833335
0.00833335
0.00833335
0.00833335
0.00833335
0.00833335
0.00833335
0.00833335
0.00833335
0.00833335
0.00833335
0.00833328
0.0083343
0.00833059
0.00869444
0.00833884
0.01
0.00595165
0.00804761
0.00832864
0.0083333
0.0083329
0.00833358
0.00833408
0.00833252
0.00832677
0.0001
0.0001
0.0001
0.0001
0.0001
0.0001
0.0001
0.0001
0.0001
0.0001
0.0001
0.0001
0.0001
0.0001
0.0001
0.0001
0.0001
0.0001
0.0001
0.0001
0.0001
0.0001
0.0001
0.00833335
0.00833335
0.00833335
0.00833335
0.00833335
0.00833335
0.00833335
0.00833335
0.00833335
0.00833335
0.00833335
0.00833335
0.00833335
0.00833335
0.00833335
0.00833335
0.00833335
0.00833335
0.00833335
0.00833335
0.00833335
0.00833335
0.00833335
0.00833335
0.00833335
0.00833335
0.00833335
0.00833335
0.00833335
0.00833335
0.00833335
0.00833335
0.00833335
0.00833335
0.00833335
0.00833335
0.00833335
0.00833335
0.00833335
0.00833335
0.00833335
0.00833335
0.00833335
0.00833335
0.00833335
0.00833335
0.00833335
0.00833335
0.00833335
0.00833335
0.00833335
0.00833335
0.00833335
0.00833335
0.00833335
0.00833335
0.00833335
0.00833335
0.00834861
0.00831979
0.00841461
0.00554231
0.00842418
0.00746794
0.00937067
0.00830702
0.0080884
0.00850625
0.00815152
0.00833441
0.00833367
0.00826391
0.00682526
0.00766941
0.00833582
0.00824461
0.00845545
0.00833507
0.00832584
0.00833374
0.0001
0.0001
0.0001
0.0001
0.00833598
0.0001
0.0001
0.0001
0.0001
0.0001
0.0001
0.0001
0.0001
0.0001
0.0001
0.0001
0.00833335
0.00833335
0.00833335
0.00833335
0.00833335
0.00833335
0.00833335
0.00833335
0.00833335
0.00833335
0.00833335
0.00833335
0.00833335
0.00833335
0.00833335
0.00833335
0.00833335
0.00833335
0.00833335
0.00833335
0.00833335
0.00833335
0.00833335
0.00833335
0.00833335
0.00833335
0.00833335
0.00833335
0.00833335
0.00833335
0.00833335
0.00833335
0.00833335
0.00833335
0.00833335
0.00833335
0.00833335
0.00833335
0.00833335
0.00833335
0.00833335
0.00833335
0.00833335
0.00833335
0.00833335
0.00833335
0.00833335
0.00833335
0.00833335
0.00833335
0.00833335
0.00833335
0.00833335
0.00833335
0.00833335
0.00833335
0.00833335
0.00833335
0.00833337
0.00833306
0.00825949
0.00832764
0.00826962
0.00833996
0.00831557
0.00709137
0.00918006
0.00910269
0.00833335
0.00833364
0.00875498
0.00763081
0.00825459
0.00825365
0.0081101
0.00870928
0.00871118
0.00862288
0.00833845
0.00835688
0.00833715
0.00832901
0.00755808
0.0001
0.0001
0.0001
0.0001
0.0001
0.0001
0.0001
0.0001
0.0001
0.0001
0.0001
0.0001
0.0001
0.00833335
0.00833335
0.00833335
0.00833335
0.00833335
0.00833335
0.00833335
0.00833335
0.00833335
0.00833335
0.00833335
0.00833335
0.00833335
0.00833335
0.00833335
0.00833335
0.00833335
0.00833335
0.00833335
0.00833335
0.00833335
0.00833335
0.00833335
0.00833335
0.00833335
0.00833335
0.00833335
0.00833335
0.00833335
0.00833335
0.00833335
0.00833335
0.00833335
0.00833335
0.00833335
0.00833335
0.00833335
0.00833335
0.00833335
0.00833335
0.00833335
0.00833335
0.00833335
0.00833335
0.00833335
0.00833335
0.00833335
0.00833335
0.00833335
0.00833335
0.00833335
0.00833335
0.00833335
0.00833335
0.00833335
0.00833335
0.00833335
0.00833334
0.00833319
0.00831741
0.01
0.008363
0.00850649
0.00811145
0.00866337
0.00833326
0.00775774
0.00833331
0.00807192
0.00870758
0.0082896
0.00831775
0.00833319
0.00723313
0.00825618
0.00838587
0.0001
0.0001
0.0001
0.0001
0.0001
0.0001
0.0001
0.0001
0.0001
0.0001
0.0001
0.0001
0.0001
0.0001
0.0001
0.0001
0.0001
0.0001
0.0001
0.00833619
0.00833335
0.00833335
0.00833335
0.00833335
0.00833335
0.00833335
0.00833335
0.00833335
0.00833335
0.00833335
0.00833335
0.00833335
0.00833335
0.00833335
0.00833335
0.00833335
0.00833335
0.00833335
0.00833335
0.00833335
0.00833335
0.00833335
0.00833335
0.00833335
0.00833335
0.00833335
0.00833335
0.00833335
0.00833335
0.00833335
0.00833335
0.00833335
0.00833335
0.00833335
0.00833335
0.00833335
0.00833335
0.00833335
0.00833335
0.00833335
0.00833335
0.00833335
0.00833335
0.00833335
0.00833335
0.00833335
0.00833335
0.00833335
0.00833335
0.00833335
0.00833335
0.00833335
0.00833335
0.00833335
0.00833335
0.00833335
0.00833335
0.00833335
0.00834815
0.00833121
0.00725226
0.00837495
0.00833581
0.00839925
0.00837714
0.00833446
0.00825797
0.00835323
0.00828479
0.00797885
0.00876683
0.0083084
0.00808652
0.00893553
0.00827858
0.00833214
0.00834722
0.0083327
0.00833343
0.00831317
0.00840814
0.00824474
0.00830492
0.00836548
0.00836062
0.00830441
0.00833139
0.00833398
0.00833246
0.00833346
0.00833303
0.00745533
0.00881394
0.00838137
0.0083277
0.00834137
0.00833335
0.00833335
0.00833335
0.00833335
0.00833335
0.00833335
0.00833335
0.00833335
0.00833335
0.00833335
0.00833335
0.00833335
0.00833335
0.00833335
0.00833335
0.00833335
0.00833335
0.00833335
0.00833335
0.00833335
0.00833335
0.00833335
0.00833335
0.00833335
0.00833335
0.00833335
0.00833335
0.00833335
0.00833335
0.00833335
0.00833335
0.00833335
0.00833335
0.00833335
0.00833335
0.00833335
0.00833335
0.00833335
0.00833335
0.00833335
0.00833335
0.00833335
0.00833335
0.00833335
0.00833335
0.00833335
0.00833335
0.00833335
0.00833335
0.00833335
0.00833335
0.00833335
0.00833335
0.00833335
0.00833335
0.00833335
0.00833335
0.00833335
0.00833318
0.0083387
0.00832041
0.00833395
0.00833319
0.00833307
0.00832912
0.0083379
0.00832511
0.0083336
0.0083336
0.00831861
0.00832428
0.00828282
0.00832678
0.0078708
0.00830976
0.0082479
0.00830931
0.00831325
0.00834733
0.00856695
0.00828273
0.00829862
0.00837865
0.00833315
0.00833237
0.00826942
0.00833526
0.00831159
0.00833601
0.00837824
0.0081406
0.0001
0.00833513
0.00833186
0.00833349
0.0001
0.00833335
0.00833335
0.00833335
0.00833335
0.00833335
0.00833335
0.00833335
0.00833335
0.00833335
0.00833335
0.00833335
0.00833335
0.00833335
0.00833335
0.00833335
0.00833335
0.00833335
0.00833335
0.00833335
0.00833335
0.00833335
0.00833335
0.00833335
0.00833335
0.00833335
0.00833335
0.00833335
0.00833335
0.00833335
0.00833335
0.00833335
0.00833335
0.00833335
0.00833335
0.00833335
0.00833335
0.00833335
0.00833335
0.00833335
0.00833335
0.00833335
0.00833335
0.00833335
0.00833335
0.00833335
0.00833335
0.00833335
0.00833335
0.00833335
0.00833335
0.00833335
0.00833335
0.00833335
0.00833335
0.00833335
0.00833335
0.00833335
0.00833335
0.00833365
0.00833137
0.00834304
0.00833322
0.00833565
0.00833356
0.0001
0.0001
0.0001
0.0001
0.0001
0.0001
0.00833341
0.00833334
0.0001
0.0001
0.0001
0.0001
0.0001
0.0001
0.0001
0.0001
0.0001
0.0001
0.0001
0.0001
0.0001
0.0001
0.0001
0.0001
0.0001
0.0001
0.0001
0.0001
0.0001
0.0001
0.0001
0.0001
0.00833335
0.00833335
0.00833335
0.00833335
0.00833335
0.00833335
0.00833335
0.00833335
0.00833335
0.00833335
0.00833335
0.00833335
0.00833335
0.00833335
0.00833335
0.00833335
0.00833335
0.00833335
0.00833335
0.00833335
0.00833335
0.00833335
0.00833335
0.00833335
0.00833335
0.00833335
0.00833335
0.00833335
0.00833335
0.00833335
0.00833335
0.00833335
0.00833335
0.00833335
0.00833335
0.00833335
0.00833335
0.00833335
0.00833335
0.00833335
0.00833335
0.00833335
0.00833335
0.00833335
0.00833335
0.00833335
0.00833335
0.00833335
0.00833335
0.00833335
0.00833335
0.00833335
0.00833335
0.00833335
0.00833335
0.00833335
0.00833335
0.00833335
0.00833348
0.00829928
0.00892877
0.00816168
0.0001
0.0001
0.0001
0.0001
0.0001
0.0001
0.0001
0.0001
0.0001
0.0001
0.0001
0.0001
0.0001
0.0001
0.0001
0.0001
0.0001
0.0001
0.0001
0.0001
0.0001
0.0001
0.0001
0.0001
0.0001
0.0001
0.0001
0.0001
0.0001
0.0001
0.0001
0.0001
0.0001
0.0001
0.00833335
0.00833335
0.00833335
0.00833335
0.00833335
0.00833335
0.00833335
0.00833335
0.00833335
0.00833335
0.00833335
0.00833335
0.00833335
0.00833335
0.00833335
0.00833335
0.00833335
0.00833335
0.00833335
0.00833335
0.00833335
0.00833335
0.00833335
0.00833335
0.00833335
0.00833335
0.00833335
0.00833335
0.00833335
0.00833335
0.00833335
0.00833335
0.00833335
0.00833335
0.00833335
0.00833335
0.00833335
0.00833335
0.00833335
0.00833335
0.00833335
0.00833335
0.00833335
0.00833335
0.00833335
0.00833335
0.00833335
0.00833335
0.00833335
0.00833335
0.00833335
0.00833335
0.00833335
0.00833335
0.00833335
0.00833335
0.00833335
0.00833335
0.00833334
0.00833192
0.00826911
0.00835495
0.0001
0.0001
0.0001
0.0001
0.0001
0.0001
0.0001
0.0001
0.0001
0.0001
0.0001
0.0001
0.0001
0.0001
0.0001
0.0001
0.0001
0.0001
0.0001
0.0001
0.0001
0.0001
0.0001
0.0001
0.0001
0.0001
0.0001
0.0001
0.0001
0.0001
0.0001
0.0001
0.0001
0.0001
0.00833335
0.00833335
0.00833335
0.00833335
0.00833335
0.00833335
0.00833335
0.00833335
0.00833335
0.00833335
0.00833335
0.00833335
0.00833335
0.00833335
0.00833335
0.00833335
0.00833335
0.00833335
0.00833335
0.00833335
0.00833335
0.00833335
0.00833335
0.00833335
0.00833335
0.00833335
0.00833335
0.00833335
0.00833335
0.00833335
0.00833335
0.00833335
0.00833335
0.00833335
0.00833335
0.00833335
0.00833335
0.00833335
0.00833335
0.00833335
0.00833335
0.00833335
0.00833335
0.00833335
0.00833335
0.00833335
0.00833335
0.00833335
0.00833335
0.00833335
0.00833335
0.00833335
0.00833335
0.00833335
0.00833335
0.00833335
0.00833335
0.00833337
0.0083334
0.00833286
0.00834253
0.00833332
0.0001
0.0001
0.0001
0.0001
0.0001
0.0001
0.0001
0.0001
0.0001
0.0001
0.0001
0.0001
0.0001
0.0001
0.0001
0.0001
0.0001
0.0001
0.0001
0.0001
0.0001
0.0001
0.0001
0.0001
0.0001
0.0001
0.0001
0.0001
0.0001
0.0001
0.0001
0.0001
0.0001
0.0001
0.00833335
0.00833335
0.00833335
0.00833335
0.00833335
0.00833335
0.00833335
0.00833335
0.00833335
0.00833335
0.00833335
0.00833335
0.00833335
0.00833335
0.00833335
0.00833335
0.00833335
0.00833335
0.00833335
0.00833335
0.00833335
0.00833335
0.00833335
0.00833335
0.00833335
0.00833335
0.00833335
0.00833335
0.00833335
0.00833335
0.00833335
0.00833335
0.00833335
0.00833335
0.00833335
0.00833335
0.00833335
0.00833335
0.00833335
0.00833335
0.00833335
0.00833335
0.00833335
0.00833335
0.00833335
0.00833335
0.00833335
0.00833335
0.00833335
0.00833335
0.00833335
0.00833335
0.00833335
0.00833335
0.00833335
0.00833335
0.00833335
0.00833335
0.00832009
0.00829945
0.00890533
0.00833471
0.00833334
0.0001
0.0001
0.0001
0.0001
0.0001
0.0001
0.0001
0.0001
0.0001
0.0001
0.0001
0.0001
0.0001
0.0001
0.0001
0.0001
0.0001
0.0001
0.0001
0.0001
0.0001
0.0001
0.0001
0.0001
0.0001
0.0001
0.0001
0.0001
0.0001
0.0001
0.0001
0.0001
0.0001
0.00833335
0.00833335
0.00833335
0.00833335
0.00833335
0.00833335
0.00833335
0.00833335
0.00833335
0.00833335
0.00833335
0.00833335
0.00833335
0.00833335
0.00833335
0.00833335
0.00833335
0.00833335
0.00833335
0.00833335
0.00833335
0.00833335
0.00833335
0.00833335
0.00833335
0.00833335
0.00833335
0.00833335
0.00833335
0.00833335
0.00833335
0.00833335
0.00833335
0.00833335
0.00833335
0.00833335
0.00833335
0.00833335
0.00833335
0.00833335
0.00833335
0.00833335
0.00833335
0.00833335
0.00833335
0.00833335
0.00833335
0.00833335
0.00833335
0.00833335
0.00833335
0.00833335
0.00833335
0.00833335
0.00833335
0.00833335
0.00833335
0.00833308
0.00833362
0.00833257
0.00834144
0.00833226
0.00833335
0.0001
0.0001
0.0001
0.0001
0.0001
0.0001
0.0001
0.0001
0.0001
0.0001
0.0001
0.0001
0.0001
0.0001
0.0001
0.0001
0.0001
0.0001
0.0001
0.0001
0.0001
0.0001
0.0001
0.0001
0.0001
0.0001
0.0001
0.0001
0.0001
0.0001
0.0001
0.0001
0.0001
0.00833335
0.00833335
0.00833335
0.00833335
0.00833335
0.00833335
0.00833335
0.00833335
0.00833335
0.00833335
0.00833335
0.00833335
0.00833335
0.00833335
0.00833335
0.00833335
0.00833335
0.00833335
0.00833335
0.00833335
0.00833335
0.00833335
0.00833335
0.00833335
0.00833335
0.00833335
0.00833335
0.00833335
0.00833335
0.00833335
0.00833335
0.00833335
0.00833335
0.00833335
0.00833335
0.00833335
0.00833335
0.00833335
0.00833335
0.00833335
0.00833335
0.00833335
0.00833335
0.00833335
0.00833335
0.00833335
0.00833335
0.00833335
0.00833335
0.00833335
0.00833335
0.00833335
0.00833335
0.00833335
0.00833335
0.00833335
0.00833335
0.00833335
0.00833291
0.00828432
0.00913618
0.00824535
0.00833334
0.0001
0.0001
0.0001
0.0001
0.0001
0.0001
0.0001
0.0001
0.0001
0.0001
0.0001
0.0001
0.0001
0.0001
0.0001
0.0001
0.0001
0.0001
0.0001
0.0001
0.0001
0.0001
0.0001
0.0001
0.0001
0.0001
0.0001
0.0001
0.0001
0.0001
0.0001
0.0001
0.0001
0.00833335
0.00833335
0.00833335
0.00833335
0.00833335
0.00833335
0.00833335
0.00833335
0.00833335
0.00833335
0.00833335
0.00833335
0.00833335
0.00833335
0.00833335
0.00833335
0.00833335
0.00833335
0.00833335
0.00833335
0.00833335
0.00833335
0.00833335
0.00833335
0.00833335
0.00833335
0.00833335
0.00833335
0.00833335
0.00833335
0.00833335
0.00833335
0.00833335
0.00833335
0.00833335
0.00833335
0.00833335
0.00833335
0.00833335
0.00833335
0.00833335
0.00833335
0.00833335
0.00833335
0.00833335
0.00833335
0.00833335
0.00833335
0.00833335
0.00833335
0.00833335
0.00833335
0.00833335
0.00833335
0.00833335
0.00833335
0.00833334
0.00833335
0.00833341
0.00833555
0.00834625
0.00739785
0.00833334
0.0001
0.0001
0.0001
0.0001
0.0001
0.0001
0.0001
0.0001
0.0001
0.0001
0.0001
0.0001
0.0001
0.0001
0.0001
0.0001
0.0001
0.0001
0.0001
0.0001
0.0001
0.0001
0.0001
0.0001
0.0001
0.0001
0.0001
0.0001
0.0001
0.0001
0.0001
0.0001
0.0001
0.00833335
0.00833335
0.00833335
0.00833335
0.00833335
0.00833335
0.00833335
0.00833335
0.00833335
0.00833335
0.00833335
0.00833335
0.00833335
0.00833335
0.00833335
0.00833335
0.00833335
0.00833335
0.00833335
0.00833335
0.00833335
0.00833335
0.00833335
0.00833335
0.00833335
0.00833335
0.00833335
0.00833335
0.00833335
0.00833335
0.00833335
0.00833335
0.00833335
0.00833335
0.00833335
0.00833335
0.00833335
0.00833335
0.00833335
0.00833335
0.00833335
0.00833335
0.00833335
0.00833335
0.00833335
0.00833335
0.00833335
0.00833335
0.00833335
0.00833335
0.00833335
0.00833335
0.00833335
0.00833335
0.00833335
0.00833335
0.00833335
0.00833334
0.00833356
0.00833376
0.00831991
0.00933077
0.00833413
0.0001
0.0001
0.0001
0.0001
0.0001
0.0001
0.0001
0.0001
0.0001
0.0001
0.0001
0.0001
0.0001
0.0001
0.0001
0.0001
0.0001
0.0001
0.0001
0.0001
0.0001
0.0001
0.0001
0.0001
0.0001
0.0001
0.0001
0.0001
0.0001
0.0001
0.0001
0.0001
0.0001
0.00833335
0.00833335
0.00833335
0.00833335
0.00833335
0.00833335
0.00833335
0.00833335
0.00833335
0.00833335
0.00833335
0.00833335
0.00833335
0.00833335
0.00833335
0.00833335
0.00833335
0.00833335
0.00833335
0.00833335
0.00833335
0.00833335
0.00833335
0.00833335
0.00833335
0.00833335
0.00833335
0.00833335
0.00833335
0.00833335
0.00833335
0.00833335
0.00833335
0.00833335
0.00833335
0.00833335
0.00833335
0.00833335
0.00833335
0.00833335
0.00833335
0.00833335
0.00833335
0.00833335
0.00833335
0.00833335
0.00833335
0.00833335
0.00833335
0.00833335
0.00833335
0.00833335
0.00833335
0.00833335
0.00833335
0.00833335
0.00833335
0.00833335
0.00832302
0.00834396
0.00834142
0.00833356
0.0001
0.0001
0.0001
0.0001
0.0001
0.0001
0.0001
0.0001
0.0001
0.0001
0.0001
0.0001
0.0001
0.0001
0.0001
0.0001
0.0001
0.0001
0.0001
0.0001
0.0001
0.0001
0.0001
0.0001
0.0001
0.0001
0.0001
0.0001
0.0001
0.0001
0.0001
0.0001
0.0001
0.0001
0.00833335
0.00833335
0.00833335
0.00833335
0.00833335
0.00833335
0.00833335
0.00833335
0.00833335
0.00833335
0.00833335
0.00833335
0.00833335
0.00833335
0.00833335
0.00833335
0.00833335
0.00833335
0.00833335
0.00833335
0.00833335
0.00833335
0.00833335
0.00833335
0.00833335
0.00833335
0.00833335
0.00833335
0.00833335
0.00833335
0.00833335
0.00833335
0.00833335
0.00833335
0.00833335
0.00833335
0.00833335
0.00833335
0.00833335
0.00833335
0.00833335
0.00833335
0.00833335
0.00833335
0.00833335
0.00833335
0.00833335
0.00833335
0.00833335
0.00833335
0.00833335
0.00833335
0.00833335
0.00833335
0.00833335
0.00833335
0.00833335
0.00833335
0.00833327
0.0083353
0.00834625
0.00833187
0.0001
0.0001
0.00830599
0.0001
0.00833339
0.0001
0.0001
0.0001
0.0001
0.0001
0.0001
0.0001
0.0001
0.0001
0.0001
0.0001
0.0001
0.0001
0.0001
0.0001
0.0001
0.0001
0.0001
0.0001
0.0001
0.0001
0.0001
0.0001
0.0001
0.0001
0.0001
0.0001
0.0001
0.0001
0.00833335
0.00833335
0.00833335
0.00833335
0.00833335
0.00833335
0.00833335
0.00833335
0.00833335
0.00833335
0.00833335
0.00833335
0.00833335
0.00833335
0.00833335
0.00833335
0.00833335
0.00833335
0.00833335
0.00833335
0.00833335
0.00833335
0.00833335
0.00833335
0.00833335
0.00833335
0.00833335
0.00833335
0.00833335
0.00833335
0.00833335
0.00833335
0.00833335
0.00833335
0.00833335
0.00833335
0.00833335
0.00833335
0.00833335
0.00833335
0.00833335
0.00833335
0.00833335
0.00833335
0.00833335
0.00833335
0.00833335
0.00833335
0.00833335
0.00833335
0.00833335
0.00833335
0.00833335
0.00833335
0.00833335
0.00833335
0.00833335
0.00833336
0.00833279
0.00833306
0.00829365
0.00759068
0.0001
0.00835788
0.00833578
0.00833329
0.00842103
0.0001
0.00833335
0.00833307
0.0001
0.0001
0.0001
0.0001
0.0001
0.0001
0.0001
0.0001
0.0001
0.0001
0.0001
0.0001
0.0001
0.0001
0.0001
0.0001
0.0001
0.0001
0.0001
0.0001
0.0001
0.0001
0.0001
0.0001
0.0001
0.0001
0.00833335
0.00833335
0.00833335
0.00833335
0.00833335
0.00833335
0.00833335
0.00833335
0.00833335
0.00833335
0.00833335
0.00833335
0.00833335
0.00833335
0.00833335
0.00833335
0.00833335
0.00833335
0.00833335
0.00833335
0.00833335
0.00833335
0.00833335
0.00833335
0.00833335
0.00833335
0.00833335
0.00833335
0.00833335
0.00833335
0.00833335
0.00833335
0.00833335
0.00833335
0.00833335
0.00833335
0.00833335
0.00833335
0.00833335
0.00833335
0.00833335
0.00833335
0.00833335
0.00833335
0.00833335
0.00833335
0.00833335
0.00833335
0.00833335
0.00833335
0.00833335
0.00833335
0.00833335
0.00833335
0.00833335
0.00833335
0.00833335
0.00833309
0.00834181
0.00832439
0.00836344
0.00833335
0.0001
0.0001
0.0001
0.0001
0.0001
0.0001
0.0001
0.0001
0.0001
0.0001
0.0001
0.0001
0.0001
0.0001
0.0001
0.0001
0.0001
0.0001
0.0001
0.0001
0.0001
0.0001
0.0001
0.0001
0.0001
0.0001
0.0001
0.0001
0.0001
0.0001
0.0001
0.0001
0.0001
0.0001
0.00833335
0.00833335
0.00833335
0.00833335
0.00833335
0.00833335
0.00833335
0.00833335
0.00833335
0.00833335
0.00833335
0.00833335
0.00833335
0.00833335
0.00833335
0.00833335
0.00833335
0.00833335
0.00833335
0.00833335
0.00833335
0.00833335
0.00833335
0.00833335
0.00833335
0.00833335
0.00833335
0.00833335
0.00833335
0.00833335
0.00833335
0.00833335
0.00833335
0.00833335
0.00833335
0.00833335
0.00833335
0.00833335
0.00833335
0.00833335
0.00833335
0.00833335
0.00833335
0.00833335
0.00833335
0.00833335
0.00833335
0.00833335
0.00833335
0.00833335
0.00833335
0.00833335
0.00833335
0.00833335
0.00833335
0.00833335
0.00833335
0.00833331
0.00832447
0.00834307
0.00833326
0.00833414
0.0001
0.0001
0.0001
0.0001
0.0001
0.0001
0.0001
0.0001
0.0001
0.0001
0.0001
0.0001
0.0001
0.0001
0.0001
0.0001
0.0001
0.0001
0.0001
0.0001
0.0001
0.0001
0.0001
0.0001
0.0001
0.0001
0.0001
0.0001
0.0001
0.0001
0.0001
0.0001
0.0001
0.0001
0.00833335
0.00833335
0.00833335
0.00833335
0.00833335
0.00833335
0.00833335
0.00833335
0.00833335
0.00833335
0.00833335
0.00833335
0.00833335
0.00833335
0.00833335
0.00833335
0.00833335
0.00833335
0.00833335
0.00833335
0.00833335
0.00833335
0.00833335
0.00833335
0.00833335
0.00833335
0.00833335
0.00833335
0.00833335
0.00833335
0.00833335
0.00833335
0.00833335
0.00833335
0.00833335
0.00833335
0.00833335
0.00833335
0.00833335
0.00833335
0.00833335
0.00833335
0.00833335
0.00833335
0.00833335
0.00833335
0.00833335
0.00833335
0.00833335
0.00833335
0.00833335
0.00833335
0.00833335
0.00833335
0.00833335
0.00833335
0.00833335
0.00833335
0.00832237
0.00834618
0.00828963
0.00833347
0.0001
0.0001
0.0001
0.0001
0.0001
0.0001
0.0001
0.0001
0.0001
0.0001
0.0001
0.0001
0.0001
0.0001
0.0001
0.0001
0.0001
0.0001
0.0001
0.0001
0.0001
0.0001
0.0001
0.0001
0.0001
0.0001
0.0001
0.0001
0.0001
0.0001
0.0001
0.0001
0.0001
0.0001
0.00833335
0.00833335
0.00833335
0.00833335
0.00833335
0.00833335
0.00833335
0.00833335
0.00833335
0.00833335
0.00833335
0.00833335
0.00833335
0.00833335
0.00833335
0.00833335
0.00833335
0.00833335
0.00833335
0.00833335
0.00833335
0.00833335
0.00833335
0.00833335
0.00833335
0.00833335
0.00833335
0.00833335
0.00833335
0.00833335
0.00833335
0.00833335
0.00833335
0.00833335
0.00833335
0.00833335
0.00833335
0.00833335
0.00833335
0.00833335
0.00833335
0.00833335
0.00833335
0.00833335
0.00833335
0.00833335
0.00833335
0.00833335
0.00833335
0.00833335
0.00833335
0.00833335
0.00833335
0.00833335
0.00833335
0.00833335
0.00833335
0.00833335
0.00833345
0.00829475
0.00908339
0.00825652
0.0001
0.0001
0.0001
0.0001
0.0001
0.0001
0.0001
0.0001
0.0001
0.0001
0.0001
0.0001
0.0001
0.0001
0.0001
0.0001
0.0001
0.0001
0.0001
0.0001
0.0001
0.00833335
0.0001
0.0001
0.0001
0.0001
0.0001
0.0001
0.0001
0.0001
0.0001
0.0001
0.0001
0.0001
0.00833335
0.00833335
0.00833335
0.00833335
0.00833335
0.00833335
0.00833335
0.00833335
0.00833335
0.00833335
0.00833335
0.00833335
0.00833335
0.00833335
0.00833335
0.00833335
0.00833335
0.00833335
0.00833335
0.00833335
0.00833335
0.00833335
0.00833335
0.00833335
0.00833335
0.00833335
0.00833335
0.00833335
0.00833335
0.00833335
0.00833335
0.00833335
0.00833335
0.00833335
0.00833335
0.00833335
0.00833335
0.00833335
0.00833335
0.00833335
0.00833335
0.00833335
0.00833335
0.00833335
0.00833335
0.00833335
0.00833335
0.00833335
0.00833335
0.00833335
0.00833335
0.00833335
0.00833335
0.00833335
0.00833335
0.00833335
0.00833335
0.00833335
0.00833306
0.00837011
0.0077416
0.00833335
0.00833334
0.0001
0.0001
0.0001
0.0001
0.0001
0.0001
0.0001
0.0001
0.0001
0.0001
0.0001
0.0001
0.0001
0.0001
0.0001
0.0001
0.0001
0.0001
0.0001
0.0001
0.0001
0.0001
0.0001
0.0001
0.0001
0.0001
0.0001
0.0001
0.0001
0.0001
0.0001
0.0001
0.0001
0.00833335
0.00833335
0.00833335
0.00833335
0.00833335
0.00833335
0.00833335
0.00833335
0.00833335
0.00833335
0.00833335
0.00833335
0.00833335
0.00833335
0.00833335
0.00833335
0.00833335
0.00833335
0.00833335
0.00833335
0.00833335
0.00833335
0.00833335
0.00833335
0.00833335
0.00833335
0.00833335
0.00833335
0.00833335
0.00833335
0.00833335
0.00833335
0.00833335
0.00833335
0.00833335
0.00833335
0.00833335
0.00833335
0.00833335
0.00833335
0.00833335
0.00833335
0.00833335
0.00833335
0.00833335
0.00833335
0.00833335
0.00833335
0.00833335
0.00833335
0.00833335
0.00833335
0.00833335
0.00833335
0.00833335
0.00833335
0.00833335
0.00833334
0.00833335
0.00833358
0.00835496
0.00726232
0.00829281
0.0001
0.0001
0.0001
0.0001
0.0001
0.0001
0.0001
0.0001
0.0001
0.0001
0.0001
0.0001
0.0001
0.0001
0.0001
0.0001
0.0001
0.0001
0.0001
0.0001
0.0001
0.0001
0.0001
0.0001
0.0001
0.0001
0.0001
0.0001
0.0001
0.0001
0.0001
0.0001
0.0001
0.00833335
0.00833335
0.00833335
0.00833335
0.00833335
0.00833335
0.00833335
0.00833335
0.00833335
0.00833335
0.00833335
0.00833335
0.00833335
0.00833335
0.00833335
0.00833335
0.00833335
0.00833335
0.00833335
0.00833335
0.00833335
0.00833335
0.00833335
0.00833335
0.00833335
0.00833335
0.00833335
0.00833335
0.00833335
0.00833335
0.00833335
0.00833335
0.00833335
0.00833335
0.00833335
0.00833335
0.00833335
0.00833335
0.00833335
0.00833335
0.00833335
0.00833335
0.00833335
0.00833335
0.00833335
0.00833335
0.00833335
0.00833335
0.00833335
0.00833335
0.00833335
0.00833335
0.00833335
0.00833335
0.00833335
0.00833335
0.00833335
0.00833313
0.00833334
0.00833333
0.00832408
0.00958097
0.00835195
0.0001
0.0001
0.0001
0.0001
0.0001
0.0001
0.0001
0.0001
0.0001
0.0001
0.0001
0.0001
0.0001
0.0001
0.0001
0.0001
0.0001
0.0001
0.0001
0.0001
0.0001
0.0001
0.0001
0.0001
0.0001
0.0001
0.0001
0.0001
0.0001
0.0001
0.0001
0.0001
0.0001
0.00833335
0.00833335
0.00833335
0.00833335
0.00833335
0.00833335
0.00833335
0.00833335
0.00833335
0.00833335
0.00833335
0.00833335
0.00833335
0.00833335
0.00833335
0.00833335
0.00833335
0.00833335
0.00833335
0.00833335
0.00833335
0.00833335
0.00833335
0.00833335
0.00833335
0.00833335
0.00833335
0.00833335
0.00833335
0.00833335
0.00833335
0.00833335
0.00833335
0.00833335
0.00833335
0.00833335
0.00833335
0.00833335
0.00833335
0.00833335
0.00833335
0.00833335
0.00833335
0.00833335
0.00833335
0.00833335
0.00833335
0.00833335
0.00833335
0.00833335
0.00833335
0.00833335
0.00833335
0.00833335
0.00833335
0.00833335
0.00833335
0.00833336
0.0083245
0.00834255
0.00834354
0.00714224
0.00832599
0.0001
0.0001
0.0001
0.0001
0.0001
0.0001
0.0001
0.0001
0.0001
0.0001
0.0001
0.0001
0.0001
0.0001
0.0001
0.0001
0.0001
0.0001
0.0001
0.0001
0.0001
0.0001
0.0001
0.0001
0.0001
0.0001
0.0001
0.0001
0.0001
0.0001
0.0001
0.0001
0.0001
0.00833335
0.00833335
0.00833335
0.00833335
0.00833335
0.00833335
0.00833335
0.00833335
0.00833335
0.00833335
0.00833335
0.00833335
0.00833335
0.00833335
0.00833335
0.00833335
0.00833335
0.00833335
0.00833335
0.00833335
0.00833335
0.00833335
0.00833335
0.00833335
0.00833335
0.00833335
0.00833335
0.00833335
0.00833335
0.00833335
0.00833335
0.00833335
0.00833335
0.00833335
0.00833335
0.00833335
0.00833335
0.00833335
0.00833335
0.00833335
0.00833335
0.00833335
0.00833335
0.00833335
0.00833335
0.00833335
0.00833335
0.00833335
0.00833335
0.00833335
0.00833335
0.00833335
0.00833335
0.00833335
0.00833335
0.00833335
0.00833335
0.00833332
0.00833337
0.00833495
0.00834808
0.00833329
0.00828992
0.0001
0.0001
0.0001
0.0001
0.0001
0.0001
0.0001
0.0001
0.0001
0.0001
0.0001
0.0001
0.0001
0.0001
0.0001
0.0001
0.0001
0.0001
0.0001
0.0001
0.0001
0.0001
0.0001
0.0001
0.0001
0.0001
0.0001
0.0001
0.0001
0.0001
0.0001
0.0001
0.0001
0.00833335
0.00833335
0.00833335
0.00833335
0.00833335
0.00833335
0.00833335
0.00833335
0.00833335
0.00833335
0.00833335
0.00833335
0.00833335
0.00833335
0.00833335
0.00833335
0.00833335
0.00833335
0.00833335
0.00833335
0.00833335
0.00833335
0.00833335
0.00833335
0.00833335
0.00833335
0.00833335
0.00833335
0.00833335
0.00833335
0.00833335
0.00833335
0.00833335
0.00833335
0.00833335
0.00833335
0.00833335
0.00833335
0.00833335
0.00833335
0.00833335
0.00833335
0.00833335
0.00833335
0.00833335
0.00833335
0.00833335
0.00833335
0.00833335
0.00833335
0.00833335
0.00833335
0.00833335
0.00833335
0.00833335
0.00833335
0.00833335
0.0083333
0.00833314
0.00828129
0.00907471
0.0093814
0.00831738
0.0001
0.0001
0.0001
0.0001
0.0001
0.0001
0.0001
0.0001
0.0001
0.0001
0.0001
0.0001
0.0001
0.0001
0.0001
0.0001
0.0001
0.0001
0.0001
0.0001
0.0001
0.0001
0.0001
0.0001
0.0001
0.0001
0.0001
0.0001
0.0001
0.0001
0.0001
0.0001
0.0001
)
;

boundaryField
{
    outlet
    {
        type            zeroGradient;
    }
    inlet
    {
        type            fixedValue;
        value           uniform 0.005;
    }
    walls
    {
        type            zeroGradient;
    }
}


// ************************************************************************* //
