/*--------------------------------*- C++ -*----------------------------------*\
| =========                 |                                                 |
| \\      /  F ield         | OpenFOAM: The Open Source CFD Toolbox           |
|  \\    /   O peration     | Version:  2.3.0                                 |
|   \\  /    A nd           | Web:      www.OpenFOAM.org                      |
|    \\/     M anipulation  |                                                 |
\*---------------------------------------------------------------------------*/
FoamFile
{
    version     2.0;
    format      ascii;
    class       volScalarField;
    location    "16";
    object      L3;
}
// * * * * * * * * * * * * * * * * * * * * * * * * * * * * * * * * * * * * * //

dimensions      [0 0 0 0 0 0 0];

internalField   nonuniform List<scalar> 
6144
(
0.00631579
0.00631579
0.00631579
0.00631579
0.00631579
0.00631579
0.00631579
0.00631579
0.00631579
0.00631579
0.00631579
0.00631579
0.00631579
0.00631579
0.00631579
0.00631579
0.00631579
0.00631579
0.00631579
0.00631579
0.00631579
0.00631579
0.00631579
0.00631579
0.00631579
0.00631579
0.00631579
0.00631579
0.00631579
0.00631579
0.00631579
0.00631579
0.00631579
0.00631579
0.00631579
0.00631579
0.00631579
0.00631579
0.00631579
0.00631579
0.00631579
0.00631579
0.00631579
0.00631579
0.00631579
0.00631579
0.00631579
0.00631579
0.00631579
0.00631579
0.00631579
0.00631579
0.00631579
0.00631579
0.00631579
0.00631579
0.00631579
0.00631579
0.00631579
0.00631579
0.00631579
0.00733891
0.0001
0.0001
0.0001
0.0001
0.0001
0.0001
0.0001
0.0001
0.0001
0.0001
0.0001
0.0001
0.0001
0.0001
0.0001
0.0001
0.0001
0.0001
0.0001
0.0001
0.0001
0.0001
0.0001
0.0001
0.0001
0.0001
0.0001
0.0001
0.0001
0.0001
0.0001
0.0001
0.0001
0.0001
0.00631579
0.00631579
0.00631579
0.00631579
0.00631579
0.00631579
0.00631579
0.00631579
0.00631579
0.00631579
0.00631579
0.00631579
0.00631579
0.00631579
0.00631579
0.00631579
0.00631579
0.00631579
0.00631579
0.00631579
0.00631579
0.00631579
0.00631579
0.00631579
0.00631579
0.00631579
0.00631579
0.00631579
0.00631579
0.00631579
0.00631579
0.00631579
0.00631579
0.00631579
0.00631579
0.00631579
0.00631579
0.00631579
0.00631579
0.00631579
0.00631579
0.00631579
0.00631579
0.00631579
0.00631579
0.00631579
0.00631579
0.00631579
0.00631579
0.00631579
0.00631579
0.00631579
0.00631579
0.00631579
0.00631579
0.00631579
0.00631579
0.00631579
0.00631579
0.00631579
0.00631579
0.00741401
0.0001
0.0001
0.0001
0.0001
0.0001
0.0001
0.0001
0.0001
0.0001
0.0001
0.0001
0.0001
0.0001
0.0001
0.0001
0.0001
0.0001
0.0001
0.0001
0.0001
0.0001
0.0001
0.0001
0.0001
0.0001
0.0001
0.0001
0.0001
0.0001
0.0001
0.0001
0.0001
0.0001
0.0001
0.00631579
0.00631579
0.00631579
0.00631579
0.00631579
0.00631579
0.00631579
0.00631579
0.00631579
0.00631579
0.00631579
0.00631579
0.00631579
0.00631579
0.00631579
0.00631579
0.00631579
0.00631579
0.00631579
0.00631579
0.00631579
0.00631579
0.00631579
0.00631579
0.00631579
0.00631579
0.00631579
0.00631579
0.00631579
0.00631579
0.00631579
0.00631579
0.00631579
0.00631579
0.00631579
0.00631579
0.00631579
0.00631579
0.00631579
0.00631579
0.00631579
0.00631579
0.00631579
0.00631579
0.00631579
0.00631579
0.00631579
0.00631579
0.00631579
0.00631579
0.00631579
0.00631579
0.00631579
0.00631579
0.00631579
0.00631579
0.00631579
0.00631579
0.00631579
0.00631579
0.00631579
0.0001
0.0001
0.0001
0.0001
0.0001
0.0001
0.0001
0.0001
0.0001
0.0001
0.0001
0.0001
0.0001
0.0001
0.0001
0.0001
0.0001
0.0001
0.0001
0.0001
0.0001
0.0001
0.0001
0.0001
0.0001
0.0001
0.0001
0.0001
0.0001
0.0001
0.0001
0.0001
0.0001
0.0001
0.0001
0.00631579
0.00631579
0.00631579
0.00631579
0.00631579
0.00631579
0.00631579
0.00631579
0.00631579
0.00631579
0.00631579
0.00631579
0.00631579
0.00631579
0.00631579
0.00631579
0.00631579
0.00631579
0.00631579
0.00631579
0.00631579
0.00631579
0.00631579
0.00631579
0.00631579
0.00631579
0.00631579
0.00631579
0.00631579
0.00631579
0.00631579
0.00631579
0.00631579
0.00631579
0.00631579
0.00631579
0.00631579
0.00631579
0.00631579
0.00631579
0.00631579
0.00631579
0.00631579
0.00631579
0.00631579
0.00631579
0.00631579
0.00631579
0.00631579
0.00631579
0.00631579
0.00631579
0.00631579
0.00631579
0.00631579
0.00631579
0.00631579
0.00631579
0.00631579
0.00631579
0.00631579
0.0001
0.0001
0.0001
0.0001
0.0001
0.0001
0.0001
0.0001
0.0001
0.0001
0.0001
0.0001
0.0001
0.0001
0.0001
0.0001
0.0001
0.0001
0.0001
0.0001
0.0001
0.0001
0.0001
0.0001
0.0001
0.0001
0.0001
0.0001
0.0001
0.0001
0.0001
0.0001
0.0001
0.0001
0.0001
0.00631579
0.00631579
0.00631579
0.00631579
0.00631579
0.00631579
0.00631579
0.00631579
0.00631579
0.00631579
0.00631579
0.00631579
0.00631579
0.00631579
0.00631579
0.00631579
0.00631579
0.00631579
0.00631579
0.00631579
0.00631579
0.00631579
0.00631579
0.00631579
0.00631579
0.00631579
0.00631579
0.00631579
0.00631579
0.00631579
0.00631579
0.00631579
0.00631579
0.00631579
0.00631579
0.00631579
0.00631579
0.00631579
0.00631579
0.00631579
0.00631579
0.00631579
0.00631579
0.00631579
0.00631579
0.00631579
0.00631579
0.00631579
0.00631579
0.00631579
0.00631579
0.00631579
0.00631579
0.00631579
0.00631579
0.00631579
0.00631579
0.00631579
0.00631579
0.00631579
0.00631579
0.00738954
0.00745552
0.00748044
0.00748044
0.00748044
0.00748044
0.00748044
0.0001
0.00748044
0.00748044
0.00748044
0.00748044
0.0001
0.0001
0.0001
0.0001
0.0001
0.0001
0.0001
0.0001
0.0001
0.0001
0.0001
0.0001
0.0001
0.0001
0.0001
0.0001
0.0001
0.0001
0.0001
0.0001
0.0001
0.0001
0.0001
0.00631579
0.00631579
0.00631579
0.00631579
0.00631579
0.00631579
0.00631579
0.00631579
0.00631579
0.00631579
0.00631579
0.00631579
0.00631579
0.00631579
0.00631579
0.00631579
0.00631579
0.00631579
0.00631579
0.00631579
0.00631579
0.00631579
0.00631579
0.00631579
0.00631579
0.00631579
0.00631579
0.00631579
0.00631579
0.00631579
0.00631579
0.00631579
0.00631579
0.00631579
0.00631579
0.00631579
0.00631579
0.00631579
0.00631579
0.00631579
0.00631579
0.00631579
0.00631579
0.00631579
0.00631579
0.00631579
0.00631579
0.00631579
0.00631579
0.00631579
0.00631579
0.00631579
0.00631579
0.00631579
0.00631579
0.00631579
0.00631579
0.00631579
0.00631579
0.00631579
0.00631579
0.00631579
0.00631579
0.00631579
0.00631579
0.00631579
0.00631579
0.00631579
0.00631579
0.00651173
0.00631579
0.00631579
0.00631579
0.00631579
0.00631579
0.00631579
0.00631579
0.00651993
0.00631579
0.00738885
0.00748044
0.00748044
0.0001
0.0001
0.0001
0.0001
0.0001
0.0001
0.0001
0.0001
0.0001
0.0001
0.0001
0.0001
0.0001
0.0001
0.00631579
0.00631579
0.00631579
0.00631579
0.00631579
0.00631579
0.00631579
0.00631579
0.00631579
0.00631579
0.00631579
0.00631579
0.00631579
0.00631579
0.00631579
0.00631579
0.00631579
0.00631579
0.00631579
0.00631579
0.00631579
0.00631579
0.00631579
0.00631579
0.00631579
0.00631579
0.00631579
0.00631579
0.00631579
0.00631579
0.00631579
0.00631579
0.00631579
0.00631579
0.00631579
0.00631579
0.00631579
0.00631579
0.00631579
0.00631579
0.00631579
0.00631579
0.00631579
0.00631579
0.00631579
0.00631579
0.00631579
0.00631579
0.00631579
0.00631579
0.00631579
0.00631579
0.00631579
0.00631579
0.00631579
0.00631579
0.00631579
0.00631579
0.00631579
0.00631579
0.00631579
0.00631579
0.00631579
0.00631579
0.00631579
0.006643
0.00631579
0.00631579
0.00631579
0.00631579
0.00631579
0.00631579
0.00631579
0.00631579
0.00631579
0.00631579
0.00631579
0.00631579
0.00631579
0.00631579
0.00631579
0.00631579
0.00631579
0.00631579
0.00631579
0.00631579
0.00631579
0.00631579
0.00631579
0.00631579
0.00631579
0.00689673
0.00748044
0.0001
0.0001
0.00748044
0.00631579
0.00631579
0.00631579
0.00631579
0.00631579
0.00631579
0.00631579
0.00631579
0.00631579
0.00631579
0.00631579
0.00631579
0.00631579
0.00631579
0.00631579
0.00631579
0.00631579
0.00631579
0.00631579
0.00631579
0.00631579
0.00631579
0.00631579
0.00631579
0.00631579
0.00631579
0.00631579
0.00631579
0.00631579
0.00631579
0.00631579
0.00631579
0.00631579
0.00631579
0.00631579
0.00631579
0.00631579
0.00631579
0.00631579
0.00631579
0.00631579
0.00631579
0.00631579
0.00631579
0.00631579
0.00631579
0.00631579
0.00631579
0.00631579
0.00631579
0.00631579
0.00631579
0.00631579
0.00631579
0.00631579
0.00631579
0.00631579
0.00631579
0.00631579
0.00631579
0.00631579
0.00631579
0.00631579
0.00631579
0.00631579
0.00631579
0.00680358
0.00631579
0.00631579
0.00631579
0.00631579
0.00631579
0.00631579
0.00631579
0.00631579
0.00631579
0.00631579
0.00631579
0.00631579
0.00631579
0.00631579
0.00631579
0.00631579
0.00631579
0.00631579
0.00631579
0.00631579
0.00631579
0.00631579
0.00631579
0.00631579
0.00631579
0.00631579
0.00631579
0.00631579
0.00631579
0.00631579
0.00631579
0.00631579
0.00631579
0.00631579
0.00631579
0.00631579
0.00631579
0.00631579
0.00631579
0.00631579
0.00631579
0.00631579
0.00631579
0.00631579
0.00631579
0.00631579
0.00631579
0.00631579
0.00631579
0.00631579
0.00631579
0.00631579
0.00631579
0.00631579
0.00631579
0.00631579
0.00631579
0.00631579
0.00631579
0.00631579
0.00631579
0.00631579
0.00631579
0.00631579
0.00631579
0.00631579
0.00631579
0.00631579
0.00631579
0.00631579
0.00631579
0.00631579
0.00631579
0.00631579
0.00631579
0.00631579
0.00631579
0.00631579
0.00631579
0.00631579
0.00631579
0.00631579
0.00631579
0.00631579
0.00631579
0.00631579
0.00631579
0.00631579
0.00631579
0.00631579
0.00631579
0.00631579
0.00631579
0.00631579
0.00631579
0.00631579
0.00631579
0.00631579
0.00631579
0.00631579
0.00631579
0.00631579
0.00631579
0.00631579
0.00631579
0.00631579
0.00631579
0.00631579
0.00631579
0.00631579
0.00631579
0.00631579
0.00631579
0.00631579
0.00631579
0.00631579
0.00631579
0.00631579
0.00631579
0.00631579
0.00631579
0.00631579
0.00631579
0.00631579
0.00641716
0.00631579
0.00631579
0.00631579
0.00631579
0.00631579
0.00631579
0.00631579
0.00631579
0.00631579
0.00631579
0.00631579
0.00631579
0.00631579
0.00631579
0.00631579
0.00631579
0.00631579
0.00631579
0.00631579
0.00631579
0.00631579
0.00631579
0.00631579
0.00631579
0.00631579
0.00631579
0.00631579
0.00631579
0.00631579
0.00631579
0.00631579
0.00631579
0.00631579
0.00631579
0.00631579
0.00631579
0.00631579
0.00631579
0.00631579
0.00631579
0.00631579
0.00631579
0.00631579
0.00631579
0.00631579
0.00631579
0.00631579
0.00631579
0.00631579
0.00631579
0.00631579
0.00631579
0.00631579
0.00631579
0.00631579
0.00631579
0.00631579
0.00631579
0.00631579
0.00631579
0.00631579
0.00631579
0.00631579
0.00631579
0.00631579
0.00631579
0.00631579
0.00631579
0.00631579
0.00631579
0.00631579
0.00631579
0.00631579
0.00631579
0.00631579
0.00631579
0.00631579
0.00631579
0.00631579
0.00631579
0.00631579
0.00631579
0.00631579
0.00631579
0.00631579
0.00631579
0.00631579
0.00631579
0.00631579
0.00631579
0.00631579
0.00631579
0.00631579
0.00631579
0.00631579
0.00748044
0.00631579
0.00631579
0.00631579
0.00631579
0.00631579
0.00631579
0.00631579
0.00631579
0.00631579
0.00631579
0.00631579
0.00631579
0.00631579
0.00631579
0.00631579
0.00631579
0.00631579
0.00631579
0.00631579
0.00631579
0.00631579
0.00631579
0.00631579
0.00631579
0.00631579
0.00631579
0.00631579
0.00631579
0.00631579
0.00631579
0.00631579
0.00631579
0.00631579
0.00631579
0.00631579
0.00631579
0.00631579
0.00631579
0.00631579
0.00631579
0.00631579
0.00631579
0.00631579
0.00631579
0.00631579
0.00631579
0.00631579
0.00631579
0.00631579
0.00631579
0.00631579
0.00631579
0.00631579
0.00631579
0.00631579
0.00631579
0.00631579
0.00631579
0.00631579
0.00631579
0.00631579
0.00631579
0.00631579
0.00631579
0.00724151
0.00733041
0.00631579
0.00729937
0.00737268
0.00690395
0.00727657
0.00685214
0.00631579
0.00631579
0.00690386
0.00714922
0.00675005
0.00631579
0.00631579
0.00689793
0.00661624
0.00631579
0.00631579
0.00714994
0.00727993
0.00716717
0.00688507
0.00631579
0.00727116
0.00748044
0.00748044
0.0001
0.0001
0.0001
0.0001
0.0001
0.00631579
0.00631579
0.00631579
0.00631579
0.00631579
0.00631579
0.00631579
0.00631579
0.00631579
0.00631579
0.00631579
0.00631579
0.00631579
0.00631579
0.00631579
0.00631579
0.00631579
0.00631579
0.00631579
0.00631579
0.00631579
0.00631579
0.00631579
0.00631579
0.00631579
0.00631579
0.00631579
0.00631579
0.00631579
0.00631579
0.00631579
0.00631579
0.00631579
0.00631579
0.00631579
0.00631579
0.00631579
0.00631579
0.00631579
0.00631579
0.00631579
0.00631579
0.00631579
0.00631579
0.00631579
0.00631579
0.00631579
0.00631579
0.00631579
0.00631579
0.00631579
0.00631579
0.00631579
0.00631579
0.00631579
0.00631579
0.00631579
0.00631579
0.00631579
0.00631579
0.00631579
0.00748044
0.0001
0.0001
0.0001
0.0001
0.0001
0.0001
0.0001
0.0001
0.0001
0.0001
0.0001
0.0001
0.0001
0.0001
0.0001
0.0001
0.0001
0.0001
0.0001
0.0001
0.0001
0.0001
0.0001
0.0001
0.0001
0.0001
0.0001
0.0001
0.0001
0.0001
0.0001
0.0001
0.0001
0.0001
0.00631579
0.00631579
0.00631579
0.00631579
0.00631579
0.00631579
0.00631579
0.00631579
0.00631579
0.00631579
0.00631579
0.00631579
0.00631579
0.00631579
0.00631579
0.00631579
0.00631579
0.00631579
0.00631579
0.00631579
0.00631579
0.00631579
0.00631579
0.00631579
0.00631579
0.00631579
0.00631579
0.00631579
0.00631579
0.00631579
0.00631579
0.00631579
0.00631579
0.00631579
0.00631579
0.00631579
0.00631579
0.00631579
0.00631579
0.00631579
0.00631579
0.00631579
0.00631579
0.00631579
0.00631579
0.00631579
0.00631579
0.00631579
0.00631579
0.00631579
0.00631579
0.00631579
0.00631579
0.00631579
0.00631579
0.00631579
0.00631579
0.00631579
0.00631579
0.00631579
0.00631579
0.0001
0.0001
0.0001
0.0001
0.0001
0.0001
0.0001
0.0001
0.0001
0.0001
0.0001
0.0001
0.0001
0.0001
0.0001
0.0001
0.0001
0.0001
0.0001
0.0001
0.0001
0.0001
0.0001
0.0001
0.0001
0.0001
0.0001
0.0001
0.0001
0.0001
0.0001
0.0001
0.0001
0.0001
0.0001
0.00631579
0.00631579
0.00631579
0.00631579
0.00631579
0.00631579
0.00631579
0.00631579
0.00631579
0.00631579
0.00631579
0.00631579
0.00631579
0.00631579
0.00631579
0.00631579
0.00631579
0.00631579
0.00631579
0.00631579
0.00631579
0.00631579
0.00631579
0.00631579
0.00631579
0.00631579
0.00631579
0.00631579
0.00631579
0.00631579
0.00631579
0.00631579
0.00631579
0.00631579
0.00631579
0.00631579
0.00631579
0.00631579
0.00631579
0.00631579
0.00631579
0.00631579
0.00631579
0.00631579
0.00631579
0.00631579
0.00631579
0.00631579
0.00631579
0.00631579
0.00631579
0.00631579
0.00631579
0.00631579
0.00631579
0.00631579
0.00631579
0.00631579
0.00631579
0.00631579
0.00631579
0.00748044
0.0001
0.0001
0.0001
0.0001
0.0001
0.0001
0.0001
0.0001
0.0001
0.0001
0.0001
0.0001
0.0001
0.0001
0.0001
0.0001
0.0001
0.0001
0.0001
0.0001
0.0001
0.0001
0.0001
0.0001
0.0001
0.0001
0.0001
0.0001
0.0001
0.0001
0.0001
0.0001
0.0001
0.0001
0.00631579
0.00631579
0.00631579
0.00631579
0.00631579
0.00631579
0.00631579
0.00631579
0.00631579
0.00631579
0.00631579
0.00631579
0.00631579
0.00631579
0.00631579
0.00631579
0.00631579
0.00631579
0.00631579
0.00631579
0.00631579
0.00631579
0.00631579
0.00631579
0.00631579
0.00631579
0.00631579
0.00631579
0.00631579
0.00631579
0.00631579
0.00631579
0.00631579
0.00631579
0.00631579
0.00631579
0.00631579
0.00631579
0.00631579
0.00631579
0.00631579
0.00631579
0.00631579
0.00631579
0.00631579
0.00631579
0.00631579
0.00631579
0.00631579
0.00631579
0.00631579
0.00631579
0.00631579
0.00631579
0.00631579
0.00631579
0.00631579
0.00631579
0.00631579
0.00631579
0.00631579
0.00714521
0.0001
0.0001
0.0001
0.0001
0.0001
0.0001
0.0001
0.0001
0.0001
0.0001
0.0001
0.0001
0.0001
0.0001
0.0001
0.0001
0.0001
0.0001
0.0001
0.0001
0.0001
0.0001
0.0001
0.0001
0.0001
0.0001
0.0001
0.0001
0.0001
0.0001
0.0001
0.0001
0.0001
0.0001
0.00631579
0.00631579
0.00631579
0.00631579
0.00631579
0.00631579
0.00631579
0.00631579
0.00631579
0.00631579
0.00631579
0.00631579
0.00631579
0.00631579
0.00631579
0.00631579
0.00631579
0.00631579
0.00631579
0.00631579
0.00631579
0.00631579
0.00631579
0.00631579
0.00631579
0.00631579
0.00631579
0.00631579
0.00631579
0.00631579
0.00631579
0.00631579
0.00631579
0.00631579
0.00631579
0.00631579
0.00631579
0.00631579
0.00631579
0.00631579
0.00631579
0.00631579
0.00631579
0.00631579
0.00631579
0.00631579
0.00631579
0.00631579
0.00631579
0.00631579
0.00631579
0.00631579
0.00631579
0.00631579
0.00631579
0.00631579
0.00631579
0.00631579
0.00631579
0.00631579
0.00631579
0.00631579
0.00748044
0.0001
0.0001
0.0001
0.0001
0.0001
0.0001
0.0001
0.0001
0.0001
0.0001
0.0001
0.0001
0.0001
0.0001
0.0001
0.0001
0.0001
0.0001
0.0001
0.0001
0.0001
0.0001
0.0001
0.0001
0.0001
0.0001
0.0001
0.0001
0.0001
0.0001
0.0001
0.0001
0.0001
0.00631579
0.00631579
0.00631579
0.00631579
0.00631579
0.00631579
0.00631579
0.00631579
0.00631579
0.00631579
0.00631579
0.00631579
0.00631579
0.00631579
0.00631579
0.00631579
0.00631579
0.00631579
0.00631579
0.00631579
0.00631579
0.00631579
0.00631579
0.00631579
0.00631579
0.00631579
0.00631579
0.00631579
0.00631579
0.00631579
0.00631579
0.00631579
0.00631579
0.00631579
0.00631579
0.00631579
0.00631579
0.00631579
0.00631579
0.00631579
0.00631579
0.00631579
0.00631579
0.00631579
0.00631579
0.00631579
0.00631579
0.00631579
0.00631579
0.00631579
0.00631579
0.00631579
0.00631579
0.00631579
0.00631579
0.00631579
0.00631579
0.00631579
0.00631579
0.00631579
0.00631579
0.00678513
0.00748044
0.0001
0.0001
0.0001
0.0001
0.0001
0.0001
0.0001
0.0001
0.0001
0.0001
0.0001
0.0001
0.0001
0.0001
0.0001
0.0001
0.0001
0.0001
0.0001
0.0001
0.0001
0.0001
0.0001
0.0001
0.0001
0.0001
0.0001
0.0001
0.0001
0.0001
0.0001
0.0001
0.0001
0.00631579
0.00631579
0.00631579
0.00631579
0.00631579
0.00631579
0.00631579
0.00631579
0.00631579
0.00631579
0.00631579
0.00631579
0.00631579
0.00631579
0.00631579
0.00631579
0.00631579
0.00631579
0.00631579
0.00631579
0.00631579
0.00631579
0.00631579
0.00631579
0.00631579
0.00631579
0.00631579
0.00631579
0.00631579
0.00631579
0.00631579
0.00631579
0.00631579
0.00631579
0.00631579
0.00631579
0.00631579
0.00631579
0.00631579
0.00631579
0.00631579
0.00631579
0.00631579
0.00631579
0.00631579
0.00631579
0.00631579
0.00631579
0.00631579
0.00631579
0.00631579
0.00631579
0.00631579
0.00631579
0.00631579
0.00631579
0.00631579
0.00631579
0.00631579
0.00631579
0.00631579
0.00734682
0.0001
0.0001
0.0001
0.0001
0.0001
0.0001
0.0001
0.0001
0.0001
0.0001
0.0001
0.0001
0.0001
0.0001
0.0001
0.0001
0.0001
0.0001
0.0001
0.0001
0.0001
0.0001
0.0001
0.0001
0.0001
0.0001
0.0001
0.0001
0.0001
0.0001
0.0001
0.0001
0.0001
0.0001
0.00631579
0.00631579
0.00631579
0.00631579
0.00631579
0.00631579
0.00631579
0.00631579
0.00631579
0.00631579
0.00631579
0.00631579
0.00631579
0.00631579
0.00631579
0.00631579
0.00631579
0.00631579
0.00631579
0.00631579
0.00631579
0.00631579
0.00631579
0.00631579
0.00631579
0.00631579
0.00631579
0.00631579
0.00631579
0.00631579
0.00631579
0.00631579
0.00631579
0.00631579
0.00631579
0.00631579
0.00631579
0.00631579
0.00631579
0.00631579
0.00631579
0.00631579
0.00631579
0.00631579
0.00631579
0.00631579
0.00631579
0.00631579
0.00631579
0.00631579
0.00631579
0.00631579
0.00631579
0.00631579
0.00631579
0.00631579
0.00631579
0.00631579
0.00631579
0.00631579
0.00631579
0.0001
0.0001
0.0001
0.0001
0.0001
0.0001
0.0001
0.0001
0.0001
0.0001
0.0001
0.0001
0.0001
0.0001
0.0001
0.0001
0.0001
0.0001
0.0001
0.0001
0.0001
0.0001
0.0001
0.0001
0.0001
0.0001
0.0001
0.0001
0.0001
0.0001
0.0001
0.0001
0.0001
0.0001
0.0001
0.00631579
0.00631579
0.00631579
0.00631579
0.00631579
0.00631579
0.00631579
0.00631579
0.00631579
0.00631579
0.00631579
0.00631579
0.00631579
0.00631579
0.00631579
0.00631579
0.00631579
0.00631579
0.00631579
0.00631579
0.00631579
0.00631579
0.00631579
0.00631579
0.00631579
0.00631579
0.00631579
0.00631579
0.00631579
0.00631579
0.00631579
0.00631579
0.00631579
0.00631579
0.00631579
0.00631579
0.00631579
0.00631579
0.00631579
0.00631579
0.00631579
0.00631579
0.00631579
0.00631579
0.00631579
0.00631579
0.00631579
0.00631579
0.00631579
0.00631579
0.00631579
0.00631579
0.00631579
0.00631579
0.00631579
0.00631579
0.00631579
0.00631579
0.00631579
0.00631579
0.00631579
0.0001
0.00743992
0.0001
0.0001
0.0001
0.0001
0.0001
0.0001
0.0001
0.0001
0.0001
0.0001
0.0001
0.0001
0.0001
0.0001
0.0001
0.0001
0.0001
0.0001
0.0001
0.0001
0.0001
0.0001
0.0001
0.0001
0.0001
0.0001
0.0001
0.0001
0.0001
0.0001
0.0001
0.0001
0.0001
0.00631579
0.00631579
0.00631579
0.00631579
0.00631579
0.00631579
0.00631579
0.00631579
0.00631579
0.00631579
0.00631579
0.00631579
0.00631579
0.00631579
0.00631579
0.00631579
0.00631579
0.00631579
0.00631579
0.00631579
0.00631579
0.00631579
0.00631579
0.00631579
0.00631579
0.00631579
0.00631579
0.00631579
0.00631579
0.00631579
0.00631579
0.00631579
0.00631579
0.00631579
0.00631579
0.00631579
0.00631579
0.00631579
0.00631579
0.00631579
0.00631579
0.00631579
0.00631579
0.00631579
0.00631579
0.00631579
0.00631579
0.00631579
0.00631579
0.00631579
0.00631579
0.00631579
0.00631579
0.00631579
0.00631579
0.00631579
0.00631579
0.00631579
0.00631579
0.00631579
0.00631579
0.00631579
0.00631579
0.00631579
0.00631579
0.00631579
0.00631579
0.00631579
0.00656383
0.00671642
0.00631579
0.00631579
0.00631579
0.00631579
0.00712382
0.00723982
0.00739948
0.00748044
0.00748044
0.0001
0.0001
0.0001
0.0001
0.0001
0.0001
0.0001
0.0001
0.0001
0.0001
0.0001
0.0001
0.0001
0.0001
0.0001
0.0001
0.0001
0.00631579
0.00631579
0.00631579
0.00631579
0.00631579
0.00631579
0.00631579
0.00631579
0.00631579
0.00631579
0.00631579
0.00631579
0.00631579
0.00631579
0.00631579
0.00631579
0.00631579
0.00631579
0.00631579
0.00631579
0.00631579
0.00631579
0.00631579
0.00631579
0.00631579
0.00631579
0.00631579
0.00631579
0.00631579
0.00631579
0.00631579
0.00631579
0.00631579
0.00631579
0.00631579
0.00631579
0.00631579
0.00631579
0.00631579
0.00631579
0.00631579
0.00631579
0.00631579
0.00631579
0.00631579
0.00631579
0.00631579
0.00631579
0.00631579
0.00631579
0.00631579
0.00631579
0.00631579
0.00631579
0.00631579
0.00631579
0.00631579
0.00631579
0.00631579
0.00631579
0.00631579
0.00631579
0.00631579
0.00631579
0.00631579
0.00631579
0.00631579
0.00631579
0.00631579
0.00631579
0.00631579
0.00631579
0.00631579
0.00631579
0.00631579
0.00631579
0.00631579
0.00631579
0.00631579
0.00631579
0.00631579
0.00631579
0.00631579
0.00742279
0.00631579
0.00744039
0.00717567
0.00716619
0.00746072
0.00748044
0.00748044
0.0001
0.0001
0.0001
0.0001
0.0001
0.00631579
0.00631579
0.00631579
0.00631579
0.00631579
0.00631579
0.00631579
0.00631579
0.00631579
0.00631579
0.00631579
0.00631579
0.00631579
0.00631579
0.00631579
0.00631579
0.00631579
0.00631579
0.00631579
0.00631579
0.00631579
0.00631579
0.00631579
0.00631579
0.00631579
0.00631579
0.00631579
0.00631579
0.00631579
0.00631579
0.00631579
0.00631579
0.00631579
0.00631579
0.00631579
0.00631579
0.00631579
0.00631579
0.00631579
0.00631579
0.00631579
0.00631579
0.00631579
0.00631579
0.00631579
0.00631579
0.00631579
0.00631579
0.00631579
0.00631579
0.00631579
0.00631579
0.00631579
0.00631579
0.00631579
0.00631579
0.00631579
0.00631579
0.00631579
0.00631579
0.00631579
0.00631579
0.00631579
0.00631579
0.00631579
0.00631579
0.00631579
0.00631579
0.00631579
0.00631579
0.00631579
0.00631579
0.00631579
0.00631579
0.00631579
0.00631579
0.00631579
0.00631579
0.00631579
0.00631579
0.00631579
0.00631579
0.00631579
0.00631579
0.00631579
0.00631579
0.00631579
0.00631579
0.00631579
0.00631579
0.00631579
0.00631579
0.00631579
0.00631579
0.00631579
0.00693208
0.00631579
0.00631579
0.00631579
0.00631579
0.00631579
0.00631579
0.00631579
0.00631579
0.00631579
0.00631579
0.00631579
0.00631579
0.00631579
0.00631579
0.00631579
0.00631579
0.00631579
0.00631579
0.00631579
0.00631579
0.00631579
0.00631579
0.00631579
0.00631579
0.00631579
0.00631579
0.00631579
0.00631579
0.00631579
0.00631579
0.00631579
0.00631579
0.00631579
0.00631579
0.00631579
0.00631579
0.00631579
0.00631579
0.00631579
0.00631579
0.00631579
0.00631579
0.00631579
0.00631579
0.00631579
0.00631579
0.00631579
0.00631579
0.00631579
0.00631579
0.00631579
0.00631579
0.00631579
0.00631579
0.00631579
0.00631579
0.00631579
0.00631579
0.00631579
0.00631579
0.00631579
0.00631579
0.00631579
0.00631579
0.00631579
0.00631579
0.00631579
0.00631579
0.00631579
0.00631579
0.00631579
0.00631579
0.00631579
0.00631579
0.00631579
0.00631579
0.00631579
0.00631579
0.00631579
0.00631579
0.00631579
0.00631579
0.00631579
0.00631579
0.00631579
0.00631579
0.00631579
0.00631579
0.00631579
0.00631579
0.00631579
0.00631579
0.00631579
0.00631579
0.00631579
0.00631579
0.00631579
0.00631579
0.00631579
0.00631579
0.00631579
0.00631579
0.00631579
0.00631579
0.00631579
0.00631579
0.00631579
0.00631579
0.00631579
0.00631579
0.00631579
0.00631579
0.00631579
0.00631579
0.00631579
0.00631579
0.00631579
0.00631579
0.00631579
0.00631579
0.00631579
0.00631579
0.00631579
0.00631579
0.00631579
0.00631579
0.00631579
0.00631579
0.00631579
0.00631579
0.00631579
0.00631579
0.00631579
0.00631579
0.00631579
0.00631579
0.00631579
0.00631579
0.00631579
0.00631579
0.00631579
0.00631579
0.00631579
0.00631579
0.00631579
0.00631579
0.00631579
0.00631579
0.00631579
0.00631579
0.00631579
0.00631579
0.00631579
0.00631579
0.00631579
0.00631579
0.00631579
0.00631579
0.00631579
0.00631579
0.00631579
0.00671622
0.00631579
0.00631579
0.00631579
0.00631579
0.00631579
0.00631579
0.00631579
0.00631579
0.00631579
0.00631579
0.00631579
0.00631579
0.00631579
0.00631579
0.00631579
0.00631579
0.00631579
0.00631579
0.00631579
0.00631579
0.00631579
0.00631579
0.00631579
0.00631579
0.00631579
0.00631579
0.00631579
0.00631579
0.00631579
0.00631579
0.00631579
0.00631579
0.00631579
0.00631579
0.00631579
0.00631579
0.00631579
0.00631579
0.00631579
0.00631579
0.00631579
0.00631579
0.00631579
0.00631579
0.00631579
0.00631579
0.00631579
0.00631579
0.00631579
0.00631579
0.00631579
0.00631579
0.00631579
0.00631579
0.00631579
0.00631579
0.00631579
0.00631579
0.00631579
0.00631579
0.00631579
0.00631579
0.00631579
0.00631579
0.00631579
0.00631579
0.00631579
0.00631579
0.00631579
0.00631579
0.00631579
0.00631579
0.00631579
0.00631579
0.00631579
0.00631579
0.00631579
0.00631579
0.00631579
0.00631579
0.00631579
0.00631579
0.00631579
0.00631579
0.00631579
0.00631579
0.00631579
0.00631579
0.00631579
0.00631579
0.00631579
0.00664998
0.00631579
0.00631579
0.00631579
0.00631579
0.00631579
0.00731451
0.00631579
0.00631579
0.00631579
0.00631579
0.00631579
0.00631579
0.00631579
0.00631579
0.00637249
0.00631579
0.00631579
0.00631579
0.00631579
0.00631579
0.00631579
0.00631579
0.00631579
0.00631579
0.00631579
0.00631579
0.00631579
0.00631579
0.00631579
0.00631579
0.00631579
0.00631579
0.00631579
0.00748044
0.00631579
0.00631579
0.00631579
0.00631579
0.00631579
0.00631579
0.00631579
0.00631579
0.00631579
0.00631579
0.00631579
0.00631579
0.00631579
0.00631579
0.00631579
0.00631579
0.00631579
0.00631579
0.00631579
0.00631579
0.00631579
0.00631579
0.00631579
0.00631579
0.00631579
0.00631579
0.00631579
0.00631579
0.00631579
0.00631579
0.00631579
0.00631579
0.00631579
0.00631579
0.00631579
0.00631579
0.00631579
0.00631579
0.00631579
0.00631579
0.00631579
0.00631579
0.00631579
0.00631579
0.00631579
0.00631579
0.00631579
0.00631579
0.00631579
0.00631579
0.00631579
0.00631579
0.00631579
0.00631579
0.00631579
0.00631579
0.00631579
0.00631579
0.00631579
0.00631579
0.00631579
0.00735043
0.00738166
0.00741938
0.00739141
0.00748044
0.00748044
0.00748044
0.00748044
0.00631579
0.00692099
0.00741875
0.00747862
0.00747905
0.0001
0.0001
0.00748044
0.00748044
0.00743208
0.00748044
0.00748044
0.00748044
0.0001
0.0001
0.00748044
0.00748044
0.00748044
0.0001
0.0001
0.0001
0.0001
0.0001
0.0001
0.0001
0.0001
0.0001
0.00631579
0.00631579
0.00631579
0.00631579
0.00631579
0.00631579
0.00631579
0.00631579
0.00631579
0.00631579
0.00631579
0.00631579
0.00631579
0.00631579
0.00631579
0.00631579
0.00631579
0.00631579
0.00631579
0.00631579
0.00631579
0.00631579
0.00631579
0.00631579
0.00631579
0.00631579
0.00631579
0.00631579
0.00631579
0.00631579
0.00631579
0.00631579
0.00631579
0.00631579
0.00631579
0.00631579
0.00631579
0.00631579
0.00631579
0.00631579
0.00631579
0.00631579
0.00631579
0.00631579
0.00631579
0.00631579
0.00631579
0.00631579
0.00631579
0.00631579
0.00631579
0.00631579
0.00631579
0.00631579
0.00631579
0.00631579
0.00631579
0.00631579
0.00631579
0.00631579
0.00631579
0.0001
0.0074059
0.0001
0.0001
0.0001
0.0001
0.0001
0.0001
0.0001
0.0001
0.0001
0.0001
0.0001
0.0001
0.0001
0.0001
0.0001
0.0001
0.0001
0.0001
0.0001
0.0001
0.0001
0.0001
0.0001
0.0001
0.0001
0.0001
0.0001
0.0001
0.0001
0.0001
0.0001
0.0001
0.0001
0.00631579
0.00631579
0.00631579
0.00631579
0.00631579
0.00631579
0.00631579
0.00631579
0.00631579
0.00631579
0.00631579
0.00631579
0.00631579
0.00631579
0.00631579
0.00631579
0.00631579
0.00631579
0.00631579
0.00631579
0.00631579
0.00631579
0.00631579
0.00631579
0.00631579
0.00631579
0.00631579
0.00631579
0.00631579
0.00631579
0.00631579
0.00631579
0.00631579
0.00631579
0.00631579
0.00631579
0.00631579
0.00631579
0.00631579
0.00631579
0.00631579
0.00631579
0.00631579
0.00631579
0.00631579
0.00631579
0.00631579
0.00631579
0.00631579
0.00631579
0.00631579
0.00631579
0.00631579
0.00631579
0.00631579
0.00631579
0.00631579
0.00631579
0.00631579
0.00631579
0.00631579
0.0001
0.0001
0.0001
0.0001
0.0001
0.0001
0.0001
0.0001
0.0001
0.0001
0.0001
0.0001
0.0001
0.0001
0.0001
0.0001
0.0001
0.0001
0.0001
0.0001
0.0001
0.0001
0.0001
0.0001
0.0001
0.0001
0.0001
0.0001
0.0001
0.0001
0.0001
0.0001
0.0001
0.0001
0.0001
0.00631579
0.00631579
0.00631579
0.00631579
0.00631579
0.00631579
0.00631579
0.00631579
0.00631579
0.00631579
0.00631579
0.00631579
0.00631579
0.00631579
0.00631579
0.00631579
0.00631579
0.00631579
0.00631579
0.00631579
0.00631579
0.00631579
0.00631579
0.00631579
0.00631579
0.00631579
0.00631579
0.00631579
0.00631579
0.00631579
0.00631579
0.00631579
0.00631579
0.00631579
0.00631579
0.00631579
0.00631579
0.00631579
0.00631579
0.00631579
0.00631579
0.00631579
0.00631579
0.00631579
0.00631579
0.00631579
0.00631579
0.00631579
0.00631579
0.00631579
0.00631579
0.00631579
0.00631579
0.00631579
0.00631579
0.00631579
0.00631579
0.00631579
0.00631579
0.00631579
0.00631579
0.0001
0.0001
0.0001
0.0001
0.0001
0.0001
0.0001
0.0001
0.0001
0.0001
0.0001
0.0001
0.0001
0.0001
0.0001
0.0001
0.0001
0.0001
0.0001
0.0001
0.0001
0.0001
0.0001
0.0001
0.0001
0.0001
0.0001
0.0001
0.0001
0.0001
0.0001
0.0001
0.0001
0.0001
0.0001
0.00631579
0.00631579
0.00631579
0.00631579
0.00631579
0.00631579
0.00631579
0.00631579
0.00631579
0.00631579
0.00631579
0.00631579
0.00631579
0.00631579
0.00631579
0.00631579
0.00631579
0.00631579
0.00631579
0.00631579
0.00631579
0.00631579
0.00631579
0.00631579
0.00631579
0.00631579
0.00631579
0.00631579
0.00631579
0.00631579
0.00631579
0.00631579
0.00631579
0.00631579
0.00631579
0.00631579
0.00631579
0.00631579
0.00631579
0.00631579
0.00631579
0.00631579
0.00631579
0.00631579
0.00631579
0.00631579
0.00631579
0.00631579
0.00631579
0.00631579
0.00631579
0.00631579
0.00631579
0.00631579
0.00631579
0.00631579
0.00631579
0.00631579
0.00631579
0.00631579
0.00631579
0.00716516
0.0001
0.0001
0.0001
0.0001
0.0001
0.0001
0.0001
0.0001
0.0001
0.0001
0.0001
0.0001
0.0001
0.0001
0.0001
0.0001
0.0001
0.0001
0.0001
0.0001
0.0001
0.0001
0.0001
0.0001
0.0001
0.0001
0.0001
0.0001
0.0001
0.0001
0.0001
0.0001
0.0001
0.0001
0.00631579
0.00631579
0.00631579
0.00631579
0.00631579
0.00631579
0.00631579
0.00631579
0.00631579
0.00631579
0.00631579
0.00631579
0.00631579
0.00631579
0.00631579
0.00631579
0.00631579
0.00631579
0.00631579
0.00631579
0.00631579
0.00631579
0.00631579
0.00631579
0.00631579
0.00631579
0.00631579
0.00631579
0.00631579
0.00631579
0.00631579
0.00631579
0.00631579
0.00631579
0.00631579
0.00631579
0.00631579
0.00631579
0.00631579
0.00631579
0.00631579
0.00631579
0.00631579
0.00631579
0.00631579
0.00631579
0.00631579
0.00631579
0.00631579
0.00631579
0.00631579
0.00631579
0.00631579
0.00631579
0.00631579
0.00631579
0.00631579
0.00631579
0.00631579
0.00631579
0.00631579
0.00631579
0.00748044
0.0001
0.0001
0.0001
0.0001
0.0001
0.0001
0.0001
0.0001
0.0001
0.0001
0.0001
0.0001
0.0001
0.0001
0.0001
0.0001
0.0001
0.0001
0.0001
0.0001
0.0001
0.0001
0.0001
0.0001
0.0001
0.0001
0.0001
0.0001
0.0001
0.0001
0.0001
0.0001
0.0001
0.00631579
0.00631579
0.00631579
0.00631579
0.00631579
0.00631579
0.00631579
0.00631579
0.00631579
0.00631579
0.00631579
0.00631579
0.00631579
0.00631579
0.00631579
0.00631579
0.00631579
0.00631579
0.00631579
0.00631579
0.00631579
0.00631579
0.00631579
0.00631579
0.00631579
0.00631579
0.00631579
0.00631579
0.00631579
0.00631579
0.00631579
0.00631579
0.00631579
0.00631579
0.00631579
0.00631579
0.00631579
0.00631579
0.00631579
0.00631579
0.00631579
0.00631579
0.00631579
0.00631579
0.00631579
0.00631579
0.00631579
0.00631579
0.00631579
0.00631579
0.00631579
0.00631579
0.00631579
0.00631579
0.00631579
0.00631579
0.00631579
0.00631579
0.00631579
0.00631579
0.00631579
0.00631579
0.00748044
0.0001
0.0001
0.0001
0.0001
0.0001
0.0001
0.0001
0.0001
0.0001
0.0001
0.0001
0.0001
0.0001
0.0001
0.0001
0.0001
0.0001
0.0001
0.0001
0.0001
0.0001
0.0001
0.0001
0.0001
0.0001
0.0001
0.0001
0.0001
0.0001
0.0001
0.0001
0.0001
0.0001
0.00631579
0.00631579
0.00631579
0.00631579
0.00631579
0.00631579
0.00631579
0.00631579
0.00631579
0.00631579
0.00631579
0.00631579
0.00631579
0.00631579
0.00631579
0.00631579
0.00631579
0.00631579
0.00631579
0.00631579
0.00631579
0.00631579
0.00631579
0.00631579
0.00631579
0.00631579
0.00631579
0.00631579
0.00631579
0.00631579
0.00631579
0.00631579
0.00631579
0.00631579
0.00631579
0.00631579
0.00631579
0.00631579
0.00631579
0.00631579
0.00631579
0.00631579
0.00631579
0.00631579
0.00631579
0.00631579
0.00631579
0.00631579
0.00631579
0.00631579
0.00631579
0.00631579
0.00631579
0.00631579
0.00631579
0.00631579
0.00631579
0.00631579
0.00631579
0.00631579
0.00631579
0.00631579
0.0001
0.0001
0.0001
0.0001
0.0001
0.0001
0.0001
0.0001
0.0001
0.0001
0.0001
0.0001
0.0001
0.0001
0.0001
0.0001
0.0001
0.0001
0.0001
0.0001
0.0001
0.0001
0.0001
0.0001
0.0001
0.0001
0.0001
0.0001
0.0001
0.0001
0.0001
0.0001
0.0001
0.0001
0.00631579
0.00631579
0.00631579
0.00631579
0.00631579
0.00631579
0.00631579
0.00631579
0.00631579
0.00631579
0.00631579
0.00631579
0.00631579
0.00631579
0.00631579
0.00631579
0.00631579
0.00631579
0.00631579
0.00631579
0.00631579
0.00631579
0.00631579
0.00631579
0.00631579
0.00631579
0.00631579
0.00631579
0.00631579
0.00631579
0.00631579
0.00631579
0.00631579
0.00631579
0.00631579
0.00631579
0.00631579
0.00631579
0.00631579
0.00631579
0.00631579
0.00631579
0.00631579
0.00631579
0.00631579
0.00631579
0.00631579
0.00631579
0.00631579
0.00631579
0.00631579
0.00631579
0.00631579
0.00631579
0.00631579
0.00631579
0.00631579
0.00631579
0.00631579
0.00631579
0.00631579
0.00741711
0.0001
0.0001
0.0001
0.0001
0.0001
0.0001
0.0001
0.0001
0.0001
0.0001
0.0001
0.0001
0.0001
0.0001
0.0001
0.0001
0.0001
0.0001
0.0001
0.0001
0.0001
0.0001
0.0001
0.0001
0.0001
0.0001
0.0001
0.0001
0.0001
0.0001
0.0001
0.0001
0.0001
0.0001
0.00631579
0.00631579
0.00631579
0.00631579
0.00631579
0.00631579
0.00631579
0.00631579
0.00631579
0.00631579
0.00631579
0.00631579
0.00631579
0.00631579
0.00631579
0.00631579
0.00631579
0.00631579
0.00631579
0.00631579
0.00631579
0.00631579
0.00631579
0.00631579
0.00631579
0.00631579
0.00631579
0.00631579
0.00631579
0.00631579
0.00631579
0.00631579
0.00631579
0.00631579
0.00631579
0.00631579
0.00631579
0.00631579
0.00631579
0.00631579
0.00631579
0.00631579
0.00631579
0.00631579
0.00631579
0.00631579
0.00631579
0.00631579
0.00631579
0.00631579
0.00631579
0.00631579
0.00631579
0.00631579
0.00631579
0.00631579
0.00631579
0.00631579
0.00631579
0.00631579
0.00631579
0.00747878
0.00748044
0.00748044
0.0001
0.0001
0.0001
0.0001
0.0001
0.0001
0.0001
0.0001
0.0001
0.0001
0.0001
0.0001
0.0001
0.0001
0.0001
0.0001
0.0001
0.0001
0.0001
0.0001
0.0001
0.0001
0.0001
0.0001
0.0001
0.0001
0.0001
0.0001
0.0001
0.0001
0.0001
0.0001
0.00631579
0.00631579
0.00631579
0.00631579
0.00631579
0.00631579
0.00631579
0.00631579
0.00631579
0.00631579
0.00631579
0.00631579
0.00631579
0.00631579
0.00631579
0.00631579
0.00631579
0.00631579
0.00631579
0.00631579
0.00631579
0.00631579
0.00631579
0.00631579
0.00631579
0.00631579
0.00631579
0.00631579
0.00631579
0.00631579
0.00631579
0.00631579
0.00631579
0.00631579
0.00631579
0.00631579
0.00631579
0.00631579
0.00631579
0.00631579
0.00631579
0.00631579
0.00631579
0.00631579
0.00631579
0.00631579
0.00631579
0.00631579
0.00631579
0.00631579
0.00631579
0.00631579
0.00631579
0.00631579
0.00631579
0.00631579
0.00631579
0.00631579
0.00631579
0.00631579
0.00631579
0.00689809
0.00631579
0.00631579
0.00631579
0.00631579
0.00699818
0.00724934
0.00682746
0.00734353
0.00747099
0.00748044
0.00748044
0.0001
0.0001
0.0001
0.0001
0.0001
0.0001
0.0001
0.0001
0.0001
0.0001
0.0001
0.0001
0.0001
0.0001
0.0001
0.0001
0.0001
0.0001
0.0001
0.0001
0.0001
0.0001
0.0001
0.00631579
0.00631579
0.00631579
0.00631579
0.00631579
0.00631579
0.00631579
0.00631579
0.00631579
0.00631579
0.00631579
0.00631579
0.00631579
0.00631579
0.00631579
0.00631579
0.00631579
0.00631579
0.00631579
0.00631579
0.00631579
0.00631579
0.00631579
0.00631579
0.00631579
0.00631579
0.00631579
0.00631579
0.00631579
0.00631579
0.00631579
0.00631579
0.00631579
0.00631579
0.00631579
0.00631579
0.00631579
0.00631579
0.00631579
0.00631579
0.00631579
0.00631579
0.00631579
0.00631579
0.00631579
0.00631579
0.00631579
0.00631579
0.00631579
0.00631579
0.00631579
0.00631579
0.00631579
0.00631579
0.00631579
0.00631579
0.00631579
0.00631579
0.00631579
0.00631579
0.00631579
0.00631579
0.00631579
0.00631579
0.00631579
0.00631579
0.00631579
0.00631579
0.00631579
0.00631579
0.00631579
0.00653674
0.00631579
0.00631579
0.00663403
0.00687963
0.00690911
0.0074359
0.00748044
0.00748044
0.0001
0.0001
0.0001
0.0001
0.00724118
0.0001
0.0001
0.0001
0.0001
0.0001
0.0001
0.0001
0.0001
0.0001
0.0001
0.0001
0.00631579
0.00631579
0.00631579
0.00631579
0.00631579
0.00631579
0.00631579
0.00631579
0.00631579
0.00631579
0.00631579
0.00631579
0.00631579
0.00631579
0.00631579
0.00631579
0.00631579
0.00631579
0.00631579
0.00631579
0.00631579
0.00631579
0.00631579
0.00631579
0.00631579
0.00631579
0.00631579
0.00631579
0.00631579
0.00631579
0.00631579
0.00631579
0.00631579
0.00631579
0.00631579
0.00631579
0.00631579
0.00631579
0.00631579
0.00631579
0.00631579
0.00631579
0.00631579
0.00631579
0.00631579
0.00631579
0.00631579
0.00631579
0.00631579
0.00631579
0.00631579
0.00631579
0.00631579
0.00631579
0.00631579
0.00631579
0.00631579
0.00631579
0.00631579
0.00631579
0.00631579
0.00631579
0.00631579
0.00631579
0.00631579
0.00631579
0.00631579
0.00631579
0.00631579
0.00631579
0.00631579
0.00631579
0.00631579
0.00666935
0.00631579
0.00631579
0.00631579
0.00631579
0.00667476
0.00631579
0.00729054
0.00745589
0.00649469
0.0001
0.0001
0.0001
0.0001
0.0001
0.0001
0.0001
0.0001
0.0001
0.0001
0.0001
0.0001
0.0001
0.00631579
0.00631579
0.00631579
0.00631579
0.00631579
0.00631579
0.00631579
0.00631579
0.00631579
0.00631579
0.00631579
0.00631579
0.00631579
0.00631579
0.00631579
0.00631579
0.00631579
0.00631579
0.00631579
0.00631579
0.00631579
0.00631579
0.00631579
0.00631579
0.00631579
0.00631579
0.00631579
0.00631579
0.00631579
0.00631579
0.00631579
0.00631579
0.00631579
0.00631579
0.00631579
0.00631579
0.00631579
0.00631579
0.00631579
0.00631579
0.00631579
0.00631579
0.00631579
0.00631579
0.00631579
0.00631579
0.00631579
0.00631579
0.00631579
0.00631579
0.00631579
0.00631579
0.00631579
0.00631579
0.00631579
0.00631579
0.00631579
0.00631579
0.00631579
0.00631579
0.00631579
0.00631579
0.00631579
0.00631579
0.00631579
0.00688593
0.00700332
0.00631579
0.00631579
0.00631579
0.00631579
0.00631579
0.00631579
0.00631579
0.00738314
0.00748044
0.0001
0.0001
0.0001
0.0001
0.0001
0.0001
0.0001
0.0001
0.0001
0.0001
0.0001
0.0001
0.0001
0.0001
0.0001
0.0001
0.0001
0.0001
0.0001
0.00747905
0.00631579
0.00631579
0.00631579
0.00631579
0.00631579
0.00631579
0.00631579
0.00631579
0.00631579
0.00631579
0.00631579
0.00631579
0.00631579
0.00631579
0.00631579
0.00631579
0.00631579
0.00631579
0.00631579
0.00631579
0.00631579
0.00631579
0.00631579
0.00631579
0.00631579
0.00631579
0.00631579
0.00631579
0.00631579
0.00631579
0.00631579
0.00631579
0.00631579
0.00631579
0.00631579
0.00631579
0.00631579
0.00631579
0.00631579
0.00631579
0.00631579
0.00631579
0.00631579
0.00631579
0.00631579
0.00631579
0.00631579
0.00631579
0.00631579
0.00631579
0.00631579
0.00631579
0.00631579
0.00631579
0.00631579
0.00631579
0.00631579
0.00631579
0.00631579
0.00631579
0.00631579
0.00631579
0.00631579
0.00644345
0.00631579
0.00631579
0.00715984
0.00631579
0.00631579
0.00659659
0.00631579
0.00631579
0.00631579
0.00631579
0.00631579
0.00631579
0.00631579
0.00631579
0.00631579
0.00631579
0.00631579
0.00738093
0.00631579
0.00631579
0.00631579
0.00637169
0.00631579
0.00631579
0.00631579
0.00631579
0.00631579
0.00631579
0.00631579
0.00631579
0.00737573
0.00747882
0.00631579
0.00631579
0.00631579
0.00631579
0.00631579
0.00631579
0.00631579
0.00631579
0.00631579
0.00631579
0.00631579
0.00631579
0.00631579
0.00631579
0.00631579
0.00631579
0.00631579
0.00631579
0.00631579
0.00631579
0.00631579
0.00631579
0.00631579
0.00631579
0.00631579
0.00631579
0.00631579
0.00631579
0.00631579
0.00631579
0.00631579
0.00631579
0.00631579
0.00631579
0.00631579
0.00631579
0.00631579
0.00631579
0.00631579
0.00631579
0.00631579
0.00631579
0.00631579
0.00631579
0.00631579
0.00631579
0.00631579
0.00631579
0.00631579
0.00631579
0.00631579
0.00631579
0.00631579
0.00631579
0.00631579
0.00631579
0.00631579
0.00631579
0.00631579
0.00631579
0.00631579
0.00691036
0.00733009
0.00724444
0.00692179
0.00678188
0.00631579
0.00691782
0.00679967
0.00739702
0.00655471
0.00733196
0.0073389
0.00631579
0.00722989
0.00739665
0.00701712
0.00702281
0.00631579
0.00631579
0.00645417
0.0068713
0.00681782
0.00729165
0.00708501
0.00713868
0.00719192
0.00656999
0.00739669
0.00748044
0.00748044
0.0001
0.00748044
0.00748044
0.00748044
0.0001
0.00631579
0.00631579
0.00631579
0.00631579
0.00631579
0.00631579
0.00631579
0.00631579
0.00631579
0.00631579
0.00631579
0.00631579
0.00631579
0.00631579
0.00631579
0.00631579
0.00631579
0.00631579
0.00631579
0.00631579
0.00631579
0.00631579
0.00631579
0.00631579
0.00631579
0.00631579
0.00631579
0.00631579
0.00631579
0.00631579
0.00631579
0.00631579
0.00631579
0.00631579
0.00631579
0.00631579
0.00631579
0.00631579
0.00631579
0.00631579
0.00631579
0.00631579
0.00631579
0.00631579
0.00631579
0.00631579
0.00631579
0.00631579
0.00631579
0.00631579
0.00631579
0.00631579
0.00631579
0.00631579
0.00631579
0.00631579
0.00631579
0.00631579
0.00631579
0.00631579
0.00631579
0.00635809
0.00748044
0.00748044
0.0001
0.0001
0.0001
0.0001
0.0001
0.0001
0.00748044
0.00748044
0.0001
0.0001
0.0001
0.0001
0.0001
0.0001
0.0001
0.0001
0.0001
0.0001
0.0001
0.0001
0.0001
0.0001
0.0001
0.0001
0.0001
0.0001
0.0001
0.0001
0.0001
0.0001
0.0001
0.0001
0.00631579
0.00631579
0.00631579
0.00631579
0.00631579
0.00631579
0.00631579
0.00631579
0.00631579
0.00631579
0.00631579
0.00631579
0.00631579
0.00631579
0.00631579
0.00631579
0.00631579
0.00631579
0.00631579
0.00631579
0.00631579
0.00631579
0.00631579
0.00631579
0.00631579
0.00631579
0.00631579
0.00631579
0.00631579
0.00631579
0.00631579
0.00631579
0.00631579
0.00631579
0.00631579
0.00631579
0.00631579
0.00631579
0.00631579
0.00631579
0.00631579
0.00631579
0.00631579
0.00631579
0.00631579
0.00631579
0.00631579
0.00631579
0.00631579
0.00631579
0.00631579
0.00631579
0.00631579
0.00631579
0.00631579
0.00631579
0.00631579
0.00631579
0.00631579
0.00631579
0.00631579
0.00748044
0.0001
0.0001
0.0001
0.0001
0.0001
0.0001
0.0001
0.0001
0.0001
0.0001
0.0001
0.0001
0.0001
0.0001
0.0001
0.0001
0.0001
0.0001
0.0001
0.0001
0.0001
0.0001
0.0001
0.0001
0.0001
0.0001
0.0001
0.0001
0.0001
0.0001
0.0001
0.0001
0.0001
0.0001
0.00631579
0.00631579
0.00631579
0.00631579
0.00631579
0.00631579
0.00631579
0.00631579
0.00631579
0.00631579
0.00631579
0.00631579
0.00631579
0.00631579
0.00631579
0.00631579
0.00631579
0.00631579
0.00631579
0.00631579
0.00631579
0.00631579
0.00631579
0.00631579
0.00631579
0.00631579
0.00631579
0.00631579
0.00631579
0.00631579
0.00631579
0.00631579
0.00631579
0.00631579
0.00631579
0.00631579
0.00631579
0.00631579
0.00631579
0.00631579
0.00631579
0.00631579
0.00631579
0.00631579
0.00631579
0.00631579
0.00631579
0.00631579
0.00631579
0.00631579
0.00631579
0.00631579
0.00631579
0.00631579
0.00631579
0.00631579
0.00631579
0.00631579
0.00631579
0.00631579
0.00631579
0.00748044
0.0001
0.0001
0.0001
0.0001
0.0001
0.0001
0.0001
0.0001
0.0001
0.0001
0.0001
0.0001
0.0001
0.0001
0.0001
0.0001
0.0001
0.0001
0.0001
0.0001
0.0001
0.0001
0.0001
0.0001
0.0001
0.0001
0.0001
0.0001
0.0001
0.0001
0.0001
0.0001
0.0001
0.0001
0.00631579
0.00631579
0.00631579
0.00631579
0.00631579
0.00631579
0.00631579
0.00631579
0.00631579
0.00631579
0.00631579
0.00631579
0.00631579
0.00631579
0.00631579
0.00631579
0.00631579
0.00631579
0.00631579
0.00631579
0.00631579
0.00631579
0.00631579
0.00631579
0.00631579
0.00631579
0.00631579
0.00631579
0.00631579
0.00631579
0.00631579
0.00631579
0.00631579
0.00631579
0.00631579
0.00631579
0.00631579
0.00631579
0.00631579
0.00631579
0.00631579
0.00631579
0.00631579
0.00631579
0.00631579
0.00631579
0.00631579
0.00631579
0.00631579
0.00631579
0.00631579
0.00631579
0.00631579
0.00631579
0.00631579
0.00631579
0.00631579
0.00631579
0.00631579
0.00631579
0.00631579
0.00744028
0.0001
0.0001
0.0001
0.0001
0.0001
0.0001
0.0001
0.0001
0.0001
0.0001
0.0001
0.0001
0.0001
0.0001
0.0001
0.0001
0.0001
0.0001
0.0001
0.0001
0.0001
0.0001
0.0001
0.0001
0.0001
0.0001
0.0001
0.0001
0.0001
0.0001
0.0001
0.0001
0.0001
0.0001
0.00631579
0.00631579
0.00631579
0.00631579
0.00631579
0.00631579
0.00631579
0.00631579
0.00631579
0.00631579
0.00631579
0.00631579
0.00631579
0.00631579
0.00631579
0.00631579
0.00631579
0.00631579
0.00631579
0.00631579
0.00631579
0.00631579
0.00631579
0.00631579
0.00631579
0.00631579
0.00631579
0.00631579
0.00631579
0.00631579
0.00631579
0.00631579
0.00631579
0.00631579
0.00631579
0.00631579
0.00631579
0.00631579
0.00631579
0.00631579
0.00631579
0.00631579
0.00631579
0.00631579
0.00631579
0.00631579
0.00631579
0.00631579
0.00631579
0.00631579
0.00631579
0.00631579
0.00631579
0.00631579
0.00631579
0.00631579
0.00631579
0.00631579
0.00631579
0.00631579
0.00631579
0.00631579
0.00748044
0.0001
0.0001
0.0001
0.0001
0.0001
0.0001
0.0001
0.0001
0.0001
0.0001
0.0001
0.0001
0.0001
0.0001
0.0001
0.0001
0.0001
0.0001
0.0001
0.0001
0.0001
0.0001
0.0001
0.0001
0.0001
0.0001
0.0001
0.0001
0.0001
0.0001
0.0001
0.0001
0.0001
0.00631579
0.00631579
0.00631579
0.00631579
0.00631579
0.00631579
0.00631579
0.00631579
0.00631579
0.00631579
0.00631579
0.00631579
0.00631579
0.00631579
0.00631579
0.00631579
0.00631579
0.00631579
0.00631579
0.00631579
0.00631579
0.00631579
0.00631579
0.00631579
0.00631579
0.00631579
0.00631579
0.00631579
0.00631579
0.00631579
0.00631579
0.00631579
0.00631579
0.00631579
0.00631579
0.00631579
0.00631579
0.00631579
0.00631579
0.00631579
0.00631579
0.00631579
0.00631579
0.00631579
0.00631579
0.00631579
0.00631579
0.00631579
0.00631579
0.00631579
0.00631579
0.00631579
0.00631579
0.00631579
0.00631579
0.00631579
0.00631579
0.00631579
0.00631579
0.00631579
0.00631579
0.00631579
0.00748044
0.0001
0.0001
0.0001
0.0001
0.0001
0.0001
0.0001
0.0001
0.0001
0.0001
0.0001
0.0001
0.0001
0.0001
0.0001
0.0001
0.0001
0.0001
0.0001
0.0001
0.0001
0.0001
0.0001
0.0001
0.0001
0.0001
0.0001
0.0001
0.0001
0.0001
0.0001
0.0001
0.0001
0.00631579
0.00631579
0.00631579
0.00631579
0.00631579
0.00631579
0.00631579
0.00631579
0.00631579
0.00631579
0.00631579
0.00631579
0.00631579
0.00631579
0.00631579
0.00631579
0.00631579
0.00631579
0.00631579
0.00631579
0.00631579
0.00631579
0.00631579
0.00631579
0.00631579
0.00631579
0.00631579
0.00631579
0.00631579
0.00631579
0.00631579
0.00631579
0.00631579
0.00631579
0.00631579
0.00631579
0.00631579
0.00631579
0.00631579
0.00631579
0.00631579
0.00631579
0.00631579
0.00631579
0.00631579
0.00631579
0.00631579
0.00631579
0.00631579
0.00631579
0.00631579
0.00631579
0.00631579
0.00631579
0.00631579
0.00631579
0.00631579
0.00631579
0.00631579
0.00631579
0.00631579
0.00720035
0.00748044
0.0001
0.0001
0.0001
0.0001
0.0001
0.0001
0.0001
0.0001
0.0001
0.0001
0.0001
0.0001
0.0001
0.0001
0.0001
0.0001
0.0001
0.0001
0.0001
0.0001
0.0001
0.0001
0.0001
0.0001
0.0001
0.0001
0.0001
0.0001
0.0001
0.0001
0.0001
0.0001
0.0001
0.00631579
0.00631579
0.00631579
0.00631579
0.00631579
0.00631579
0.00631579
0.00631579
0.00631579
0.00631579
0.00631579
0.00631579
0.00631579
0.00631579
0.00631579
0.00631579
0.00631579
0.00631579
0.00631579
0.00631579
0.00631579
0.00631579
0.00631579
0.00631579
0.00631579
0.00631579
0.00631579
0.00631579
0.00631579
0.00631579
0.00631579
0.00631579
0.00631579
0.00631579
0.00631579
0.00631579
0.00631579
0.00631579
0.00631579
0.00631579
0.00631579
0.00631579
0.00631579
0.00631579
0.00631579
0.00631579
0.00631579
0.00631579
0.00631579
0.00631579
0.00631579
0.00631579
0.00631579
0.00631579
0.00631579
0.00631579
0.00631579
0.00631579
0.00631579
0.00631579
0.00631579
0.00645262
0.00748044
0.0001
0.0001
0.0001
0.0001
0.0001
0.0001
0.0001
0.0001
0.0001
0.0001
0.0001
0.0001
0.0001
0.0001
0.0001
0.0001
0.0001
0.0001
0.0001
0.0001
0.0001
0.0001
0.0001
0.0001
0.0001
0.0001
0.0001
0.0001
0.0001
0.0001
0.0001
0.0001
0.0001
0.00631579
0.00631579
0.00631579
0.00631579
0.00631579
0.00631579
0.00631579
0.00631579
0.00631579
0.00631579
0.00631579
0.00631579
0.00631579
0.00631579
0.00631579
0.00631579
0.00631579
0.00631579
0.00631579
0.00631579
0.00631579
0.00631579
0.00631579
0.00631579
0.00631579
0.00631579
0.00631579
0.00631579
0.00631579
0.00631579
0.00631579
0.00631579
0.00631579
0.00631579
0.00631579
0.00631579
0.00631579
0.00631579
0.00631579
0.00631579
0.00631579
0.00631579
0.00631579
0.00631579
0.00631579
0.00631579
0.00631579
0.00631579
0.00631579
0.00631579
0.00631579
0.00631579
0.00631579
0.00631579
0.00631579
0.00631579
0.00631579
0.00631579
0.00631579
0.00631579
0.00631579
0.00631579
0.00748044
0.0001
0.0001
0.0001
0.0001
0.0001
0.0001
0.0001
0.0001
0.0001
0.0001
0.0001
0.0001
0.0001
0.0001
0.0001
0.0001
0.0001
0.0001
0.0001
0.0001
0.0001
0.0001
0.0001
0.0001
0.0001
0.0001
0.0001
0.0001
0.0001
0.0001
0.0001
0.0001
0.0001
0.00631579
0.00631579
0.00631579
0.00631579
0.00631579
0.00631579
0.00631579
0.00631579
0.00631579
0.00631579
0.00631579
0.00631579
0.00631579
0.00631579
0.00631579
0.00631579
0.00631579
0.00631579
0.00631579
0.00631579
0.00631579
0.00631579
0.00631579
0.00631579
0.00631579
0.00631579
0.00631579
0.00631579
0.00631579
0.00631579
0.00631579
0.00631579
0.00631579
0.00631579
0.00631579
0.00631579
0.00631579
0.00631579
0.00631579
0.00631579
0.00631579
0.00631579
0.00631579
0.00631579
0.00631579
0.00631579
0.00631579
0.00631579
0.00631579
0.00631579
0.00631579
0.00631579
0.00631579
0.00631579
0.00631579
0.00631579
0.00631579
0.00631579
0.00631579
0.00631579
0.00631579
0.00721004
0.0001
0.0001
0.0001
0.0001
0.0001
0.0001
0.0001
0.0001
0.0001
0.0001
0.0001
0.0001
0.0001
0.0001
0.0001
0.0001
0.0001
0.0001
0.0001
0.0001
0.0001
0.0001
0.0001
0.0001
0.0001
0.0001
0.0001
0.0001
0.0001
0.0001
0.0001
0.0001
0.0001
0.0001
0.00631579
0.00631579
0.00631579
0.00631579
0.00631579
0.00631579
0.00631579
0.00631579
0.00631579
0.00631579
0.00631579
0.00631579
0.00631579
0.00631579
0.00631579
0.00631579
0.00631579
0.00631579
0.00631579
0.00631579
0.00631579
0.00631579
0.00631579
0.00631579
0.00631579
0.00631579
0.00631579
0.00631579
0.00631579
0.00631579
0.00631579
0.00631579
0.00631579
0.00631579
0.00631579
0.00631579
0.00631579
0.00631579
0.00631579
0.00631579
0.00631579
0.00631579
0.00631579
0.00631579
0.00631579
0.00631579
0.00631579
0.00631579
0.00631579
0.00631579
0.00631579
0.00631579
0.00631579
0.00631579
0.00631579
0.00631579
0.00631579
0.00631579
0.00631579
0.00631579
0.00631579
0.00727261
0.0001
0.0001
0.00748044
0.0001
0.00740825
0.0001
0.0001
0.0001
0.0001
0.0001
0.0001
0.0001
0.0001
0.0001
0.0001
0.0001
0.0001
0.0001
0.0001
0.0001
0.0001
0.0001
0.0001
0.0001
0.0001
0.0001
0.0001
0.0001
0.0001
0.0001
0.0001
0.0001
0.0001
0.0001
0.00631579
0.00631579
0.00631579
0.00631579
0.00631579
0.00631579
0.00631579
0.00631579
0.00631579
0.00631579
0.00631579
0.00631579
0.00631579
0.00631579
0.00631579
0.00631579
0.00631579
0.00631579
0.00631579
0.00631579
0.00631579
0.00631579
0.00631579
0.00631579
0.00631579
0.00631579
0.00631579
0.00631579
0.00631579
0.00631579
0.00631579
0.00631579
0.00631579
0.00631579
0.00631579
0.00631579
0.00631579
0.00631579
0.00631579
0.00631579
0.00631579
0.00631579
0.00631579
0.00631579
0.00631579
0.00631579
0.00631579
0.00631579
0.00631579
0.00631579
0.00631579
0.00631579
0.00631579
0.00631579
0.00631579
0.00631579
0.00631579
0.00631579
0.00631579
0.00631579
0.00631579
0.00631579
0.0001
0.00748044
0.00748044
0.00748044
0.00748044
0.0001
0.00748044
0.00743126
0.0001
0.0001
0.0001
0.0001
0.0001
0.0001
0.0001
0.0001
0.0001
0.0001
0.0001
0.0001
0.0001
0.0001
0.0001
0.0001
0.0001
0.0001
0.0001
0.0001
0.0001
0.0001
0.0001
0.0001
0.0001
0.0001
0.00631579
0.00631579
0.00631579
0.00631579
0.00631579
0.00631579
0.00631579
0.00631579
0.00631579
0.00631579
0.00631579
0.00631579
0.00631579
0.00631579
0.00631579
0.00631579
0.00631579
0.00631579
0.00631579
0.00631579
0.00631579
0.00631579
0.00631579
0.00631579
0.00631579
0.00631579
0.00631579
0.00631579
0.00631579
0.00631579
0.00631579
0.00631579
0.00631579
0.00631579
0.00631579
0.00631579
0.00631579
0.00631579
0.00631579
0.00631579
0.00631579
0.00631579
0.00631579
0.00631579
0.00631579
0.00631579
0.00631579
0.00631579
0.00631579
0.00631579
0.00631579
0.00631579
0.00631579
0.00631579
0.00631579
0.00631579
0.00631579
0.00631579
0.00631579
0.00631579
0.00631579
0.00734487
0.0001
0.0001
0.0001
0.0001
0.0001
0.0001
0.0001
0.0001
0.0001
0.0001
0.0001
0.0001
0.0001
0.0001
0.0001
0.0001
0.0001
0.0001
0.0001
0.0001
0.0001
0.0001
0.0001
0.0001
0.0001
0.0001
0.0001
0.0001
0.0001
0.0001
0.0001
0.0001
0.0001
0.0001
0.00631579
0.00631579
0.00631579
0.00631579
0.00631579
0.00631579
0.00631579
0.00631579
0.00631579
0.00631579
0.00631579
0.00631579
0.00631579
0.00631579
0.00631579
0.00631579
0.00631579
0.00631579
0.00631579
0.00631579
0.00631579
0.00631579
0.00631579
0.00631579
0.00631579
0.00631579
0.00631579
0.00631579
0.00631579
0.00631579
0.00631579
0.00631579
0.00631579
0.00631579
0.00631579
0.00631579
0.00631579
0.00631579
0.00631579
0.00631579
0.00631579
0.00631579
0.00631579
0.00631579
0.00631579
0.00631579
0.00631579
0.00631579
0.00631579
0.00631579
0.00631579
0.00631579
0.00631579
0.00631579
0.00631579
0.00631579
0.00631579
0.00631579
0.00631579
0.00631579
0.00631579
0.00737474
0.0001
0.0001
0.0001
0.0001
0.0001
0.0001
0.0001
0.0001
0.0001
0.0001
0.0001
0.0001
0.0001
0.0001
0.0001
0.0001
0.0001
0.0001
0.0001
0.0001
0.0001
0.0001
0.0001
0.0001
0.0001
0.0001
0.0001
0.0001
0.0001
0.0001
0.0001
0.0001
0.0001
0.0001
0.00631579
0.00631579
0.00631579
0.00631579
0.00631579
0.00631579
0.00631579
0.00631579
0.00631579
0.00631579
0.00631579
0.00631579
0.00631579
0.00631579
0.00631579
0.00631579
0.00631579
0.00631579
0.00631579
0.00631579
0.00631579
0.00631579
0.00631579
0.00631579
0.00631579
0.00631579
0.00631579
0.00631579
0.00631579
0.00631579
0.00631579
0.00631579
0.00631579
0.00631579
0.00631579
0.00631579
0.00631579
0.00631579
0.00631579
0.00631579
0.00631579
0.00631579
0.00631579
0.00631579
0.00631579
0.00631579
0.00631579
0.00631579
0.00631579
0.00631579
0.00631579
0.00631579
0.00631579
0.00631579
0.00631579
0.00631579
0.00631579
0.00631579
0.00631579
0.00631579
0.00631579
0.00720635
0.0001
0.0001
0.0001
0.0001
0.0001
0.0001
0.0001
0.0001
0.0001
0.0001
0.0001
0.0001
0.0001
0.0001
0.0001
0.0001
0.0001
0.0001
0.0001
0.0001
0.0001
0.0001
0.0001
0.0001
0.0001
0.0001
0.0001
0.0001
0.0001
0.0001
0.0001
0.0001
0.0001
0.0001
0.00631579
0.00631579
0.00631579
0.00631579
0.00631579
0.00631579
0.00631579
0.00631579
0.00631579
0.00631579
0.00631579
0.00631579
0.00631579
0.00631579
0.00631579
0.00631579
0.00631579
0.00631579
0.00631579
0.00631579
0.00631579
0.00631579
0.00631579
0.00631579
0.00631579
0.00631579
0.00631579
0.00631579
0.00631579
0.00631579
0.00631579
0.00631579
0.00631579
0.00631579
0.00631579
0.00631579
0.00631579
0.00631579
0.00631579
0.00631579
0.00631579
0.00631579
0.00631579
0.00631579
0.00631579
0.00631579
0.00631579
0.00631579
0.00631579
0.00631579
0.00631579
0.00631579
0.00631579
0.00631579
0.00631579
0.00631579
0.00631579
0.00631579
0.00631579
0.00631579
0.00631579
0.00631579
0.0001
0.0001
0.0001
0.0001
0.0001
0.0001
0.0001
0.0001
0.0001
0.0001
0.0001
0.0001
0.0001
0.0001
0.0001
0.0001
0.0001
0.0001
0.0001
0.0001
0.0001
0.00748044
0.0001
0.0001
0.0001
0.0001
0.0001
0.0001
0.0001
0.0001
0.0001
0.0001
0.0001
0.0001
0.00631579
0.00631579
0.00631579
0.00631579
0.00631579
0.00631579
0.00631579
0.00631579
0.00631579
0.00631579
0.00631579
0.00631579
0.00631579
0.00631579
0.00631579
0.00631579
0.00631579
0.00631579
0.00631579
0.00631579
0.00631579
0.00631579
0.00631579
0.00631579
0.00631579
0.00631579
0.00631579
0.00631579
0.00631579
0.00631579
0.00631579
0.00631579
0.00631579
0.00631579
0.00631579
0.00631579
0.00631579
0.00631579
0.00631579
0.00631579
0.00631579
0.00631579
0.00631579
0.00631579
0.00631579
0.00631579
0.00631579
0.00631579
0.00631579
0.00631579
0.00631579
0.00631579
0.00631579
0.00631579
0.00631579
0.00631579
0.00631579
0.00631579
0.00631579
0.00631579
0.00631579
0.00702853
0.00748044
0.0001
0.0001
0.0001
0.0001
0.0001
0.0001
0.0001
0.0001
0.0001
0.0001
0.0001
0.0001
0.0001
0.0001
0.0001
0.0001
0.0001
0.0001
0.0001
0.0001
0.0001
0.0001
0.0001
0.0001
0.0001
0.0001
0.0001
0.0001
0.0001
0.0001
0.0001
0.0001
0.0001
0.00631579
0.00631579
0.00631579
0.00631579
0.00631579
0.00631579
0.00631579
0.00631579
0.00631579
0.00631579
0.00631579
0.00631579
0.00631579
0.00631579
0.00631579
0.00631579
0.00631579
0.00631579
0.00631579
0.00631579
0.00631579
0.00631579
0.00631579
0.00631579
0.00631579
0.00631579
0.00631579
0.00631579
0.00631579
0.00631579
0.00631579
0.00631579
0.00631579
0.00631579
0.00631579
0.00631579
0.00631579
0.00631579
0.00631579
0.00631579
0.00631579
0.00631579
0.00631579
0.00631579
0.00631579
0.00631579
0.00631579
0.00631579
0.00631579
0.00631579
0.00631579
0.00631579
0.00631579
0.00631579
0.00631579
0.00631579
0.00631579
0.00631579
0.00631579
0.00631579
0.00631579
0.00631579
0.00748044
0.0001
0.0001
0.0001
0.0001
0.0001
0.0001
0.0001
0.0001
0.0001
0.0001
0.0001
0.0001
0.0001
0.0001
0.0001
0.0001
0.0001
0.0001
0.0001
0.0001
0.0001
0.0001
0.0001
0.0001
0.0001
0.0001
0.0001
0.0001
0.0001
0.0001
0.0001
0.0001
0.0001
0.00631579
0.00631579
0.00631579
0.00631579
0.00631579
0.00631579
0.00631579
0.00631579
0.00631579
0.00631579
0.00631579
0.00631579
0.00631579
0.00631579
0.00631579
0.00631579
0.00631579
0.00631579
0.00631579
0.00631579
0.00631579
0.00631579
0.00631579
0.00631579
0.00631579
0.00631579
0.00631579
0.00631579
0.00631579
0.00631579
0.00631579
0.00631579
0.00631579
0.00631579
0.00631579
0.00631579
0.00631579
0.00631579
0.00631579
0.00631579
0.00631579
0.00631579
0.00631579
0.00631579
0.00631579
0.00631579
0.00631579
0.00631579
0.00631579
0.00631579
0.00631579
0.00631579
0.00631579
0.00631579
0.00631579
0.00631579
0.00631579
0.00631579
0.00631579
0.00631579
0.00631579
0.00631579
0.00748044
0.0001
0.0001
0.0001
0.0001
0.0001
0.0001
0.0001
0.0001
0.0001
0.0001
0.0001
0.0001
0.0001
0.0001
0.0001
0.0001
0.0001
0.0001
0.0001
0.0001
0.0001
0.0001
0.0001
0.0001
0.0001
0.0001
0.0001
0.0001
0.0001
0.0001
0.0001
0.0001
0.0001
0.00631579
0.00631579
0.00631579
0.00631579
0.00631579
0.00631579
0.00631579
0.00631579
0.00631579
0.00631579
0.00631579
0.00631579
0.00631579
0.00631579
0.00631579
0.00631579
0.00631579
0.00631579
0.00631579
0.00631579
0.00631579
0.00631579
0.00631579
0.00631579
0.00631579
0.00631579
0.00631579
0.00631579
0.00631579
0.00631579
0.00631579
0.00631579
0.00631579
0.00631579
0.00631579
0.00631579
0.00631579
0.00631579
0.00631579
0.00631579
0.00631579
0.00631579
0.00631579
0.00631579
0.00631579
0.00631579
0.00631579
0.00631579
0.00631579
0.00631579
0.00631579
0.00631579
0.00631579
0.00631579
0.00631579
0.00631579
0.00631579
0.00631579
0.00631579
0.00631579
0.00631579
0.00631579
0.00748044
0.0001
0.0001
0.0001
0.0001
0.0001
0.0001
0.0001
0.0001
0.0001
0.0001
0.0001
0.0001
0.0001
0.0001
0.0001
0.0001
0.0001
0.0001
0.0001
0.0001
0.0001
0.0001
0.0001
0.0001
0.0001
0.0001
0.0001
0.0001
0.0001
0.0001
0.0001
0.0001
0.0001
0.00631579
0.00631579
0.00631579
0.00631579
0.00631579
0.00631579
0.00631579
0.00631579
0.00631579
0.00631579
0.00631579
0.00631579
0.00631579
0.00631579
0.00631579
0.00631579
0.00631579
0.00631579
0.00631579
0.00631579
0.00631579
0.00631579
0.00631579
0.00631579
0.00631579
0.00631579
0.00631579
0.00631579
0.00631579
0.00631579
0.00631579
0.00631579
0.00631579
0.00631579
0.00631579
0.00631579
0.00631579
0.00631579
0.00631579
0.00631579
0.00631579
0.00631579
0.00631579
0.00631579
0.00631579
0.00631579
0.00631579
0.00631579
0.00631579
0.00631579
0.00631579
0.00631579
0.00631579
0.00631579
0.00631579
0.00631579
0.00631579
0.00631579
0.00631579
0.00631579
0.00631579
0.00645955
0.00748044
0.0001
0.0001
0.0001
0.0001
0.0001
0.0001
0.0001
0.0001
0.0001
0.0001
0.0001
0.0001
0.0001
0.0001
0.0001
0.0001
0.0001
0.0001
0.0001
0.0001
0.0001
0.0001
0.0001
0.0001
0.0001
0.0001
0.0001
0.0001
0.0001
0.0001
0.0001
0.0001
0.0001
0.00631579
0.00631579
0.00631579
0.00631579
0.00631579
0.00631579
0.00631579
0.00631579
0.00631579
0.00631579
0.00631579
0.00631579
0.00631579
0.00631579
0.00631579
0.00631579
0.00631579
0.00631579
0.00631579
0.00631579
0.00631579
0.00631579
0.00631579
0.00631579
0.00631579
0.00631579
0.00631579
0.00631579
0.00631579
0.00631579
0.00631579
0.00631579
0.00631579
0.00631579
0.00631579
0.00631579
0.00631579
0.00631579
0.00631579
0.00631579
0.00631579
0.00631579
0.00631579
0.00631579
0.00631579
0.00631579
0.00631579
0.00631579
0.00631579
0.00631579
0.00631579
0.00631579
0.00631579
0.00631579
0.00631579
0.00631579
0.00631579
0.00631579
0.00631579
0.00631579
0.00631579
0.00631579
0.00748044
0.0001
0.0001
0.0001
0.0001
0.0001
0.0001
0.0001
0.0001
0.0001
0.0001
0.0001
0.0001
0.0001
0.0001
0.0001
0.0001
0.0001
0.0001
0.0001
0.0001
0.0001
0.0001
0.0001
0.0001
0.0001
0.0001
0.0001
0.0001
0.0001
0.0001
0.0001
0.0001
0.0001
)
;

boundaryField
{
    outlet
    {
        type            zeroGradient;
    }
    inlet
    {
        type            fixedValue;
        value           uniform 0.00252;
    }
    walls
    {
        type            zeroGradient;
    }
}


// ************************************************************************* //
