/*--------------------------------*- C++ -*----------------------------------*\
| =========                 |                                                 |
| \\      /  F ield         | OpenFOAM: The Open Source CFD Toolbox           |
|  \\    /   O peration     | Version:  2.3.0                                 |
|   \\  /    A nd           | Web:      www.OpenFOAM.org                      |
|    \\/     M anipulation  |                                                 |
\*---------------------------------------------------------------------------*/
FoamFile
{
    version     2.0;
    format      ascii;
    class       volScalarField;
    location    "40";
    object      p;
}
// * * * * * * * * * * * * * * * * * * * * * * * * * * * * * * * * * * * * * //

dimensions      [1 -1 -2 0 0 0 0];

internalField   nonuniform List<scalar> 
6144
(
100000
100000
100000
100000
100001
100001
100001
100001
100001
100001
100002
100002
100002
100002
100002
100002
100002
100003
100003
100003
100003
100003
100003
100003
100004
100004
100004
100004
100004
100004
100004
100005
100005
100005
100005
100005
100005
100005
100006
100006
100006
100006
100006
100006
100006
100007
100007
100007
100007
100007
100007
100007
100008
100008
100008
100008
100008
100008
100009
100009
100031
100216
100317
100440
100565
100690
100817
100944
101072
101198
101325
101450
101576
101701
101827
101952
102078
102204
102330
102456
102581
102707
102833
102959
103085
103211
103337
103463
103588
103714
103839
103965
104091
104218
104344
104470
100000
100000
100000
100000
100001
100001
100001
100001
100001
100001
100002
100002
100002
100002
100002
100002
100002
100003
100003
100003
100003
100003
100003
100003
100004
100004
100004
100004
100004
100004
100004
100005
100005
100005
100005
100005
100005
100005
100006
100006
100006
100006
100006
100006
100006
100007
100007
100007
100007
100007
100007
100007
100008
100008
100008
100008
100008
100008
100009
100010
100027
100211
100310
100439
100563
100689
100816
100944
101071
101198
101324
101450
101575
101701
101826
101952
102078
102204
102330
102456
102581
102707
102833
102959
103085
103211
103337
103462
103588
103713
103839
103965
104091
104217
104344
104470
100000
100000
100000
100000
100001
100001
100001
100001
100001
100001
100001
100002
100002
100002
100002
100002
100002
100003
100003
100003
100003
100003
100003
100003
100004
100004
100004
100004
100004
100004
100004
100005
100005
100005
100005
100005
100005
100005
100006
100006
100006
100006
100006
100006
100006
100007
100007
100007
100007
100007
100007
100007
100008
100008
100008
100008
100008
100008
100008
100010
100026
100207
100306
100438
100561
100687
100815
100943
101070
101197
101324
101449
101575
101700
101826
101952
102078
102204
102330
102455
102581
102707
102832
102958
103084
103210
103336
103462
103588
103713
103839
103964
104091
104217
104343
104469
100000
100000
100000
100000
100001
100001
100001
100001
100001
100001
100001
100002
100002
100002
100002
100002
100002
100003
100003
100003
100003
100003
100003
100003
100004
100004
100004
100004
100004
100004
100004
100005
100005
100005
100005
100005
100005
100005
100006
100006
100006
100006
100006
100006
100006
100007
100007
100007
100007
100007
100007
100007
100008
100008
100008
100008
100008
100008
100008
100010
100025
100204
100303
100436
100559
100686
100814
100942
101070
101197
101323
101449
101574
101700
101826
101952
102077
102203
102329
102454
102580
102706
102831
102957
103083
103209
103335
103461
103587
103712
103838
103964
104090
104216
104343
104469
100000
100000
100000
100000
100001
100001
100001
100001
100001
100001
100001
100002
100002
100002
100002
100002
100002
100003
100003
100003
100003
100003
100003
100003
100004
100004
100004
100004
100004
100004
100004
100005
100005
100005
100005
100005
100005
100005
100006
100006
100006
100006
100006
100006
100006
100007
100007
100007
100007
100007
100007
100007
100008
100008
100008
100008
100008
100008
100008
100010
100028
100201
100302
100436
100558
100687
100813
100942
101069
101196
101322
101448
101574
101699
101825
101951
102077
102202
102328
102453
102579
102704
102830
102956
103082
103208
103334
103460
103586
103712
103837
103963
104089
104215
104342
104468
100000
100000
100000
100000
100001
100001
100001
100001
100001
100001
100001
100002
100002
100002
100002
100002
100002
100003
100003
100003
100003
100003
100003
100003
100004
100004
100004
100004
100004
100004
100004
100005
100005
100005
100005
100005
100005
100005
100006
100006
100006
100006
100006
100006
100006
100007
100007
100007
100007
100007
100007
100007
100008
100008
100008
100008
100008
100008
100008
100010
100033
100202
100305
100436
100559
100687
100814
100942
101069
101195
101321
101447
101573
101699
101824
101950
102075
102201
102326
102452
102577
102703
102829
102955
103081
103207
103333
103459
103585
103711
103836
103962
104088
104214
104341
104467
100000
100000
100000
100000
100001
100001
100001
100001
100001
100001
100001
100002
100002
100002
100002
100002
100002
100003
100003
100003
100003
100003
100003
100003
100004
100004
100004
100004
100004
100004
100004
100005
100005
100005
100005
100005
100005
100005
100006
100006
100006
100006
100006
100006
100006
100007
100007
100007
100007
100007
100007
100007
100008
100008
100008
100008
100008
100008
100008
100010
100043
100203
100310
100437
100561
100688
100815
100942
101069
101195
101321
101447
101572
101698
101823
101949
102074
102199
102325
102450
102576
102702
102828
102954
103080
103206
103332
103459
103585
103710
103836
103961
104087
104214
104340
104466
100000
100000
100000
100000
100001
100001
100001
100001
100001
100001
100001
100002
100002
100002
100002
100002
100002
100003
100003
100003
100003
100003
100003
100003
100004
100004
100004
100004
100004
100004
100004
100005
100005
100005
100005
100005
100005
100005
100006
100006
100006
100006
100006
100006
100006
100007
100007
100007
100007
100007
100007
100007
100008
100008
100008
100008
100008
100008
100008
100010
100052
100204
100316
100440
100564
100690
100816
100943
101069
101195
101321
101446
101572
101697
101822
101948
102073
102198
102323
102448
102574
102700
102826
102952
103078
103205
103332
103458
103584
103710
103836
103961
104087
104213
104340
104465
100000
100000
100000
100000
100001
100001
100001
100001
100001
100001
100001
100002
100002
100002
100002
100002
100002
100003
100003
100003
100003
100003
100003
100003
100004
100004
100004
100004
100004
100004
100004
100005
100005
100005
100005
100005
100005
100005
100006
100006
100006
100006
100006
100006
100006
100007
100007
100007
100007
100007
100007
100007
100008
100008
100008
100008
100008
100008
100008
100010
100051
100206
100317
100442
100566
100692
100817
100943
101069
101195
101321
101446
101572
101697
101822
101947
102072
102196
102321
102446
102572
102698
102825
102952
103078
103205
103332
103458
103585
103711
103837
103962
104088
104214
104340
104466
100000
100000
100000
100000
100001
100001
100001
100001
100001
100001
100001
100002
100002
100002
100002
100002
100002
100003
100003
100003
100003
100003
100003
100003
100004
100004
100004
100004
100004
100004
100004
100005
100005
100005
100005
100005
100005
100005
100006
100006
100006
100006
100006
100006
100006
100007
100007
100007
100007
100007
100007
100007
100008
100008
100008
100008
100008
100008
100008
100010
100045
100207
100315
100442
100567
100692
100818
100944
101070
101195
101321
101446
101572
101697
101822
101947
102071
102195
102320
102445
102571
102698
102825
102952
103078
103205
103332
103459
103586
103712
103838
103963
104089
104215
104340
104466
100000
100000
100000
100000
100001
100001
100001
100001
100001
100001
100001
100002
100002
100002
100002
100002
100002
100003
100003
100003
100003
100003
100003
100003
100004
100004
100004
100004
100004
100004
100004
100005
100005
100005
100005
100005
100005
100005
100006
100006
100006
100006
100006
100006
100006
100007
100007
100007
100007
100007
100007
100007
100008
100008
100008
100008
100008
100008
100008
100010
100037
100208
100310
100443
100566
100692
100818
100944
101070
101195
101321
101446
101572
101697
101822
101947
102071
102196
102320
102446
102572
102699
102825
102952
103078
103205
103332
103459
103586
103713
103839
103964
104090
104215
104341
104467
100000
100000
100000
100000
100001
100001
100001
100001
100001
100001
100001
100002
100002
100002
100002
100002
100002
100002
100003
100003
100003
100003
100003
100003
100004
100004
100004
100004
100004
100004
100004
100005
100005
100005
100005
100005
100005
100005
100006
100006
100006
100006
100006
100006
100006
100007
100007
100007
100007
100007
100007
100007
100008
100008
100008
100008
100008
100008
100008
100010
100032
100207
100307
100445
100565
100693
100818
100944
101069
101195
101320
101446
101571
101696
101822
101946
102071
102196
102321
102447
102573
102699
102826
102952
103079
103206
103333
103460
103587
103713
103839
103964
104090
104216
104341
104467
100000
100000
100000
100000
100001
100001
100001
100001
100001
100001
100001
100002
100002
100002
100002
100002
100002
100002
100003
100003
100003
100003
100003
100003
100004
100004
100004
100004
100004
100004
100004
100005
100005
100005
100005
100005
100005
100005
100006
100006
100006
100006
100006
100006
100006
100007
100007
100007
100007
100007
100007
100007
100008
100008
100008
100008
100008
100008
100008
100010
100030
100209
100308
100444
100565
100692
100818
100943
101069
101194
101320
101445
101571
101696
101821
101946
102071
102196
102322
102447
102574
102700
102826
102953
103079
103206
103333
103460
103587
103714
103839
103965
104090
104216
104342
104468
100000
100000
100000
100000
100001
100001
100001
100001
100001
100001
100001
100002
100002
100002
100002
100002
100002
100002
100003
100003
100003
100003
100003
100003
100004
100004
100004
100004
100004
100004
100004
100005
100005
100005
100005
100005
100005
100005
100006
100006
100006
100006
100006
100006
100006
100007
100007
100007
100007
100007
100007
100007
100008
100008
100008
100008
100008
100008
100008
100009
100029
100212
100310
100444
100566
100692
100818
100943
101069
101194
101320
101445
101570
101696
101821
101946
102071
102197
102322
102448
102574
102700
102827
102953
103079
103206
103333
103461
103588
103714
103839
103965
104090
104216
104342
104468
100000
100000
100000
100000
100001
100001
100001
100001
100001
100001
100001
100002
100002
100002
100002
100002
100002
100002
100003
100003
100003
100003
100003
100003
100004
100004
100004
100004
100004
100004
100004
100005
100005
100005
100005
100005
100005
100005
100006
100006
100006
100006
100006
100006
100006
100007
100007
100007
100007
100007
100007
100007
100008
100008
100008
100008
100008
100008
100008
100010
100029
100214
100313
100444
100568
100692
100817
100943
101068
101194
101319
101445
101570
101695
101821
101946
102071
102197
102322
102448
102574
102701
102827
102953
103080
103206
103334
103461
103588
103714
103839
103965
104091
104217
104343
104469
100000
100000
100000
100000
100001
100001
100001
100001
100001
100001
100001
100002
100002
100002
100002
100002
100002
100002
100003
100003
100003
100003
100003
100003
100004
100004
100004
100004
100004
100004
100004
100005
100005
100005
100005
100005
100005
100005
100006
100006
100006
100006
100006
100006
100006
100007
100007
100007
100007
100007
100007
100007
100008
100008
100008
100008
100008
100008
100008
100009
100030
100219
100317
100444
100569
100693
100818
100943
101069
101194
101319
101445
101570
101695
101821
101946
102071
102197
102323
102448
102574
102701
102827
102953
103080
103206
103334
103462
103588
103714
103840
103965
104091
104217
104343
104469
100000
100000
100000
100000
100001
100001
100001
100001
100001
100001
100002
100002
100002
100002
100002
100002
100002
100003
100003
100003
100003
100003
100003
100003
100004
100004
100004
100004
100004
100004
100004
100005
100005
100005
100005
100005
100005
100005
100006
100006
100006
100006
100006
100006
100006
100007
100007
100007
100007
100007
100007
100007
100008
100008
100008
100008
100008
100008
100009
100010
100028
100211
100313
100441
100566
100690
100817
100944
101071
101198
101324
101450
101576
101701
101827
101952
102078
102204
102330
102455
102581
102707
102833
102959
103085
103211
103337
103463
103588
103714
103839
103965
104091
104218
104344
104470
100000
100000
100000
100000
100001
100001
100001
100001
100001
100001
100001
100002
100002
100002
100002
100002
100002
100003
100003
100003
100003
100003
100003
100003
100004
100004
100004
100004
100004
100004
100004
100005
100005
100005
100005
100005
100005
100005
100006
100006
100006
100006
100006
100006
100006
100007
100007
100007
100007
100007
100007
100007
100008
100008
100008
100008
100008
100008
100009
100011
100025
100207
100300
100442
100564
100689
100816
100943
101071
101198
101324
101450
101575
101700
101826
101952
102078
102204
102329
102455
102581
102707
102833
102959
103085
103211
103337
103462
103588
103713
103839
103965
104091
104217
104343
104470
100000
100000
100000
100000
100001
100001
100001
100001
100001
100001
100001
100002
100002
100002
100002
100002
100002
100003
100003
100003
100003
100003
100003
100003
100004
100004
100004
100004
100004
100004
100004
100005
100005
100005
100005
100005
100005
100005
100006
100006
100006
100006
100006
100006
100006
100007
100007
100007
100007
100007
100007
100007
100008
100008
100008
100008
100008
100008
100008
100010
100027
100204
100299
100441
100562
100687
100814
100942
101070
101197
101323
101449
101574
101700
101826
101952
102077
102203
102329
102455
102581
102706
102832
102958
103084
103210
103336
103462
103587
103713
103838
103964
104090
104217
104343
104469
100000
100000
100000
100000
100001
100001
100001
100001
100001
100001
100001
100002
100002
100002
100002
100002
100002
100003
100003
100003
100003
100003
100003
100003
100004
100004
100004
100004
100004
100004
100004
100005
100005
100005
100005
100005
100005
100005
100006
100006
100006
100006
100006
100006
100006
100007
100007
100007
100007
100007
100007
100007
100008
100008
100008
100008
100008
100008
100008
100010
100027
100201
100299
100437
100558
100686
100813
100941
101069
101196
101322
101448
101573
101699
101825
101951
102077
102203
102328
102454
102580
102705
102831
102957
103083
103209
103335
103461
103586
103712
103838
103963
104089
104216
104342
104468
100000
100000
100000
100000
100001
100001
100001
100001
100001
100001
100001
100002
100002
100002
100002
100002
100002
100003
100003
100003
100003
100003
100003
100003
100004
100004
100004
100004
100004
100004
100004
100005
100005
100005
100005
100005
100005
100005
100006
100006
100006
100006
100006
100006
100006
100007
100007
100007
100007
100007
100007
100007
100008
100008
100008
100008
100008
100008
100008
100010
100033
100198
100301
100435
100557
100685
100812
100941
101068
101195
101321
101447
101573
101698
101824
101950
102076
102202
102327
102453
102579
102704
102830
102956
103082
103208
103334
103460
103585
103711
103837
103962
104088
104215
104341
104467
100000
100000
100000
100000
100001
100001
100001
100001
100001
100001
100001
100002
100002
100002
100002
100002
100002
100003
100003
100003
100003
100003
100003
100003
100004
100004
100004
100004
100004
100004
100004
100005
100005
100005
100005
100005
100005
100005
100006
100006
100006
100006
100006
100006
100006
100007
100007
100007
100007
100007
100007
100007
100008
100008
100008
100008
100008
100008
100008
100010
100041
100195
100305
100435
100559
100685
100813
100941
101068
101195
101320
101446
101572
101698
101823
101949
102075
102200
102326
102451
102577
102703
102828
102954
103080
103206
103332
103458
103584
103710
103835
103961
104087
104213
104340
104466
100000
100000
100000
100000
100001
100001
100001
100001
100001
100001
100001
100002
100002
100002
100002
100002
100002
100003
100003
100003
100003
100003
100003
100003
100004
100004
100004
100004
100004
100004
100004
100005
100005
100005
100005
100005
100005
100005
100006
100006
100006
100006
100006
100006
100006
100007
100007
100007
100007
100007
100007
100007
100008
100008
100008
100008
100008
100008
100008
100010
100056
100195
100310
100435
100560
100687
100814
100941
101068
101194
101320
101446
101571
101696
101822
101947
102073
102198
102323
102449
102575
102701
102827
102953
103079
103205
103330
103455
103580
103706
103833
103959
104085
104212
104339
104464
100000
100000
100000
100000
100001
100001
100001
100001
100001
100001
100001
100002
100002
100002
100002
100002
100002
100003
100003
100003
100003
100003
100003
100003
100004
100004
100004
100004
100004
100004
100004
100005
100005
100005
100005
100005
100005
100005
100006
100006
100006
100006
100006
100006
100006
100007
100007
100007
100007
100007
100007
100007
100008
100008
100008
100008
100008
100008
100008
100010
100067
100197
100315
100439
100564
100689
100815
100942
101068
101194
101320
101445
101570
101696
101821
101946
102070
102195
102321
102447
102573
102699
102826
102953
103079
103205
103331
103457
103583
103707
103832
103958
104085
104212
104337
104462
100000
100000
100000
100000
100001
100001
100001
100001
100001
100001
100001
100002
100002
100002
100002
100002
100002
100003
100003
100003
100003
100003
100003
100003
100004
100004
100004
100004
100004
100004
100004
100005
100005
100005
100005
100005
100005
100005
100006
100006
100006
100006
100006
100006
100006
100007
100007
100007
100007
100007
100007
100007
100008
100008
100008
100008
100008
100008
100008
100010
100063
100198
100316
100441
100566
100691
100816
100942
101068
101194
101320
101445
101570
101695
101820
101945
102069
102193
102319
102444
102571
102698
102825
102952
103079
103206
103333
103461
103587
103712
103836
103960
104087
104212
104338
104463
100000
100000
100000
100000
100001
100001
100001
100001
100001
100001
100001
100002
100002
100002
100002
100002
100002
100002
100003
100003
100003
100003
100003
100003
100004
100004
100004
100004
100004
100004
100004
100005
100005
100005
100005
100005
100005
100005
100006
100006
100006
100006
100006
100006
100006
100007
100007
100007
100007
100007
100007
100007
100008
100008
100008
100008
100008
100008
100008
100010
100054
100200
100314
100441
100566
100691
100817
100943
101069
101194
101320
101445
101571
101696
101821
101945
102069
102193
102318
102444
102571
102698
102825
102951
103078
103205
103332
103460
103588
103714
103839
103964
104088
104214
104340
104468
100000
100000
100000
100000
100001
100001
100001
100001
100001
100001
100001
100002
100002
100002
100002
100002
100002
100002
100003
100003
100003
100003
100003
100003
100004
100004
100004
100004
100004
100004
100004
100005
100005
100005
100005
100005
100005
100005
100006
100006
100006
100006
100006
100006
100006
100007
100007
100007
100007
100007
100007
100007
100008
100008
100008
100008
100008
100008
100008
100010
100043
100202
100310
100442
100565
100691
100817
100943
101069
101194
101320
101445
101571
101696
101821
101946
102070
102194
102319
102445
102572
102698
102825
102951
103078
103205
103332
103459
103587
103714
103839
103964
104090
104215
104341
104468
100000
100000
100000
100000
100001
100001
100001
100001
100001
100001
100001
100002
100002
100002
100002
100002
100002
100002
100003
100003
100003
100003
100003
100003
100004
100004
100004
100004
100004
100004
100004
100005
100005
100005
100005
100005
100005
100005
100006
100006
100006
100006
100006
100006
100006
100007
100007
100007
100007
100007
100007
100007
100008
100008
100008
100008
100008
100008
100008
100010
100035
100205
100306
100443
100564
100692
100817
100943
101068
101194
101320
101445
101570
101696
101821
101946
102070
102195
102320
102446
102573
102699
102825
102952
103078
103205
103332
103459
103587
103714
103839
103964
104090
104215
104341
104468
100000
100000
100000
100000
100001
100001
100001
100001
100001
100001
100001
100002
100002
100002
100002
100002
100002
100002
100003
100003
100003
100003
100003
100003
100004
100004
100004
100004
100004
100004
100004
100005
100005
100005
100005
100005
100005
100005
100006
100006
100006
100006
100006
100006
100006
100007
100007
100007
100007
100007
100007
100007
100008
100008
100008
100008
100008
100008
100008
100010
100033
100207
100304
100445
100564
100692
100817
100943
101068
101194
101319
101445
101570
101695
101821
101946
102070
102195
102321
102447
102573
102700
102826
102952
103078
103205
103332
103460
103587
103714
103839
103964
104090
104216
104342
104468
100000
100000
100000
100000
100001
100001
100001
100001
100001
100001
100001
100002
100002
100002
100002
100002
100002
100002
100003
100003
100003
100003
100003
100003
100004
100004
100004
100004
100004
100004
100004
100005
100005
100005
100005
100005
100005
100005
100006
100006
100006
100006
100006
100006
100006
100007
100007
100007
100007
100007
100007
100007
100008
100008
100008
100008
100008
100008
100008
100010
100032
100209
100304
100446
100566
100692
100817
100943
101068
101194
101319
101445
101570
101695
101820
101946
102071
102196
102321
102447
102574
102700
102826
102952
103078
103205
103332
103460
103587
103714
103839
103965
104090
104216
104342
104469
100000
100000
100000
100000
100001
100001
100001
100001
100001
100001
100001
100002
100002
100002
100002
100002
100002
100002
100003
100003
100003
100003
100003
100003
100004
100004
100004
100004
100004
100004
100004
100005
100005
100005
100005
100005
100005
100005
100006
100006
100006
100006
100006
100006
100006
100007
100007
100007
100007
100007
100007
100007
100008
100008
100008
100008
100008
100008
100009
100010
100030
100209
100304
100447
100568
100692
100817
100943
101068
101194
101319
101444
101570
101695
101821
101946
102071
102196
102322
102448
102574
102700
102827
102953
103079
103205
103333
103461
103588
103714
103839
103965
104090
104216
104343
104469
100000
100000
100000
100000
100001
100001
100001
100001
100001
100001
100001
100002
100002
100002
100002
100002
100002
100002
100003
100003
100003
100003
100003
100003
100004
100004
100004
100004
100004
100004
100004
100005
100005
100005
100005
100005
100005
100005
100006
100006
100006
100006
100006
100006
100006
100007
100007
100007
100007
100007
100007
100007
100008
100008
100008
100008
100008
100008
100008
100010
100029
100213
100312
100445
100569
100693
100818
100943
101068
101194
101319
101445
101570
101695
101821
101946
102071
102197
102322
102448
102574
102701
102827
102953
103079
103205
103333
103461
103588
103714
103839
103965
104091
104217
104343
104469
100000
100000
100000
100000
100001
100001
100001
100001
100001
100001
100001
100002
100002
100002
100002
100002
100002
100003
100003
100003
100003
100003
100003
100003
100004
100004
100004
100004
100004
100004
100004
100005
100005
100005
100005
100005
100005
100005
100006
100006
100006
100006
100006
100006
100006
100007
100007
100007
100007
100007
100007
100007
100008
100008
100008
100008
100008
100008
100009
100010
100028
100210
100313
100440
100566
100690
100816
100944
101071
101198
101324
101450
101575
101701
101826
101952
102078
102204
102329
102455
102581
102707
102833
102959
103085
103211
103337
103462
103588
103713
103839
103965
104091
104218
104344
104470
100000
100000
100000
100000
100001
100001
100001
100001
100001
100001
100001
100002
100002
100002
100002
100002
100002
100003
100003
100003
100003
100003
100003
100003
100004
100004
100004
100004
100004
100004
100004
100005
100005
100005
100005
100005
100005
100005
100006
100006
100006
100006
100006
100006
100006
100007
100007
100007
100007
100007
100007
100007
100008
100008
100008
100008
100008
100008
100009
100011
100025
100206
100300
100442
100564
100688
100815
100943
101070
101198
101324
101450
101575
101700
101826
101952
102078
102203
102329
102455
102581
102707
102833
102959
103085
103211
103336
103462
103587
103713
103839
103965
104091
104217
104343
104470
100000
100000
100000
100000
100001
100001
100001
100001
100001
100001
100001
100002
100002
100002
100002
100002
100002
100003
100003
100003
100003
100003
100003
100003
100004
100004
100004
100004
100004
100004
100004
100005
100005
100005
100005
100005
100005
100005
100006
100006
100006
100006
100006
100006
100006
100007
100007
100007
100007
100007
100007
100007
100008
100008
100008
100008
100008
100008
100008
100010
100026
100204
100298
100441
100561
100686
100814
100942
101069
101196
101323
101449
101574
101699
101825
101952
102077
102203
102329
102455
102581
102707
102832
102958
103084
103210
103336
103461
103587
103713
103838
103964
104090
104217
104343
104469
100000
100000
100000
100000
100001
100001
100001
100001
100001
100001
100001
100002
100002
100002
100002
100002
100002
100003
100003
100003
100003
100003
100003
100003
100004
100004
100004
100004
100004
100004
100004
100005
100005
100005
100005
100005
100005
100005
100006
100006
100006
100006
100006
100006
100006
100007
100007
100007
100007
100007
100007
100007
100008
100008
100008
100008
100008
100008
100008
100010
100026
100201
100297
100437
100557
100685
100812
100941
101068
101195
101322
101448
101573
101698
101825
101951
102077
102202
102328
102454
102580
102706
102831
102957
103083
103209
103335
103460
103586
103712
103837
103963
104089
104216
104342
104468
100000
100000
100000
100000
100001
100001
100001
100001
100001
100001
100001
100002
100002
100002
100002
100002
100002
100003
100003
100003
100003
100003
100003
100003
100004
100004
100004
100004
100004
100004
100004
100005
100005
100005
100005
100005
100005
100005
100006
100006
100006
100006
100006
100006
100006
100007
100007
100007
100007
100007
100007
100007
100008
100008
100008
100008
100008
100008
100008
100010
100030
100196
100300
100435
100557
100685
100812
100940
101068
101195
101321
101447
101572
101698
101824
101950
102076
102202
102327
102453
102579
102704
102830
102956
103082
103208
103334
103459
103585
103711
103836
103962
104088
104215
104341
104467
100000
100000
100000
100000
100001
100001
100001
100001
100001
100001
100001
100002
100002
100002
100002
100002
100002
100003
100003
100003
100003
100003
100003
100003
100004
100004
100004
100004
100004
100004
100004
100005
100005
100005
100005
100005
100005
100005
100006
100006
100006
100006
100006
100006
100006
100007
100007
100007
100007
100007
100007
100007
100008
100008
100008
100008
100008
100008
100008
100010
100038
100193
100303
100434
100558
100685
100813
100940
101068
101194
101320
101446
101571
101696
101822
101949
102074
102200
102326
102451
102577
102703
102829
102955
103081
103207
103332
103458
103584
103710
103835
103961
104087
104213
104340
104466
100000
100000
100000
100000
100001
100001
100001
100001
100001
100001
100001
100002
100002
100002
100002
100002
100002
100003
100003
100003
100003
100003
100003
100003
100004
100004
100004
100004
100004
100004
100004
100005
100005
100005
100005
100005
100005
100005
100006
100006
100006
100006
100006
100006
100006
100007
100007
100007
100007
100007
100007
100007
100008
100008
100008
100008
100008
100008
100008
100010
100052
100192
100309
100435
100560
100687
100814
100941
101067
101194
101320
101445
101570
101695
101821
101947
102072
102198
102323
102449
102575
102701
102827
102953
103080
103206
103331
103456
103582
103707
103833
103959
104085
104212
104339
104465
100000
100000
100000
100000
100001
100001
100001
100001
100001
100001
100001
100002
100002
100002
100002
100002
100002
100003
100003
100003
100003
100003
100003
100003
100004
100004
100004
100004
100004
100004
100004
100005
100005
100005
100005
100005
100005
100005
100006
100006
100006
100006
100006
100006
100006
100007
100007
100007
100007
100007
100007
100007
100008
100008
100008
100008
100008
100008
100008
100010
100061
100194
100313
100439
100564
100689
100815
100941
101068
101194
101319
101444
101569
101694
101820
101945
102070
102195
102321
102447
102573
102699
102826
102952
103079
103206
103331
103457
103582
103707
103832
103959
104085
104211
104338
104464
100000
100000
100000
100000
100001
100001
100001
100001
100001
100001
100001
100002
100002
100002
100002
100002
100002
100002
100003
100003
100003
100003
100003
100003
100004
100004
100004
100004
100004
100004
100004
100005
100005
100005
100005
100005
100005
100005
100006
100006
100006
100006
100006
100006
100006
100007
100007
100007
100007
100007
100007
100007
100008
100008
100008
100008
100008
100008
100008
100010
100057
100195
100314
100441
100566
100691
100816
100942
101068
101194
101319
101444
101569
101695
101820
101945
102069
102193
102318
102445
102571
102698
102825
102951
103078
103205
103332
103459
103585
103710
103834
103960
104086
104212
104339
104465
100000
100000
100000
100000
100001
100001
100001
100001
100001
100001
100001
100002
100002
100002
100002
100002
100002
100002
100003
100003
100003
100003
100003
100003
100004
100004
100004
100004
100004
100004
100004
100005
100005
100005
100005
100005
100005
100005
100006
100006
100006
100006
100006
100006
100006
100007
100007
100007
100007
100007
100007
100007
100008
100008
100008
100008
100008
100008
100008
100010
100049
100197
100312
100441
100566
100691
100817
100942
101068
101194
101319
101445
101570
101695
101820
101945
102069
102193
102318
102444
102571
102698
102825
102951
103077
103205
103332
103459
103586
103712
103837
103962
104087
104213
104340
104467
100000
100000
100000
100000
100001
100001
100001
100001
100001
100001
100001
100002
100002
100002
100002
100002
100002
100002
100003
100003
100003
100003
100003
100003
100004
100004
100004
100004
100004
100004
100004
100005
100005
100005
100005
100005
100005
100005
100006
100006
100006
100006
100006
100006
100006
100007
100007
100007
100007
100007
100007
100007
100008
100008
100008
100008
100008
100008
100008
100010
100039
100199
100308
100442
100565
100691
100817
100943
101068
101194
101319
101445
101570
101696
101821
101945
102069
102193
102319
102445
102572
102699
102825
102951
103077
103204
103332
103459
103586
103712
103838
103963
104088
104214
104341
104467
100000
100000
100000
100000
100001
100001
100001
100001
100001
100001
100001
100002
100002
100002
100002
100002
100002
100002
100003
100003
100003
100003
100003
100003
100004
100004
100004
100004
100004
100004
100004
100005
100005
100005
100005
100005
100005
100005
100006
100006
100006
100006
100006
100006
100006
100007
100007
100007
100007
100007
100007
100007
100008
100008
100008
100008
100008
100008
100008
100010
100032
100204
100305
100443
100564
100691
100816
100942
101068
101193
101319
101445
101570
101695
101821
101946
102070
102194
102320
102446
102573
102700
102825
102951
103077
103204
103332
103459
103586
103713
103838
103964
104089
104215
104341
104467
100000
100000
100000
100000
100001
100001
100001
100001
100001
100001
100001
100002
100002
100002
100002
100002
100002
100002
100003
100003
100003
100003
100003
100003
100004
100004
100004
100004
100004
100004
100004
100005
100005
100005
100005
100005
100005
100005
100006
100006
100006
100006
100006
100006
100006
100007
100007
100007
100007
100007
100007
100007
100008
100008
100008
100008
100008
100008
100008
100010
100032
100207
100303
100445
100564
100692
100817
100942
101068
101193
101319
101444
101570
101695
101820
101946
102070
102195
102321
102447
102573
102700
102826
102951
103077
103204
103332
103460
103587
103713
103839
103964
104090
104215
104342
104468
100000
100000
100000
100000
100001
100001
100001
100001
100001
100001
100001
100002
100002
100002
100002
100002
100002
100002
100003
100003
100003
100003
100003
100003
100004
100004
100004
100004
100004
100004
100004
100005
100005
100005
100005
100005
100005
100005
100006
100006
100006
100006
100006
100006
100006
100007
100007
100007
100007
100007
100007
100007
100008
100008
100008
100008
100008
100008
100008
100010
100031
100208
100303
100446
100567
100692
100817
100943
101068
101194
101319
101444
101570
101695
101820
101946
102071
102196
102321
102447
102574
102700
102826
102952
103077
103204
103332
103460
103587
103713
103839
103964
104090
104216
104342
104468
100000
100000
100000
100000
100001
100001
100001
100001
100001
100001
100001
100002
100002
100002
100002
100002
100002
100002
100003
100003
100003
100003
100003
100003
100004
100004
100004
100004
100004
100004
100004
100005
100005
100005
100005
100005
100005
100005
100006
100006
100006
100006
100006
100006
100006
100007
100007
100007
100007
100007
100007
100007
100008
100008
100008
100008
100008
100008
100009
100010
100030
100208
100304
100447
100568
100692
100817
100943
101068
101194
101319
101444
101570
101695
101821
101946
102071
102196
102322
102448
102574
102701
102827
102952
103077
103204
103332
103460
103587
103713
103839
103965
104090
104216
104342
104468
100000
100000
100000
100000
100001
100001
100001
100001
100001
100001
100001
100002
100002
100002
100002
100002
100002
100002
100003
100003
100003
100003
100003
100003
100004
100004
100004
100004
100004
100004
100004
100005
100005
100005
100005
100005
100005
100005
100006
100006
100006
100006
100006
100006
100006
100007
100007
100007
100007
100007
100007
100007
100008
100008
100008
100008
100008
100008
100008
100010
100028
100213
100312
100445
100569
100693
100818
100943
101068
101194
101319
101445
101570
101695
101821
101946
102071
102197
102322
102448
102575
102701
102827
102953
103077
103204
103332
103460
103587
103713
103839
103965
104091
104216
104343
104469
100000
100000
100000
100000
100001
100001
100001
100001
100001
100001
100001
100002
100002
100002
100002
100002
100002
100003
100003
100003
100003
100003
100003
100003
100004
100004
100004
100004
100004
100004
100004
100005
100005
100005
100005
100005
100005
100005
100006
100006
100006
100006
100006
100006
100006
100007
100007
100007
100007
100007
100007
100007
100008
100008
100008
100008
100008
100008
100009
100009
100031
100216
100317
100440
100565
100690
100816
100943
101071
101198
101324
101450
101575
101701
101827
101953
102078
102204
102330
102455
102581
102707
102833
102959
103085
103211
103337
103462
103588
103713
103839
103965
104091
104218
104344
104470
100000
100000
100000
100000
100001
100001
100001
100001
100001
100001
100001
100002
100002
100002
100002
100002
100002
100003
100003
100003
100003
100003
100003
100003
100004
100004
100004
100004
100004
100004
100004
100005
100005
100005
100005
100005
100005
100005
100006
100006
100006
100006
100006
100006
100006
100007
100007
100007
100007
100007
100007
100007
100008
100008
100008
100008
100008
100008
100009
100010
100027
100210
100310
100439
100563
100688
100814
100942
101070
101197
101324
101450
101575
101700
101826
101952
102078
102204
102329
102455
102581
102707
102833
102959
103085
103211
103336
103462
103588
103713
103839
103965
104091
104217
104344
104470
100000
100000
100000
100000
100001
100001
100001
100001
100001
100001
100001
100002
100002
100002
100002
100002
100002
100003
100003
100003
100003
100003
100003
100003
100004
100004
100004
100004
100004
100004
100004
100005
100005
100005
100005
100005
100005
100005
100006
100006
100006
100006
100006
100006
100006
100007
100007
100007
100007
100007
100007
100007
100008
100008
100008
100008
100008
100008
100008
100010
100024
100205
100306
100437
100560
100686
100813
100941
101069
101196
101323
101449
101574
101700
101826
101952
102077
102203
102329
102455
102581
102707
102833
102959
103084
103210
103336
103461
103587
103712
103838
103964
104090
104217
104343
104469
100000
100000
100000
100000
100001
100001
100001
100001
100001
100001
100001
100002
100002
100002
100002
100002
100002
100003
100003
100003
100003
100003
100003
100003
100004
100004
100004
100004
100004
100004
100004
100005
100005
100005
100005
100005
100005
100005
100006
100006
100006
100006
100006
100006
100006
100007
100007
100007
100007
100007
100007
100007
100008
100008
100008
100008
100008
100008
100008
100010
100024
100202
100304
100435
100557
100685
100812
100940
101068
101195
101322
101448
101573
101699
101825
101951
102077
102203
102328
102454
102580
102706
102832
102958
103083
103209
103335
103461
103586
103712
103837
103963
104089
104216
104342
104468
100000
100000
100000
100000
100001
100001
100001
100001
100001
100001
100001
100002
100002
100002
100002
100002
100002
100003
100003
100003
100003
100003
100003
100003
100004
100004
100004
100004
100004
100004
100004
100005
100005
100005
100005
100005
100005
100005
100006
100006
100006
100006
100006
100006
100006
100007
100007
100007
100007
100007
100007
100007
100008
100008
100008
100008
100008
100008
100008
100010
100027
100199
100305
100435
100558
100685
100812
100940
101068
101195
101321
101447
101572
101698
101824
101950
102076
102202
102327
102453
102579
102705
102830
102956
103082
103208
103334
103460
103585
103711
103836
103962
104088
104214
104341
104467
100000
100000
100000
100000
100001
100001
100001
100001
100001
100001
100001
100002
100002
100002
100002
100002
100002
100003
100003
100003
100003
100003
100003
100003
100004
100004
100004
100004
100004
100004
100004
100005
100005
100005
100005
100005
100005
100005
100006
100006
100006
100006
100006
100006
100006
100007
100007
100007
100007
100007
100007
100007
100008
100008
100008
100008
100008
100008
100008
100010
100032
100198
100307
100436
100560
100686
100813
100941
101068
101194
101320
101446
101571
101697
101823
101949
102074
102200
102325
102451
102577
102703
102829
102955
103081
103207
103333
103458
103584
103710
103835
103961
104087
104213
104340
104466
100000
100000
100000
100000
100001
100001
100001
100001
100001
100001
100001
100002
100002
100002
100002
100002
100002
100003
100003
100003
100003
100003
100003
100003
100004
100004
100004
100004
100004
100004
100004
100005
100005
100005
100005
100005
100005
100005
100006
100006
100006
100006
100006
100006
100006
100007
100007
100007
100007
100007
100007
100007
100008
100008
100008
100008
100008
100008
100008
100010
100042
100199
100309
100438
100562
100688
100814
100941
101068
101194
101320
101445
101570
101695
101821
101947
102072
102198
102323
102449
102575
102701
102827
102954
103080
103206
103332
103457
103582
103708
103834
103960
104086
104212
104339
104465
100000
100000
100000
100000
100001
100001
100001
100001
100001
100001
100001
100002
100002
100002
100002
100002
100002
100003
100003
100003
100003
100003
100003
100003
100004
100004
100004
100004
100004
100004
100004
100005
100005
100005
100005
100005
100005
100005
100006
100006
100006
100006
100006
100006
100006
100007
100007
100007
100007
100007
100007
100007
100008
100008
100008
100008
100008
100008
100008
100010
100049
100201
100313
100440
100565
100690
100815
100942
101068
101194
101319
101444
101569
101695
101820
101945
102070
102195
102321
102447
102573
102700
102826
102953
103079
103206
103332
103457
103582
103708
103833
103959
104085
104211
104338
104464
100000
100000
100000
100000
100001
100001
100001
100001
100001
100001
100001
100002
100002
100002
100002
100002
100002
100002
100003
100003
100003
100003
100003
100003
100004
100004
100004
100004
100004
100004
100004
100005
100005
100005
100005
100005
100005
100005
100006
100006
100006
100006
100006
100006
100006
100007
100007
100007
100007
100007
100007
100007
100008
100008
100008
100008
100008
100008
100008
100010
100046
100202
100314
100442
100566
100691
100816
100942
101068
101194
101319
101444
101569
101695
101820
101945
102069
102193
102319
102445
102572
102699
102825
102952
103078
103205
103332
103459
103585
103710
103835
103960
104086
104212
104339
104465
100000
100000
100000
100000
100001
100001
100001
100001
100001
100001
100001
100002
100002
100002
100002
100002
100002
100002
100003
100003
100003
100003
100003
100003
100004
100004
100004
100004
100004
100004
100004
100005
100005
100005
100005
100005
100005
100005
100006
100006
100006
100006
100006
100006
100006
100007
100007
100007
100007
100007
100007
100007
100008
100008
100008
100008
100008
100008
100008
100010
100040
100203
100313
100443
100566
100692
100817
100942
101068
101194
101319
101445
101570
101695
101820
101945
102068
102192
102318
102445
102572
102699
102825
102951
103078
103205
103332
103459
103586
103711
103837
103962
104087
104213
104339
104466
100000
100000
100000
100000
100001
100001
100001
100001
100001
100001
100001
100002
100002
100002
100002
100002
100002
100002
100003
100003
100003
100003
100003
100003
100004
100004
100004
100004
100004
100004
100004
100005
100005
100005
100005
100005
100005
100005
100006
100006
100006
100006
100006
100006
100006
100007
100007
100007
100007
100007
100007
100007
100008
100008
100008
100008
100008
100008
100008
100010
100034
100204
100312
100443
100566
100691
100817
100943
101068
101194
101319
101445
101570
101695
101820
101945
102069
102192
102319
102445
102572
102699
102825
102951
103078
103205
103332
103459
103586
103712
103838
103963
104088
104214
104340
104467
100000
100000
100000
100000
100001
100001
100001
100001
100001
100001
100001
100002
100002
100002
100002
100002
100002
100002
100003
100003
100003
100003
100003
100003
100004
100004
100004
100004
100004
100004
100004
100005
100005
100005
100005
100005
100005
100005
100006
100006
100006
100006
100006
100006
100006
100007
100007
100007
100007
100007
100007
100007
100008
100008
100008
100008
100008
100008
100008
100010
100029
100206
100311
100443
100565
100692
100817
100942
101068
101194
101319
101444
101570
101695
101820
101945
102069
102193
102319
102446
102573
102700
102826
102952
103078
103204
103332
103459
103586
103712
103838
103963
104089
104215
104341
104467
100000
100000
100000
100000
100001
100001
100001
100001
100001
100001
100001
100002
100002
100002
100002
100002
100002
100002
100003
100003
100003
100003
100003
100003
100004
100004
100004
100004
100004
100004
100004
100005
100005
100005
100005
100005
100005
100005
100006
100006
100006
100006
100006
100006
100006
100007
100007
100007
100007
100007
100007
100007
100008
100008
100008
100008
100008
100008
100008
100010
100028
100209
100311
100443
100565
100692
100817
100942
101068
101193
101319
101444
101570
101695
101820
101945
102070
102195
102320
102447
102573
102700
102826
102952
103078
103204
103332
103459
103586
103713
103838
103964
104089
104215
104342
104468
100000
100000
100000
100000
100001
100001
100001
100001
100001
100001
100001
100002
100002
100002
100002
100002
100002
100002
100003
100003
100003
100003
100003
100003
100004
100004
100004
100004
100004
100004
100004
100005
100005
100005
100005
100005
100005
100005
100006
100006
100006
100006
100006
100006
100006
100007
100007
100007
100007
100007
100007
100007
100008
100008
100008
100008
100008
100008
100008
100009
100027
100211
100312
100444
100567
100692
100817
100943
101068
101194
101319
101444
101570
101695
101820
101946
102071
102196
102321
102447
102574
102700
102827
102953
103078
103204
103332
103460
103587
103713
103839
103964
104090
104216
104342
104469
100000
100000
100000
100000
100001
100001
100001
100001
100001
100001
100001
100002
100002
100002
100002
100002
100002
100002
100003
100003
100003
100003
100003
100003
100004
100004
100004
100004
100004
100004
100004
100005
100005
100005
100005
100005
100005
100005
100006
100006
100006
100006
100006
100006
100006
100007
100007
100007
100007
100007
100007
100007
100008
100008
100008
100008
100008
100008
100008
100010
100028
100214
100313
100444
100568
100692
100818
100943
101068
101194
101319
101445
101570
101695
101821
101946
102071
102196
102322
102448
102574
102701
102828
102954
103078
103204
103332
103460
103587
103713
103839
103965
104090
104216
104343
104469
100000
100000
100000
100000
100001
100001
100001
100001
100001
100001
100001
100002
100002
100002
100002
100002
100002
100002
100003
100003
100003
100003
100003
100003
100004
100004
100004
100004
100004
100004
100004
100005
100005
100005
100005
100005
100005
100005
100006
100006
100006
100006
100006
100006
100006
100007
100007
100007
100007
100007
100007
100007
100008
100008
100008
100008
100008
100008
100008
100009
100029
100218
100316
100445
100569
100693
100818
100943
101069
101194
101319
101445
101570
101696
101821
101946
102072
102197
102322
102448
102575
102702
102828
102954
103078
103204
103332
103460
103587
103713
103839
103965
104091
104217
104343
104469
)
;

boundaryField
{
    outlet
    {
        type            fixedValue;
        value           uniform 100000;
    }
    inlet
    {
        type            fixedFluxPressure;
        gradient        uniform 11.8732;
        value           uniform 104462;
    }
    walls
    {
        type            fixedFluxPressure;
        gradient        nonuniform List<scalar> 
3903
(
0
0
0
0
0
0
0
0
0
0
0
0
0
0
0
0
0
0
0
0
0
0
0
0
0
0
0
0
0
0
0
0
0
0
0
0
0
0
0
0
0
0
0
0
0
0
0
0
0
0
0
0
0
0
0
0
0
0
0
0
0
0
0
0
0
0
0
0
0
0
0
0
0
0
0
0
0
0
0
0
0
0
0
0
0
0
0
0
0
0
0
0
0
0
0
0
0
0
0
0
0
0
0
0
0
0
0
0
0
0
0
0
0
0
0
0
0
0
0
0
0
0
0
0
0
0
0
0
0
0
0
0
0
0
0
0
0
0
0
0
0
0
0
0
0
0
0
0
0
0
0
0
0
0
0
0
0
0
0
0
0
0
0
0
0
0
0
0
0
0
0
0
0
0
0
0
0
0
0
0
0
0
0
0
0
0
0
0
0
0
0
0
10075.8
0
0
0
0
0
0
0
0
0
0
0
0
0
0
0
0
0
0
0
0
0
0
0
0
0
0
0
0
0
0
0
0
0
0
0
0
0
0
0
0
0
0
0
0
0
0
0
0
0
0
0
0
0
0
0
0
0
0
0
0
0
0
0
0
0
0
0
0
0
0
0
0
0
0
0
0
0
0
0
0
0
0
0
0
0
0
0
0
0
0
0
0
0
0
0
0
10075.8
0
0
0
0
0
0
0
0
0
0
0
0
0
0
0
0
0
0
0
0
0
0
0
0
0
0
0
0
0
0
0
0
0
0
0
0
0
0
0
0
0
0
0
0
0
0
0
0
0
0
0
0
0
0
0
0
0
0
0
0
0
0
0
0
0
0
0
0
0
0
0
0
0
0
0
0
0
0
0
0
0
0
0
0
0
0
0
0
0
0
0
0
0
0
0
0
10075.8
0
0
0
0
0
0
0
0
0
0
0
0
0
0
0
0
0
0
0
0
0
0
0
0
0
0
0
0
0
0
0
0
0
0
0
0
0
0
0
0
0
0
0
0
0
0
0
0
0
0
0
0
0
0
0
0
0
0
0
0
0
0
0
0
0
0
0
0
0
0
0
0
0
0
0
0
0
0
0
0
0
0
0
0
0
0
0
0
0
0
0
0
0
0
0
0
10075.8
0
0
0
0
0
0
0
0
0
0
0
0
0
0
0
0
0
0
0
0
0
0
0
0
0
0
0
0
0
0
0
0
0
0
0
0
0
0
0
0
0
0
0
0
0
0
0
0
0
0
0
0
0
0
0
0
0
0
0
0
0
0
0
0
0
0
0
0
0
0
0
0
0
0
0
0
0
0
0
0
0
0
0
0
0
0
0
0
0
0
0
0
0
0
0
0
10075.8
0
0
0
0
0
0
0
0
0
0
0
0
0
0
0
0
0
0
0
0
0
0
0
0
0
0
0
0
0
0
0
0
0
0
0
0
0
0
0
0
0
0
0
0
0
0
0
0
0
0
0
0
0
0
0
0
0
0
0
0
0
0
0
0
0
0
0
0
0
0
0
0
0
0
0
0
0
0
0
0
0
0
0
0
0
0
0
0
0
0
0
0
0
0
0
0
10075.8
0
0
0
0
0
0
0
0
0
0
0
0
0
0
0
0
0
0
0
0
0
0
0
0
0
0
0
0
0
0
0
0
0
0
0
0
0
0
0
0
0
0
0
0
0
0
0
0
0
0
0
0
0
0
0
0
0
0
0
0
0
0
0
0
0
0
0
0
0
0
0
0
0
0
0
0
0
0
0
0
0
0
0
0
0
0
0
0
0
0
0
0
0
0
0
0
10075.8
0
0
0
0
0
0
0
0
0
0
0
0
0
0
0
0
0
0
0
0
0
0
0
0
0
0
0
0
0
0
0
0
0
0
0
0
0
0
0
0
0
0
0
0
0
0
0
0
0
0
0
0
0
0
0
0
0
0
0
0
0
0
0
0
0
0
0
0
0
0
0
0
0
0
0
0
0
0
0
0
0
0
0
0
0
0
0
0
0
0
0
0
0
0
0
0
10073.8
0
0
0
0
0
0
0
0
0
0
0
0
0
0
0
0
0
0
0
0
0
0
0
0
0
0
0
0
0
0
0
0
0
0
0
0
0
0
0
0
0
0
0
0
0
0
0
0
0
0
0
0
0
0
0
0
0
0
0
0
0
0
0
0
0
0
0
0
0
0
0
0
0
0
0
0
0
0
0
0
0
0
0
0
0
0
0
0
0
0
0
0
0
0
0
0
10071.5
0
0
0
0
0
0
0
0
0
0
0
0
0
0
0
0
0
0
0
0
0
0
0
0
0
0
0
0
0
0
0
0
0
0
0
0
0
0
0
0
0
0
0
0
0
0
0
0
0
0
0
0
0
0
0
0
0
0
0
0
0
0
0
0
0
0
0
0
0
0
0
0
0
0
0
0
0
0
0
0
0
0
0
0
0
0
0
0
0
0
0
0
0
0
0
0
10075.2
0
0
0
0
0
0
0
0
0
0
0
0
0
0
0
0
0
0
0
0
0
0
0
0
0
0
0
0
0
0
0
0
0
0
0
0
0
0
0
0
0
0
0
0
0
0
0
0
0
0
0
0
0
0
0
0
0
0
0
0
0
0
0
0
0
0
0
0
0
0
0
0
0
0
0
0
0
0
0
0
0
0
0
0
0
0
0
0
0
0
0
0
0
0
0
0
10075.8
0
0
0
0
0
0
0
0
0
0
0
0
0
0
0
0
0
0
0
0
0
0
0
0
0
0
0
0
0
0
0
0
0
0
0
0
0
0
0
0
0
0
0
0
0
0
0
0
0
0
0
0
0
0
0
0
0
0
0
0
0
0
0
0
0
0
0
0
0
0
0
0
0
0
0
0
0
0
0
0
0
0
0
0
0
0
0
0
0
0
0
0
0
0
0
0
10075.8
0
0
0
0
0
0
0
0
0
0
0
0
0
0
0
0
0
0
0
0
0
0
0
0
0
0
0
0
0
0
0
0
0
0
0
0
0
0
0
0
0
0
0
0
0
0
0
0
0
0
0
0
0
0
0
0
0
0
0
0
0
0
0
0
0
0
0
0
0
0
0
0
0
0
0
0
0
0
0
0
0
0
0
0
0
0
0
0
0
0
0
0
0
0
0
0
10075.8
0
0
0
0
0
0
0
0
0
0
0
0
0
0
0
0
0
0
0
0
0
0
0
0
0
0
0
0
0
0
0
0
0
0
0
0
0
0
0
0
0
0
0
0
0
0
0
0
0
0
0
0
0
0
0
0
0
0
0
0
0
0
0
0
0
0
0
0
0
0
0
0
0
0
0
0
0
0
0
0
0
0
0
0
0
0
0
0
0
0
0
0
0
0
0
0
10075.8
0
0
0
0
0
0
0
0
0
0
0
0
0
0
0
0
0
0
0
0
0
0
0
0
0
0
0
0
0
0
0
0
0
0
0
0
0
0
0
0
0
0
0
0
0
0
0
0
0
0
0
0
0
0
0
0
0
0
0
0
0
0
0
0
0
0
0
0
0
0
0
0
0
0
0
0
0
0
0
0
0
0
0
0
0
0
0
0
0
0
0
0
0
0
0
0
10075.8
0
0
0
0
0
0
0
0
0
0
0
0
0
0
0
0
0
0
0
0
0
0
0
0
0
0
0
0
0
0
0
0
0
0
0
0
0
0
0
0
0
0
0
0
0
0
0
0
0
0
0
0
0
0
0
0
0
0
0
0
0
0
0
0
0
0
0
0
0
0
0
0
0
0
0
0
0
0
0
0
0
0
0
0
0
0
0
0
0
0
0
0
0
0
0
0
0
0
0
0
0
0
0
0
0
0
0
0
0
0
0
0
0
0
0
0
0
0
0
0
0
0
0
0
0
0
0
0
0
0
0
0
0
0
0
0
0
0
0
0
0
0
0
0
0
0
0
0
0
0
0
0
0
0
0
0
0
0
0
0
0
0
0
0
0
0
0
0
0
0
0
0
0
0
0
0
0
0
0
0
0
0
0
0
0
0
0
0
0
0
0
0
10075.8
0
0
0
0
0
0
0
0
0
0
0
0
0
0
0
0
0
0
0
0
0
0
0
0
0
0
0
0
0
0
0
0
0
0
0
0
0
0
0
0
0
0
0
0
0
0
0
0
0
0
0
0
0
0
0
0
0
0
0
0
0
0
0
0
0
0
0
0
0
0
0
0
0
0
0
0
0
0
0
0
0
0
0
0
0
0
0
0
0
0
0
0
0
0
0
0
10075.8
10075.8
10075.8
10075.8
10075.8
10075.8
9983.6
9054.16
10058.5
10075.8
10075.8
10075.8
10075.8
10075.8
0
0
0
0
0
0
0
0
0
0
0
0
0
0
0
0
0
0
0
0
0
0
0
0
0
0
0
0
0
0
0
0
0
0
0
0
0
0
0
0
0
0
0
0
0
0
0
0
0
0
0
0
0
0
0
0
0
0
0
0
0
0
0
0
0
0
0
0
0
0
0
0
0
0
0
0
0
0
0
0
0
0
0
0
0
0
0
0
0
0
0
0
0
0
0
0
10075.8
0
0
0
0
0
0
0
0
0
0
0
0
0
0
0
0
0
0
0
0
0
0
0
0
0
0
0
0
0
0
0
0
0
0
0
0
0
0
0
0
0
0
0
0
0
0
0
0
0
0
0
0
0
0
0
0
0
0
0
0
0
0
0
0
0
0
0
0
0
0
0
0
0
0
0
0
0
0
0
0
0
0
0
0
0
0
0
0
0
0
0
0
0
0
0
0
10075.8
10075.8
10075.8
10075.8
10075.8
10075.8
10075.8
10043.4
10073.9
10075.7
10075.8
10075.8
10075.8
10075.8
10075.8
0
0
0
0
0
0
0
0
0
0
0
0
0
0
0
0
0
0
0
0
0
0
0
0
0
0
0
0
0
0
0
0
0
0
0
0
0
0
0
0
0
0
0
0
0
0
0
0
0
0
0
0
0
0
0
0
0
0
0
0
0
0
0
0
0
0
0
0
0
0
0
0
0
0
0
0
0
0
0
0
0
0
0
0
0
0
0
0
0
0
0
0
0
0
0
0
10075.8
0
0
0
0
0
0
0
0
0
0
0
0
0
0
0
0
0
0
0
0
0
0
0
0
0
0
0
0
0
0
0
0
0
0
0
0
0
0
0
0
0
0
0
0
0
0
0
0
0
0
0
0
0
0
0
0
0
0
0
0
0
0
0
0
0
0
0
0
0
0
0
0
0
0
0
0
0
0
0
0
0
0
0
0
0
0
0
0
0
0
0
0
0
0
0
0
0
0
0
0
0
0
0
0
0
0
0
0
0
0
0
0
0
0
0
0
0
0
0
0
0
0
0
0
0
0
0
0
0
0
0
0
0
0
0
0
0
0
0
0
0
0
0
0
0
0
0
0
0
0
0
0
0
0
0
0
0
0
0
0
0
0
0
0
0
0
0
0
0
0
0
0
0
0
0
0
0
0
0
0
0
0
0
0
0
0
0
0
0
0
0
0
10075.8
0
0
0
0
0
0
0
0
0
0
0
0
0
0
0
0
0
0
0
0
0
0
0
0
0
0
0
0
0
0
0
0
0
0
0
0
0
0
0
0
0
0
0
0
0
0
0
0
0
0
0
0
0
0
0
0
0
0
0
0
0
0
0
0
0
0
0
0
0
0
0
0
0
0
0
0
0
0
0
0
0
0
0
0
0
0
0
0
0
0
0
0
0
0
0
0
10075.8
0
0
0
0
0
0
0
0
0
0
0
0
0
0
0
0
0
0
0
0
0
0
0
0
0
0
0
0
0
0
0
0
0
0
0
0
0
0
0
0
0
0
0
0
0
0
0
0
0
0
0
0
0
0
0
0
0
0
0
0
0
0
0
0
0
0
0
0
0
0
0
0
0
0
0
0
0
0
0
0
0
0
0
0
0
0
0
0
0
0
0
0
0
0
0
0
10075.8
0
0
0
0
0
0
0
0
0
0
0
0
0
0
0
0
0
0
0
0
0
0
0
0
0
0
0
0
0
0
0
0
0
0
0
0
0
0
0
0
0
0
0
0
0
0
0
0
0
0
0
0
0
0
0
0
0
0
0
0
0
0
0
0
0
0
0
0
0
0
0
0
0
0
0
0
0
0
0
0
0
0
0
0
0
0
0
0
0
0
0
0
0
0
0
0
10075.8
0
0
0
0
0
0
0
0
0
0
0
0
0
0
0
0
0
0
0
0
0
0
0
0
0
0
0
0
0
0
0
0
0
0
0
0
0
0
0
0
0
0
0
0
0
0
0
0
0
0
0
0
0
0
0
0
0
0
0
0
0
0
0
0
0
0
0
0
0
0
0
0
0
0
0
0
0
0
0
0
0
0
0
0
0
0
0
0
0
0
0
0
0
0
0
0
10075.8
0
0
0
0
0
0
0
0
0
0
0
0
0
0
0
0
0
0
0
0
0
0
0
0
0
0
0
0
0
0
0
0
0
0
0
0
0
0
0
0
0
0
0
0
0
0
0
0
0
0
0
0
0
0
0
0
0
0
0
0
0
0
0
0
0
0
0
0
0
0
0
0
0
0
0
0
0
0
0
0
0
0
0
0
0
0
0
0
0
0
0
0
0
0
0
0
10075.8
0
0
0
0
0
0
0
0
0
0
0
0
0
0
0
0
0
0
0
0
0
0
0
0
0
0
0
0
0
0
0
0
0
0
0
0
0
0
0
0
0
0
0
0
0
0
0
0
0
0
0
0
0
0
0
0
0
0
0
0
0
0
0
0
0
0
0
0
0
0
0
0
0
0
0
0
0
0
0
0
0
0
0
0
0
0
0
0
0
0
0
0
0
0
0
0
10075.8
0
0
0
0
0
0
0
0
0
0
0
0
0
0
0
0
0
0
0
0
0
0
0
0
0
0
0
0
0
0
0
0
0
0
0
0
0
0
0
0
0
0
0
0
0
0
0
0
0
0
0
0
0
0
0
0
0
0
0
0
0
0
0
0
0
0
0
0
0
0
0
0
0
0
0
0
0
0
0
0
0
0
0
0
0
0
0
0
0
0
0
0
0
0
0
0
10075.8
0
0
0
0
0
0
0
0
0
0
0
0
0
0
0
0
0
0
0
0
0
0
0
0
0
0
0
0
0
0
0
0
0
0
0
0
0
0
0
0
0
0
0
0
0
0
0
0
0
0
0
0
0
0
0
0
0
0
0
0
0
0
0
0
0
0
0
0
0
0
0
0
0
0
0
0
0
0
0
0
0
0
0
0
0
0
0
0
0
0
0
0
0
0
0
0
10075.8
0
0
0
0
0
0
0
0
0
0
0
0
0
0
0
0
0
0
0
0
0
0
0
0
0
0
0
0
0
0
0
0
0
0
0
0
0
0
0
0
0
0
0
0
0
0
0
0
0
0
0
0
0
0
0
0
0
0
0
0
0
0
0
0
0
0
0
0
0
0
0
0
0
0
0
0
0
0
0
0
0
0
0
0
0
0
0
0
0
0
0
0
0
0
0
0
10075.8
0
0
0
0
0
0
0
0
0
0
0
0
0
0
0
0
0
0
0
0
0
0
0
0
0
0
0
0
0
0
0
0
0
0
0
0
0
0
0
0
0
0
0
0
0
0
0
0
0
0
0
0
0
0
0
0
0
0
0
0
0
0
0
0
0
0
0
0
0
0
0
0
0
0
0
0
0
0
0
0
0
0
0
0
0
0
0
0
0
0
0
0
0
0
0
0
10075.8
0
0
0
0
0
0
0
0
0
0
0
0
0
0
0
0
0
0
0
0
0
0
0
0
0
0
0
0
0
0
0
0
0
0
0
0
0
0
0
0
0
0
0
0
0
0
0
0
0
0
0
0
0
0
0
0
0
0
0
0
0
0
0
0
0
0
0
0
0
0
0
0
0
0
0
0
0
0
0
0
0
0
0
0
0
0
0
0
0
0
0
0
0
0
0
0
10075.8
0
0
0
0
0
0
0
0
0
0
0
0
0
0
0
0
0
0
0
0
0
0
0
0
0
0
0
0
0
0
0
0
0
0
0
0
0
0
0
0
0
0
0
0
0
0
0
0
0
0
0
0
0
0
0
0
0
0
0
0
0
0
0
0
0
0
0
0
0
0
0
0
0
0
0
0
0
0
0
0
0
0
0
0
0
0
0
0
0
0
0
0
0
0
0
0
10075.8
0
0
0
0
0
0
0
0
0
0
0
0
0
0
0
0
0
0
0
0
0
0
0
0
0
0
0
0
0
0
0
0
0
0
0
0
0
0
0
0
0
0
0
0
0
0
0
0
0
0
0
0
0
0
0
0
0
0
0
0
0
0
0
0
0
0
0
0
0
0
0
0
0
0
0
0
0
0
0
0
0
0
0
0
0
0
0
0
0
0
0
0
0
0
0
0
10075.8
0
0
0
0
0
0
0
0
0
0
0
0
0
0
0
0
0
0
0
0
0
0
0
0
0
0
0
0
0
0
0
0
0
0
0
0
0
0
0
0
0
0
0
0
0
0
0
0
0
0
0
0
0
0
0
0
0
0
0
0
0
0
0
0
0
0
0
0
0
0
0
0
0
0
0
0
0
0
0
0
0
0
0
0
0
0
0
0
0
0
0
0
0
0
0
0
10075.8
0
0
0
0
0
0
0
0
0
0
0
0
0
0
0
0
0
0
0
0
0
0
0
0
0
0
0
0
0
0
0
0
0
0
0
0
0
0
0
0
0
0
0
0
0
0
0
0
0
0
0
0
0
0
0
0
0
0
0
0
0
0
0
0
0
0
0
0
0
0
0
0
0
0
0
0
0
0
0
0
0
0
0
0
0
0
0
0
0
0
0
0
0
0
0
0
0
0
0
0
0
0
0
0
0
0
0
0
0
0
0
0
0
0
0
0
0
0
0
0
0
0
0
0
0
0
0
0
0
0
0
0
0
0
0
0
0
0
0
0
0
0
0
0
0
0
0
0
0
0
0
0
0
0
0
0
0
0
0
0
0
0
0
0
0
0
0
0
0
0
0
0
0
0
0
0
0
0
0
0
0
0
0
0
0
0
0
0
0
0
0
0
10075.8
)
;
        value           nonuniform List<scalar> 
3903
(
100000
100000
100000
100000
100000
100000
100000
100000
100001
100001
100001
100001
100001
100001
100001
100001
100001
100001
100001
100001
100002
100002
100002
100002
100002
100002
100002
100002
100002
100002
100002
100002
100002
100002
100003
100003
100003
100003
100003
100003
100003
100003
100003
100003
100003
100003
100003
100003
100004
100004
100004
100004
100004
100004
100004
100004
100004
100004
100004
100004
100004
100004
100005
100005
100005
100005
100005
100005
100005
100005
100005
100005
100005
100005
100005
100005
100006
100006
100006
100006
100006
100006
100006
100006
100006
100006
100006
100006
100006
100006
100007
100007
100007
100007
100007
100007
100007
100007
100007
100007
100007
100007
100007
100007
100008
100008
100008
100008
100008
100008
100008
100008
100008
100008
100008
100008
100009
100009
100009
100009
100031
100031
100216
100216
100317
100317
100440
100440
100565
100565
100690
100690
100817
100817
100944
100944
101072
101072
101198
101198
101325
101325
101450
101450
101576
101576
101701
101701
101827
101827
101952
101952
102078
102078
102204
102204
102330
102330
102456
102456
102581
102581
102707
102707
102833
102833
102959
102959
103085
103085
103211
103211
103337
103337
103463
103463
103588
103588
103714
103714
103839
103839
103965
103965
104091
104091
104218
104218
104344
104344
104470
104470
104533
100000
100000
100000
100000
100001
100001
100001
100001
100001
100001
100002
100002
100002
100002
100002
100002
100002
100003
100003
100003
100003
100003
100003
100003
100004
100004
100004
100004
100004
100004
100004
100005
100005
100005
100005
100005
100005
100005
100006
100006
100006
100006
100006
100006
100006
100007
100007
100007
100007
100007
100007
100007
100008
100008
100008
100008
100008
100008
100009
100010
100027
100211
100310
100439
100563
100689
100816
100944
101071
101198
101324
101450
101575
101701
101826
101952
102078
102204
102330
102456
102581
102707
102833
102959
103085
103211
103337
103462
103588
103713
103839
103965
104091
104217
104344
104470
104533
100000
100000
100000
100000
100001
100001
100001
100001
100001
100001
100001
100002
100002
100002
100002
100002
100002
100003
100003
100003
100003
100003
100003
100003
100004
100004
100004
100004
100004
100004
100004
100005
100005
100005
100005
100005
100005
100005
100006
100006
100006
100006
100006
100006
100006
100007
100007
100007
100007
100007
100007
100007
100008
100008
100008
100008
100008
100008
100008
100010
100026
100207
100306
100438
100561
100687
100815
100943
101070
101197
101324
101449
101575
101700
101826
101952
102078
102204
102330
102455
102581
102707
102832
102958
103084
103210
103336
103462
103588
103713
103839
103964
104091
104217
104343
104469
104532
100000
100000
100000
100000
100001
100001
100001
100001
100001
100001
100001
100002
100002
100002
100002
100002
100002
100003
100003
100003
100003
100003
100003
100003
100004
100004
100004
100004
100004
100004
100004
100005
100005
100005
100005
100005
100005
100005
100006
100006
100006
100006
100006
100006
100006
100007
100007
100007
100007
100007
100007
100007
100008
100008
100008
100008
100008
100008
100008
100010
100025
100204
100303
100436
100559
100686
100814
100942
101070
101197
101323
101449
101574
101700
101826
101952
102077
102203
102329
102454
102580
102706
102831
102957
103083
103209
103335
103461
103587
103712
103838
103964
104090
104216
104343
104469
104532
100000
100000
100000
100000
100001
100001
100001
100001
100001
100001
100001
100002
100002
100002
100002
100002
100002
100003
100003
100003
100003
100003
100003
100003
100004
100004
100004
100004
100004
100004
100004
100005
100005
100005
100005
100005
100005
100005
100006
100006
100006
100006
100006
100006
100006
100007
100007
100007
100007
100007
100007
100007
100008
100008
100008
100008
100008
100008
100008
100010
100028
100201
100302
100436
100558
100687
100813
100942
101069
101196
101322
101448
101574
101699
101825
101951
102077
102202
102328
102453
102579
102704
102830
102956
103082
103208
103334
103460
103586
103712
103837
103963
104089
104215
104342
104468
104531
100000
100000
100000
100000
100001
100001
100001
100001
100001
100001
100001
100002
100002
100002
100002
100002
100002
100003
100003
100003
100003
100003
100003
100003
100004
100004
100004
100004
100004
100004
100004
100005
100005
100005
100005
100005
100005
100005
100006
100006
100006
100006
100006
100006
100006
100007
100007
100007
100007
100007
100007
100007
100008
100008
100008
100008
100008
100008
100008
100010
100033
100202
100305
100436
100559
100687
100814
100942
101069
101195
101321
101447
101573
101699
101824
101950
102075
102201
102326
102452
102577
102703
102829
102955
103081
103207
103333
103459
103585
103711
103836
103962
104088
104214
104341
104467
104530
100000
100000
100000
100000
100001
100001
100001
100001
100001
100001
100001
100002
100002
100002
100002
100002
100002
100003
100003
100003
100003
100003
100003
100003
100004
100004
100004
100004
100004
100004
100004
100005
100005
100005
100005
100005
100005
100005
100006
100006
100006
100006
100006
100006
100006
100007
100007
100007
100007
100007
100007
100007
100008
100008
100008
100008
100008
100008
100008
100010
100043
100203
100310
100437
100561
100688
100815
100942
101069
101195
101321
101447
101572
101698
101823
101949
102074
102199
102325
102450
102576
102702
102828
102954
103080
103206
103332
103459
103585
103710
103836
103961
104087
104214
104340
104466
104529
100000
100000
100000
100000
100001
100001
100001
100001
100001
100001
100001
100002
100002
100002
100002
100002
100002
100003
100003
100003
100003
100003
100003
100003
100004
100004
100004
100004
100004
100004
100004
100005
100005
100005
100005
100005
100005
100005
100006
100006
100006
100006
100006
100006
100006
100007
100007
100007
100007
100007
100007
100007
100008
100008
100008
100008
100008
100008
100008
100010
100052
100204
100316
100440
100564
100690
100816
100943
101069
101195
101321
101446
101572
101697
101822
101948
102073
102198
102323
102448
102574
102700
102826
102952
103078
103205
103332
103458
103584
103710
103836
103961
104087
104213
104340
104465
104528
100000
100000
100000
100000
100001
100001
100001
100001
100001
100001
100001
100002
100002
100002
100002
100002
100002
100003
100003
100003
100003
100003
100003
100003
100004
100004
100004
100004
100004
100004
100004
100005
100005
100005
100005
100005
100005
100005
100006
100006
100006
100006
100006
100006
100006
100007
100007
100007
100007
100007
100007
100007
100008
100008
100008
100008
100008
100008
100008
100010
100051
100206
100317
100442
100566
100692
100817
100943
101069
101195
101321
101446
101572
101697
101822
101947
102072
102196
102321
102446
102572
102698
102825
102952
103078
103205
103332
103458
103585
103711
103837
103962
104088
104214
104340
104466
104529
100000
100000
100000
100000
100001
100001
100001
100001
100001
100001
100001
100002
100002
100002
100002
100002
100002
100003
100003
100003
100003
100003
100003
100003
100004
100004
100004
100004
100004
100004
100004
100005
100005
100005
100005
100005
100005
100005
100006
100006
100006
100006
100006
100006
100006
100007
100007
100007
100007
100007
100007
100007
100008
100008
100008
100008
100008
100008
100008
100010
100045
100207
100315
100442
100567
100692
100818
100944
101070
101195
101321
101446
101572
101697
101822
101947
102071
102195
102320
102445
102571
102698
102825
102952
103078
103205
103332
103459
103586
103712
103838
103963
104089
104215
104340
104466
104529
100000
100000
100000
100000
100001
100001
100001
100001
100001
100001
100001
100002
100002
100002
100002
100002
100002
100003
100003
100003
100003
100003
100003
100003
100004
100004
100004
100004
100004
100004
100004
100005
100005
100005
100005
100005
100005
100005
100006
100006
100006
100006
100006
100006
100006
100007
100007
100007
100007
100007
100007
100007
100008
100008
100008
100008
100008
100008
100008
100010
100037
100208
100310
100443
100566
100692
100818
100944
101070
101195
101321
101446
101572
101697
101822
101947
102071
102196
102320
102446
102572
102699
102825
102952
103078
103205
103332
103459
103586
103713
103839
103964
104090
104215
104341
104467
104530
100000
100000
100000
100000
100001
100001
100001
100001
100001
100001
100001
100002
100002
100002
100002
100002
100002
100002
100003
100003
100003
100003
100003
100003
100004
100004
100004
100004
100004
100004
100004
100005
100005
100005
100005
100005
100005
100005
100006
100006
100006
100006
100006
100006
100006
100007
100007
100007
100007
100007
100007
100007
100008
100008
100008
100008
100008
100008
100008
100010
100032
100207
100307
100445
100565
100693
100818
100944
101069
101195
101320
101446
101571
101696
101822
101946
102071
102196
102321
102447
102573
102699
102826
102952
103079
103206
103333
103460
103587
103713
103839
103964
104090
104216
104341
104467
104530
100000
100000
100000
100000
100001
100001
100001
100001
100001
100001
100001
100002
100002
100002
100002
100002
100002
100002
100003
100003
100003
100003
100003
100003
100004
100004
100004
100004
100004
100004
100004
100005
100005
100005
100005
100005
100005
100005
100006
100006
100006
100006
100006
100006
100006
100007
100007
100007
100007
100007
100007
100007
100008
100008
100008
100008
100008
100008
100008
100010
100030
100209
100308
100444
100565
100692
100818
100943
101069
101194
101320
101445
101571
101696
101821
101946
102071
102196
102322
102447
102574
102700
102826
102953
103079
103206
103333
103460
103587
103714
103839
103965
104090
104216
104342
104468
104531
100000
100000
100000
100000
100001
100001
100001
100001
100001
100001
100001
100002
100002
100002
100002
100002
100002
100002
100003
100003
100003
100003
100003
100003
100004
100004
100004
100004
100004
100004
100004
100005
100005
100005
100005
100005
100005
100005
100006
100006
100006
100006
100006
100006
100006
100007
100007
100007
100007
100007
100007
100007
100008
100008
100008
100008
100008
100008
100008
100009
100029
100212
100310
100444
100566
100692
100818
100943
101069
101194
101320
101445
101570
101696
101821
101946
102071
102197
102322
102448
102574
102700
102827
102953
103079
103206
103333
103461
103588
103714
103839
103965
104090
104216
104342
104468
104531
100000
100000
100000
100000
100001
100001
100001
100001
100001
100001
100001
100002
100002
100002
100002
100002
100002
100002
100003
100003
100003
100003
100003
100003
100004
100004
100004
100004
100004
100004
100004
100005
100005
100005
100005
100005
100005
100005
100006
100006
100006
100006
100006
100006
100006
100007
100007
100007
100007
100007
100007
100007
100008
100008
100008
100008
100008
100008
100008
100010
100029
100214
100313
100444
100568
100692
100817
100943
101068
101194
101319
101445
101570
101695
101821
101946
102071
102197
102322
102448
102574
102701
102827
102953
103080
103206
103334
103461
103588
103714
103839
103965
104091
104217
104343
104469
104532
100000
100000
100000
100000
100000
100000
100000
100000
100001
100001
100001
100001
100001
100001
100001
100001
100001
100001
100001
100001
100001
100001
100002
100002
100002
100002
100002
100002
100002
100002
100002
100002
100002
100002
100002
100002
100003
100003
100003
100003
100003
100003
100003
100003
100003
100003
100003
100003
100004
100004
100004
100004
100004
100004
100004
100004
100004
100004
100004
100004
100004
100004
100005
100005
100005
100005
100005
100005
100005
100005
100005
100005
100005
100005
100005
100005
100006
100006
100006
100006
100006
100006
100006
100006
100006
100006
100006
100006
100006
100006
100007
100007
100007
100007
100007
100007
100007
100007
100007
100007
100007
100007
100007
100007
100008
100008
100008
100008
100008
100008
100008
100008
100008
100008
100008
100008
100008
100008
100009
100009
100030
100030
100219
100219
100317
100317
100444
100444
100569
100569
100693
100693
100818
100818
100943
100943
101069
101069
101194
101194
101319
101319
101445
101445
101570
101570
101695
101695
101821
101821
101946
101946
102071
102071
102197
102197
102323
102323
102448
102448
102574
102574
102701
102701
102827
102827
102953
102953
103080
103080
103206
103206
103334
103334
103462
103462
103588
103588
103714
103714
103840
103840
103965
103965
104091
104091
104217
104217
104343
104343
104469
104469
104532
100000
100000
100000
100000
100001
100001
100001
100001
100001
100001
100002
100002
100002
100002
100002
100002
100002
100003
100003
100003
100003
100003
100003
100003
100004
100004
100004
100004
100004
100004
100004
100005
100005
100005
100005
100005
100005
100005
100006
100006
100006
100006
100006
100006
100006
100007
100007
100007
100007
100007
100007
100007
100008
100008
100008
100008
100008
100008
100009
100010
100028
100211
100313
100441
100566
100690
100817
100944
101071
101198
101324
101450
101576
101701
101827
101952
102078
102204
102330
102455
102581
102707
102833
102959
103085
103211
103337
103463
103588
103714
103839
103965
104091
104218
104344
104470
104533
104533
104532
104531
104530
104529
104527
104520
104531
104531
104531
104531
104532
104532
100000
100000
100000
100000
100001
100001
100001
100001
100001
100001
100001
100002
100002
100002
100002
100002
100002
100002
100003
100003
100003
100003
100003
100003
100004
100004
100004
100004
100004
100004
100004
100005
100005
100005
100005
100005
100005
100005
100006
100006
100006
100006
100006
100006
100006
100007
100007
100007
100007
100007
100007
100007
100008
100008
100008
100008
100008
100008
100008
100010
100029
100213
100312
100445
100569
100693
100818
100943
101068
101194
101319
101445
101570
101695
101821
101946
102071
102197
102322
102448
102574
102701
102827
102953
103079
103205
103333
103461
103588
103714
103839
103965
104091
104217
104343
104469
104532
100000
100000
100000
100000
100001
100001
100001
100001
100001
100001
100001
100002
100002
100002
100002
100002
100002
100003
100003
100003
100003
100003
100003
100003
100004
100004
100004
100004
100004
100004
100004
100005
100005
100005
100005
100005
100005
100005
100006
100006
100006
100006
100006
100006
100006
100007
100007
100007
100007
100007
100007
100007
100008
100008
100008
100008
100008
100008
100009
100010
100028
100210
100313
100440
100566
100690
100816
100944
101071
101198
101324
101450
101575
101701
101826
101952
102078
102204
102329
102455
102581
102707
102833
102959
103085
103211
103337
103462
103588
103713
103839
103965
104091
104218
104344
104470
104533
104533
104532
104531
104530
104529
104528
104527
104528
104530
104530
104530
104531
104531
104531
100000
100000
100000
100000
100001
100001
100001
100001
100001
100001
100001
100002
100002
100002
100002
100002
100002
100002
100003
100003
100003
100003
100003
100003
100004
100004
100004
100004
100004
100004
100004
100005
100005
100005
100005
100005
100005
100005
100006
100006
100006
100006
100006
100006
100006
100007
100007
100007
100007
100007
100007
100007
100008
100008
100008
100008
100008
100008
100008
100010
100028
100213
100312
100445
100569
100693
100818
100943
101068
101194
101319
101445
101570
101695
101821
101946
102071
102197
102322
102448
102575
102701
102827
102953
103077
103204
103332
103460
103587
103713
103839
103965
104091
104216
104343
104469
104532
100000
100000
100000
100000
100000
100000
100000
100000
100001
100001
100001
100001
100001
100001
100001
100001
100001
100001
100001
100001
100001
100001
100002
100002
100002
100002
100002
100002
100002
100002
100002
100002
100002
100002
100003
100003
100003
100003
100003
100003
100003
100003
100003
100003
100003
100003
100003
100003
100004
100004
100004
100004
100004
100004
100004
100004
100004
100004
100004
100004
100004
100004
100005
100005
100005
100005
100005
100005
100005
100005
100005
100005
100005
100005
100005
100005
100006
100006
100006
100006
100006
100006
100006
100006
100006
100006
100006
100006
100006
100006
100007
100007
100007
100007
100007
100007
100007
100007
100007
100007
100007
100007
100007
100007
100008
100008
100008
100008
100008
100008
100008
100008
100008
100008
100008
100008
100009
100009
100009
100009
100031
100031
100216
100216
100317
100317
100440
100440
100565
100565
100690
100690
100816
100816
100943
100943
101071
101071
101198
101198
101324
101324
101450
101450
101575
101575
101701
101701
101827
101827
101953
101953
102078
102078
102204
102204
102330
102330
102455
102455
102581
102581
102707
102707
102833
102833
102959
102959
103085
103085
103211
103211
103337
103337
103462
103462
103588
103588
103713
103713
103839
103839
103965
103965
104091
104091
104218
104218
104344
104344
104470
104470
104533
100000
100000
100000
100000
100001
100001
100001
100001
100001
100001
100001
100002
100002
100002
100002
100002
100002
100003
100003
100003
100003
100003
100003
100003
100004
100004
100004
100004
100004
100004
100004
100005
100005
100005
100005
100005
100005
100005
100006
100006
100006
100006
100006
100006
100006
100007
100007
100007
100007
100007
100007
100007
100008
100008
100008
100008
100008
100008
100009
100010
100027
100210
100310
100439
100563
100688
100814
100942
101070
101197
101324
101450
101575
101700
101826
101952
102078
102204
102329
102455
102581
102707
102833
102959
103085
103211
103336
103462
103588
103713
103839
103965
104091
104217
104344
104470
104533
100000
100000
100000
100000
100001
100001
100001
100001
100001
100001
100001
100002
100002
100002
100002
100002
100002
100003
100003
100003
100003
100003
100003
100003
100004
100004
100004
100004
100004
100004
100004
100005
100005
100005
100005
100005
100005
100005
100006
100006
100006
100006
100006
100006
100006
100007
100007
100007
100007
100007
100007
100007
100008
100008
100008
100008
100008
100008
100008
100010
100024
100205
100306
100437
100560
100686
100813
100941
101069
101196
101323
101449
101574
101700
101826
101952
102077
102203
102329
102455
102581
102707
102833
102959
103084
103210
103336
103461
103587
103712
103838
103964
104090
104217
104343
104469
104532
100000
100000
100000
100000
100001
100001
100001
100001
100001
100001
100001
100002
100002
100002
100002
100002
100002
100003
100003
100003
100003
100003
100003
100003
100004
100004
100004
100004
100004
100004
100004
100005
100005
100005
100005
100005
100005
100005
100006
100006
100006
100006
100006
100006
100006
100007
100007
100007
100007
100007
100007
100007
100008
100008
100008
100008
100008
100008
100008
100010
100024
100202
100304
100435
100557
100685
100812
100940
101068
101195
101322
101448
101573
101699
101825
101951
102077
102203
102328
102454
102580
102706
102832
102958
103083
103209
103335
103461
103586
103712
103837
103963
104089
104216
104342
104468
104531
100000
100000
100000
100000
100001
100001
100001
100001
100001
100001
100001
100002
100002
100002
100002
100002
100002
100003
100003
100003
100003
100003
100003
100003
100004
100004
100004
100004
100004
100004
100004
100005
100005
100005
100005
100005
100005
100005
100006
100006
100006
100006
100006
100006
100006
100007
100007
100007
100007
100007
100007
100007
100008
100008
100008
100008
100008
100008
100008
100010
100027
100199
100305
100435
100558
100685
100812
100940
101068
101195
101321
101447
101572
101698
101824
101950
102076
102202
102327
102453
102579
102705
102830
102956
103082
103208
103334
103460
103585
103711
103836
103962
104088
104214
104341
104467
104530
100000
100000
100000
100000
100001
100001
100001
100001
100001
100001
100001
100002
100002
100002
100002
100002
100002
100003
100003
100003
100003
100003
100003
100003
100004
100004
100004
100004
100004
100004
100004
100005
100005
100005
100005
100005
100005
100005
100006
100006
100006
100006
100006
100006
100006
100007
100007
100007
100007
100007
100007
100007
100008
100008
100008
100008
100008
100008
100008
100010
100032
100198
100307
100436
100560
100686
100813
100941
101068
101194
101320
101446
101571
101697
101823
101949
102074
102200
102325
102451
102577
102703
102829
102955
103081
103207
103333
103458
103584
103710
103835
103961
104087
104213
104340
104466
104529
100000
100000
100000
100000
100001
100001
100001
100001
100001
100001
100001
100002
100002
100002
100002
100002
100002
100003
100003
100003
100003
100003
100003
100003
100004
100004
100004
100004
100004
100004
100004
100005
100005
100005
100005
100005
100005
100005
100006
100006
100006
100006
100006
100006
100006
100007
100007
100007
100007
100007
100007
100007
100008
100008
100008
100008
100008
100008
100008
100010
100042
100199
100309
100438
100562
100688
100814
100941
101068
101194
101320
101445
101570
101695
101821
101947
102072
102198
102323
102449
102575
102701
102827
102954
103080
103206
103332
103457
103582
103708
103834
103960
104086
104212
104339
104465
104528
100000
100000
100000
100000
100001
100001
100001
100001
100001
100001
100001
100002
100002
100002
100002
100002
100002
100003
100003
100003
100003
100003
100003
100003
100004
100004
100004
100004
100004
100004
100004
100005
100005
100005
100005
100005
100005
100005
100006
100006
100006
100006
100006
100006
100006
100007
100007
100007
100007
100007
100007
100007
100008
100008
100008
100008
100008
100008
100008
100010
100049
100201
100313
100440
100565
100690
100815
100942
101068
101194
101319
101444
101569
101695
101820
101945
102070
102195
102321
102447
102573
102700
102826
102953
103079
103206
103332
103457
103582
103708
103833
103959
104085
104211
104338
104464
104527
100000
100000
100000
100000
100001
100001
100001
100001
100001
100001
100001
100002
100002
100002
100002
100002
100002
100002
100003
100003
100003
100003
100003
100003
100004
100004
100004
100004
100004
100004
100004
100005
100005
100005
100005
100005
100005
100005
100006
100006
100006
100006
100006
100006
100006
100007
100007
100007
100007
100007
100007
100007
100008
100008
100008
100008
100008
100008
100008
100010
100046
100202
100314
100442
100566
100691
100816
100942
101068
101194
101319
101444
101569
101695
101820
101945
102069
102193
102319
102445
102572
102699
102825
102952
103078
103205
103332
103459
103585
103710
103835
103960
104086
104212
104339
104465
104528
100000
100000
100000
100000
100001
100001
100001
100001
100001
100001
100001
100002
100002
100002
100002
100002
100002
100002
100003
100003
100003
100003
100003
100003
100004
100004
100004
100004
100004
100004
100004
100005
100005
100005
100005
100005
100005
100005
100006
100006
100006
100006
100006
100006
100006
100007
100007
100007
100007
100007
100007
100007
100008
100008
100008
100008
100008
100008
100008
100010
100040
100203
100313
100443
100566
100692
100817
100942
101068
101194
101319
101445
101570
101695
101820
101945
102068
102192
102318
102445
102572
102699
102825
102951
103078
103205
103332
103459
103586
103711
103837
103962
104087
104213
104339
104466
104529
100000
100000
100000
100000
100001
100001
100001
100001
100001
100001
100001
100002
100002
100002
100002
100002
100002
100002
100003
100003
100003
100003
100003
100003
100004
100004
100004
100004
100004
100004
100004
100005
100005
100005
100005
100005
100005
100005
100006
100006
100006
100006
100006
100006
100006
100007
100007
100007
100007
100007
100007
100007
100008
100008
100008
100008
100008
100008
100008
100010
100034
100204
100312
100443
100566
100691
100817
100943
101068
101194
101319
101445
101570
101695
101820
101945
102069
102192
102319
102445
102572
102699
102825
102951
103078
103205
103332
103459
103586
103712
103838
103963
104088
104214
104340
104467
104530
100000
100000
100000
100000
100001
100001
100001
100001
100001
100001
100001
100002
100002
100002
100002
100002
100002
100002
100003
100003
100003
100003
100003
100003
100004
100004
100004
100004
100004
100004
100004
100005
100005
100005
100005
100005
100005
100005
100006
100006
100006
100006
100006
100006
100006
100007
100007
100007
100007
100007
100007
100007
100008
100008
100008
100008
100008
100008
100008
100010
100029
100206
100311
100443
100565
100692
100817
100942
101068
101194
101319
101444
101570
101695
101820
101945
102069
102193
102319
102446
102573
102700
102826
102952
103078
103204
103332
103459
103586
103712
103838
103963
104089
104215
104341
104467
104530
100000
100000
100000
100000
100001
100001
100001
100001
100001
100001
100001
100002
100002
100002
100002
100002
100002
100002
100003
100003
100003
100003
100003
100003
100004
100004
100004
100004
100004
100004
100004
100005
100005
100005
100005
100005
100005
100005
100006
100006
100006
100006
100006
100006
100006
100007
100007
100007
100007
100007
100007
100007
100008
100008
100008
100008
100008
100008
100008
100010
100028
100209
100311
100443
100565
100692
100817
100942
101068
101193
101319
101444
101570
101695
101820
101945
102070
102195
102320
102447
102573
102700
102826
102952
103078
103204
103332
103459
103586
103713
103838
103964
104089
104215
104342
104468
104531
100000
100000
100000
100000
100001
100001
100001
100001
100001
100001
100001
100002
100002
100002
100002
100002
100002
100002
100003
100003
100003
100003
100003
100003
100004
100004
100004
100004
100004
100004
100004
100005
100005
100005
100005
100005
100005
100005
100006
100006
100006
100006
100006
100006
100006
100007
100007
100007
100007
100007
100007
100007
100008
100008
100008
100008
100008
100008
100008
100009
100027
100211
100312
100444
100567
100692
100817
100943
101068
101194
101319
101444
101570
101695
101820
101946
102071
102196
102321
102447
102574
102700
102827
102953
103078
103204
103332
103460
103587
103713
103839
103964
104090
104216
104342
104469
104531
100000
100000
100000
100000
100001
100001
100001
100001
100001
100001
100001
100002
100002
100002
100002
100002
100002
100002
100003
100003
100003
100003
100003
100003
100004
100004
100004
100004
100004
100004
100004
100005
100005
100005
100005
100005
100005
100005
100006
100006
100006
100006
100006
100006
100006
100007
100007
100007
100007
100007
100007
100007
100008
100008
100008
100008
100008
100008
100008
100010
100028
100214
100313
100444
100568
100692
100818
100943
101068
101194
101319
101445
101570
101695
101821
101946
102071
102196
102322
102448
102574
102701
102828
102954
103078
103204
103332
103460
103587
103713
103839
103965
104090
104216
104343
104469
104532
100000
100000
100000
100000
100000
100000
100000
100000
100001
100001
100001
100001
100001
100001
100001
100001
100001
100001
100001
100001
100001
100001
100002
100002
100002
100002
100002
100002
100002
100002
100002
100002
100002
100002
100002
100002
100003
100003
100003
100003
100003
100003
100003
100003
100003
100003
100003
100003
100004
100004
100004
100004
100004
100004
100004
100004
100004
100004
100004
100004
100004
100004
100005
100005
100005
100005
100005
100005
100005
100005
100005
100005
100005
100005
100005
100005
100006
100006
100006
100006
100006
100006
100006
100006
100006
100006
100006
100006
100006
100006
100007
100007
100007
100007
100007
100007
100007
100007
100007
100007
100007
100007
100007
100007
100008
100008
100008
100008
100008
100008
100008
100008
100008
100008
100008
100008
100008
100008
100009
100009
100029
100029
100218
100218
100316
100316
100445
100445
100569
100569
100693
100693
100818
100818
100943
100943
101069
101069
101194
101194
101319
101319
101445
101445
101570
101570
101696
101696
101821
101821
101946
101946
102072
102072
102197
102197
102322
102322
102448
102448
102575
102575
102702
102702
102828
102828
102954
102954
103078
103078
103204
103204
103332
103332
103460
103460
103587
103587
103713
103713
103839
103839
103965
103965
104091
104091
104217
104217
104343
104343
104469
104469
104532
)
;
    }
}


// ************************************************************************* //
