/*--------------------------------*- C++ -*----------------------------------*\
| =========                 |                                                 |
| \\      /  F ield         | OpenFOAM: The Open Source CFD Toolbox           |
|  \\    /   O peration     | Version:  2.3.0                                 |
|   \\  /    A nd           | Web:      www.OpenFOAM.org                      |
|    \\/     M anipulation  |                                                 |
\*---------------------------------------------------------------------------*/
FoamFile
{
    version     2.0;
    format      ascii;
    class       volScalarField;
    location    "40";
    object      w3;
}
// * * * * * * * * * * * * * * * * * * * * * * * * * * * * * * * * * * * * * //

dimensions      [0 0 0 0 0 0 0];

internalField   nonuniform List<scalar> 
6144
(
0.0283736
0.0283736
0.0283736
0.0283736
0.0283736
0.0283736
0.0283736
0.0283736
0.0283736
0.0283736
0.0283736
0.0283736
0.0283736
0.0283736
0.0283736
0.0283736
0.0283736
0.0283736
0.0283736
0.0283736
0.0283736
0.0283736
0.0283736
0.0283736
0.0283736
0.0283736
0.0283736
0.0283736
0.0283736
0.0283736
0.0283736
0.0283736
0.0283736
0.0283736
0.0283736
0.0283736
0.0283736
0.0283736
0.0283736
0.0283736
0.0283736
0.0283736
0.0283736
0.0283736
0.0283736
0.0283736
0.0283736
0.0283736
0.0283736
0.0283736
0.0283736
0.0283736
0.0283736
0.0283736
0.0283736
0.0283736
0.0283737
0.028375
0.0298462
0.0318452
0.0124847
6.70059e-05
2.70089e-07
4.76791e-05
0.000131553
0.000143272
0.000859278
0.000282642
0.000157266
6.13519e-05
8.34667e-05
0.000408779
0.00065983
0.000368892
0.001023
0.0174941
0.00193901
0.002807
0.00117383
0.00142983
0.00155669
0.00185296
0.00200553
0.00187889
0.00143674
0.00100563
0.00621624
0.00332531
0.0011276
0.0016413
0.00232944
0.0010116
0.000431541
0.000123514
3.73567e-05
7.48825e-06
0.0283736
0.0283736
0.0283736
0.0283736
0.0283736
0.0283736
0.0283736
0.0283736
0.0283736
0.0283736
0.0283736
0.0283736
0.0283736
0.0283736
0.0283736
0.0283736
0.0283736
0.0283736
0.0283736
0.0283736
0.0283736
0.0283736
0.0283736
0.0283736
0.0283736
0.0283736
0.0283736
0.0283736
0.0283736
0.0283736
0.0283736
0.0283736
0.0283736
0.0283736
0.0283736
0.0283736
0.0283736
0.0283736
0.0283736
0.0283736
0.0283736
0.0283736
0.0283736
0.0283736
0.0283736
0.0283736
0.0283736
0.0283736
0.0283736
0.0283736
0.0283736
0.0283736
0.0283736
0.0283736
0.0283736
0.0283735
0.028375
0.0285885
0.0358788
0.0284199
0.0150171
1.54979e-05
2.77838e-07
4.15208e-05
0.000101121
0.000101202
0.000329328
0.000815421
0.00010482
5.14065e-05
0.000107075
0.00162186
0.000934968
0.000497532
0.00269833
0.00425574
0.000818092
0.000956904
0.000930033
0.00154674
0.00181121
0.00816788
0.00119495
0.000891882
0.00249597
0.000483125
0.00035267
0.00033592
0.000445385
0.000545317
0.0110873
0.00072211
0.00023263
7.11438e-05
3.17182e-05
7.5894e-06
0.0283736
0.0283736
0.0283736
0.0283736
0.0283736
0.0283736
0.0283736
0.0283736
0.0283736
0.0283736
0.0283736
0.0283736
0.0283736
0.0283736
0.0283736
0.0283736
0.0283736
0.0283736
0.0283736
0.0283736
0.0283736
0.0283736
0.0283736
0.0283736
0.0283736
0.0283736
0.0283736
0.0283736
0.0283736
0.0283736
0.0283736
0.0283736
0.0283736
0.0283736
0.0283736
0.0283736
0.0283736
0.0283736
0.0283736
0.0283736
0.0283736
0.0283736
0.0283736
0.0283736
0.0283736
0.0283736
0.0283736
0.0283736
0.0283736
0.0283736
0.0283736
0.0283736
0.0283736
0.0283736
0.0283736
0.0283736
0.0283734
0.0284067
0.0321506
0.0130958
0.0558461
3.65522e-07
2.65946e-07
3.19378e-05
6.1858e-05
0.000261633
0.000160588
2.01454e-05
5.87031e-05
5.13858e-05
9.4512e-05
0.00324705
0.00356985
3.91147e-05
3.70891e-05
3.21208e-05
0.000357274
0.000777553
2.93079e-05
2.38724e-05
3.55278e-05
0.000124444
0.000227955
0.00395186
2.24245e-05
2.63285e-05
0.000172885
0.000316226
0.000227608
0.00246388
0.00045009
0.000469822
0.000787444
9.17187e-05
3.24163e-05
7.67425e-06
0.0283736
0.0283736
0.0283736
0.0283736
0.0283736
0.0283736
0.0283736
0.0283736
0.0283736
0.0283736
0.0283736
0.0283736
0.0283736
0.0283736
0.0283736
0.0283736
0.0283736
0.0283736
0.0283736
0.0283736
0.0283736
0.0283736
0.0283736
0.0283736
0.0283736
0.0283736
0.0283736
0.0283736
0.0283736
0.0283736
0.0283736
0.0283736
0.0283736
0.0283736
0.0283736
0.0283736
0.0283736
0.0283736
0.0283736
0.0283736
0.0283736
0.0283736
0.0283736
0.0283736
0.0283736
0.0283736
0.0283736
0.0283736
0.0283736
0.0283736
0.0283736
0.0283736
0.0283736
0.0283736
0.0283736
0.0283735
0.0283736
0.0283739
0.0293763
0.0251242
0.051292
0.000519735
6.37924e-07
5.37179e-07
4.69893e-06
5.25791e-06
8.04272e-06
1.9213e-05
4.49742e-07
9.21455e-07
2.02305e-06
5.98511e-07
8.56273e-07
6.32347e-07
2.29938e-06
1.4232e-06
5.0345e-07
1.45437e-06
5.00315e-07
3.1706e-06
1.27084e-06
5.34444e-07
2.02745e-05
6.40072e-07
9.13093e-07
1.15136e-06
5.63193e-07
7.93517e-05
6.33831e-05
0.000106336
0.000960364
0.000450638
0.00114681
0.000119504
3.62965e-05
7.2042e-06
0.0283736
0.0283736
0.0283736
0.0283736
0.0283736
0.0283736
0.0283736
0.0283736
0.0283736
0.0283736
0.0283736
0.0283736
0.0283736
0.0283736
0.0283736
0.0283736
0.0283736
0.0283736
0.0283736
0.0283736
0.0283736
0.0283736
0.0283736
0.0283736
0.0283736
0.0283736
0.0283736
0.0283736
0.0283736
0.0283736
0.0283736
0.0283736
0.0283736
0.0283736
0.0283736
0.0283736
0.0283736
0.0283736
0.0283736
0.0283736
0.0283736
0.0283736
0.0283736
0.0283736
0.0283736
0.0283736
0.0283736
0.0283736
0.0283736
0.0283736
0.0283736
0.0283736
0.0283736
0.0283736
0.0283736
0.0283735
0.0283737
0.0283706
0.0283679
0.030277
0.00514866
0.00325367
0.00123681
0.000788638
0.000669309
0.00046032
0.00248144
0.00362698
0.000498067
0.0039147
0.0100487
0.00722608
2.6888e-10
1.2109e-08
0.0328877
0.00587079
0.000290503
7.3454e-07
6.56893e-06
0.00179013
0.00607436
0.000393897
9.34876e-05
0.000115221
0.00025326
0.000229395
5.01508e-05
6.94999e-06
9.49896e-07
6.12887e-07
4.76791e-06
3.77997e-06
0.000146379
0.000365465
3.92182e-05
7.5623e-06
0.0283736
0.0283736
0.0283736
0.0283736
0.0283736
0.0283736
0.0283736
0.0283736
0.0283736
0.0283736
0.0283736
0.0283736
0.0283736
0.0283736
0.0283736
0.0283736
0.0283736
0.0283736
0.0283736
0.0283736
0.0283736
0.0283736
0.0283736
0.0283736
0.0283736
0.0283736
0.0283736
0.0283736
0.0283736
0.0283736
0.0283736
0.0283736
0.0283736
0.0283736
0.0283736
0.0283736
0.0283736
0.0283736
0.0283736
0.0283736
0.0283736
0.0283736
0.0283736
0.0283736
0.0283736
0.0283736
0.0283736
0.0283736
0.0283736
0.0283736
0.0283736
0.0283736
0.0283736
0.0283736
0.0283736
0.0283736
0.0283735
0.0283735
0.028374
0.0266143
0.0179037
0.000346722
0.0506653
0.00936242
0.0212092
0.0300525
0.000808413
0.00184428
0.0102365
0.022646
0.0102438
0.0145536
0.155765
6.0844e-06
2.62603e-07
0.100858
0.0354266
0.000444869
0.465144
0.00663426
0.0363399
0.00257996
0.00044969
0.000369549
0.0003167
0.000201851
0.000701877
0.000851893
0.000546428
5.54301e-05
9.89374e-06
1.18721e-06
2.0306e-07
8.57213e-06
2.09143e-05
9.94568e-06
0.0283736
0.0283736
0.0283736
0.0283736
0.0283736
0.0283736
0.0283736
0.0283736
0.0283736
0.0283736
0.0283736
0.0283736
0.0283736
0.0283736
0.0283736
0.0283736
0.0283736
0.0283736
0.0283736
0.0283736
0.0283736
0.0283736
0.0283736
0.0283736
0.0283736
0.0283736
0.0283736
0.0283736
0.0283736
0.0283736
0.0283736
0.0283736
0.0283736
0.0283736
0.0283736
0.0283736
0.0283736
0.0283736
0.0283736
0.0283736
0.0283736
0.0283736
0.0283736
0.0283736
0.0283736
0.0283736
0.0283736
0.0283736
0.0283736
0.0283736
0.0283736
0.0283736
0.0283736
0.0283736
0.0283736
0.0283735
0.0283742
0.0283465
0.0282574
0.0395051
0.00850519
0.0256433
0.00521035
0.00632937
0.02555
0.00107769
0.670522
0.00532527
1.23898e-06
0.0394551
0.0903277
0.0950001
0.0474473
0.0526146
0.853374
0.0308875
0.0012981
0.00766737
0.261384
0.0122585
0.00183612
0.00296353
0.000150198
1.21009e-05
6.39903e-06
1.49585e-06
3.76491e-05
0.00120071
0.000518882
0.000279279
0.000271637
0.000409701
0.000290128
0.00013561
7.41405e-07
2.08214e-07
0.0283736
0.0283736
0.0283736
0.0283736
0.0283736
0.0283736
0.0283736
0.0283736
0.0283736
0.0283736
0.0283736
0.0283736
0.0283736
0.0283736
0.0283736
0.0283736
0.0283736
0.0283736
0.0283736
0.0283736
0.0283736
0.0283736
0.0283736
0.0283736
0.0283736
0.0283736
0.0283736
0.0283736
0.0283736
0.0283736
0.0283736
0.0283736
0.0283736
0.0283736
0.0283736
0.0283736
0.0283736
0.0283736
0.0283736
0.0283736
0.0283736
0.0283736
0.0283736
0.0283736
0.0283736
0.0283736
0.0283736
0.0283736
0.0283736
0.0283736
0.0283736
0.0283736
0.0283736
0.0283736
0.0283736
0.0283735
0.0283737
0.0284211
0.0274269
0.0369846
0.00709708
0.852417
0.000405625
0.369399
0.850764
0.0840627
0.0713931
0.00403286
0.809242
0.00431973
0.000200925
0.00377928
0.0178048
0.121676
1.56496e-11
0.0666118
0.103605
0.0232934
0.00161977
0.0398477
0.124886
0.000131485
0.000580122
0.00231914
0.00423214
0.000517919
5.12898e-05
1.98311e-05
1.82896e-07
0.410549
2.64693e-05
0.00385838
0.0102018
0.899836
0.000359191
0.000176156
0.0283736
0.0283736
0.0283736
0.0283736
0.0283736
0.0283736
0.0283736
0.0283736
0.0283736
0.0283736
0.0283736
0.0283736
0.0283736
0.0283736
0.0283736
0.0283736
0.0283736
0.0283736
0.0283736
0.0283736
0.0283736
0.0283736
0.0283736
0.0283736
0.0283736
0.0283736
0.0283736
0.0283736
0.0283736
0.0283736
0.0283736
0.0283736
0.0283736
0.0283736
0.0283736
0.0283736
0.0283736
0.0283736
0.0283736
0.0283736
0.0283736
0.0283736
0.0283736
0.0283736
0.0283736
0.0283736
0.0283736
0.0283736
0.0283736
0.0283736
0.0283736
0.0283736
0.0283736
0.0283736
0.0283736
0.0283736
0.0283729
0.0283493
0.0285666
0.0377197
0.0359097
0.00234615
0.000449069
0.00887017
0.0466367
0.0125809
0.850153
0.018764
0.00576415
0.869348
0.0278864
0.00137007
0.758101
0.16594
0.0552518
0.0546556
0.883487
0.854535
0.000303591
0.00500309
0.0380435
0.0531892
0.477038
0.183554
0.0033671
0.0153858
0.0154559
0.0663537
0.000185418
2.25194e-06
0.00136452
0.00128495
0.00328339
0.00319744
0.00423132
2.96716e-05
0.0283736
0.0283736
0.0283736
0.0283736
0.0283736
0.0283736
0.0283736
0.0283736
0.0283736
0.0283736
0.0283736
0.0283736
0.0283736
0.0283736
0.0283736
0.0283736
0.0283736
0.0283736
0.0283736
0.0283736
0.0283736
0.0283736
0.0283736
0.0283736
0.0283736
0.0283736
0.0283736
0.0283736
0.0283736
0.0283736
0.0283736
0.0283736
0.0283736
0.0283736
0.0283736
0.0283736
0.0283736
0.0283736
0.0283736
0.0283736
0.0283736
0.0283736
0.0283736
0.0283736
0.0283736
0.0283736
0.0283736
0.0283736
0.0283736
0.0283736
0.0283736
0.0283736
0.0283736
0.0283736
0.0283736
0.0283735
0.0283736
0.028372
0.0283824
0.0379538
0.000162117
0.0411106
0.125628
0.044204
0.407054
0.0141526
0.000364589
2.47413e-05
0.00405317
0.0564753
0.000255372
0.00107937
0.0287744
0.139099
0.0323232
0.022041
0.0560514
0.12662
0.0200358
0.0046123
0.00845035
0.000385316
0.00468736
0.0184435
0.301995
1.00116e-08
3.48243e-06
0.0253979
0.000286275
0.00160521
0.00449545
0.0268367
3.82837e-05
0.000145909
0.00266483
9.65707e-06
0.0283736
0.0283736
0.0283736
0.0283736
0.0283736
0.0283736
0.0283736
0.0283736
0.0283736
0.0283736
0.0283736
0.0283736
0.0283736
0.0283736
0.0283736
0.0283736
0.0283736
0.0283736
0.0283736
0.0283736
0.0283736
0.0283736
0.0283736
0.0283736
0.0283736
0.0283736
0.0283736
0.0283736
0.0283736
0.0283736
0.0283736
0.0283736
0.0283736
0.0283736
0.0283736
0.0283736
0.0283736
0.0283736
0.0283736
0.0283736
0.0283736
0.0283736
0.0283736
0.0283736
0.0283736
0.0283736
0.0283736
0.0283736
0.0283736
0.0283736
0.0283736
0.0283736
0.0283736
0.0283736
0.0283736
0.0283735
0.0283736
0.0281625
0.032136
0.0369185
0.00548483
0.000409326
0.00539693
0.0732362
0.0193034
0.0162086
0.197125
0.0243256
0.0699778
0.0113187
0.00444817
0.00791177
0.00317749
0.00135976
0.00206203
0.00313742
0.000772272
0.000287189
0.000183074
0.000176061
0.000307229
0.000776116
0.000552088
0.000423991
0.00139992
0.000913518
0.000579064
0.0102857
0.000136594
0.000345224
0.000986921
0.000184132
0.000187903
0.00020985
1.08559e-05
3.13013e-07
0.0283736
0.0283736
0.0283736
0.0283736
0.0283736
0.0283736
0.0283736
0.0283736
0.0283736
0.0283736
0.0283736
0.0283736
0.0283736
0.0283736
0.0283736
0.0283736
0.0283736
0.0283736
0.0283736
0.0283736
0.0283736
0.0283736
0.0283736
0.0283736
0.0283736
0.0283736
0.0283736
0.0283736
0.0283736
0.0283736
0.0283736
0.0283736
0.0283736
0.0283736
0.0283736
0.0283736
0.0283736
0.0283736
0.0283736
0.0283736
0.0283736
0.0283736
0.0283736
0.0283736
0.0283736
0.0283736
0.0283736
0.0283736
0.0283736
0.0283736
0.0283736
0.0283736
0.0283736
0.0283736
0.0283736
0.0283735
0.0283736
0.0283738
0.0283164
0.031741
0.00702776
2.44391e-05
0.000707193
0.000510621
0.00075066
0.000278263
8.5919e-06
0.000178608
7.30672e-05
2.52305e-05
5.00093e-06
6.10623e-07
5.60517e-07
4.0341e-05
6.4353e-05
0.000179632
2.08548e-05
1.26007e-05
1.48528e-05
1.46693e-05
1.90512e-05
2.63918e-05
1.68626e-05
9.99852e-06
7.50914e-06
7.16275e-06
8.06452e-06
2.38324e-05
4.57932e-07
1.14578e-06
1.17965e-06
5.95729e-07
1.04576e-06
1.92104e-05
1.17135e-06
1.05627e-05
0.0283736
0.0283736
0.0283736
0.0283736
0.0283736
0.0283736
0.0283736
0.0283736
0.0283736
0.0283736
0.0283736
0.0283736
0.0283736
0.0283736
0.0283736
0.0283736
0.0283736
0.0283736
0.0283736
0.0283736
0.0283736
0.0283736
0.0283736
0.0283736
0.0283736
0.0283736
0.0283736
0.0283736
0.0283736
0.0283736
0.0283736
0.0283736
0.0283736
0.0283736
0.0283736
0.0283736
0.0283736
0.0283736
0.0283736
0.0283736
0.0283736
0.0283736
0.0283736
0.0283736
0.0283736
0.0283736
0.0283736
0.0283736
0.0283736
0.0283736
0.0283736
0.0283736
0.0283736
0.0283736
0.0283736
0.0283735
0.0283736
0.0283736
0.0283715
0.0466167
2.27645e-06
2.60105e-05
1.4385e-07
7.62629e-06
0.000171262
7.28064e-05
0.000105774
7.28492e-05
5.71139e-05
4.93941e-05
4.52765e-05
4.41581e-05
0.000439338
0.00116056
0.0019086
0.00279098
0.0014795
0.00037336
0.000237279
0.000239586
0.000168913
0.000136397
0.000167037
0.000106151
8.37141e-05
9.62827e-05
0.000104133
0.00146744
3.67871e-05
1.68874e-05
3.73537e-05
0.000358909
0.000135952
0.000282997
6.12399e-05
9.00913e-06
0.0283736
0.0283736
0.0283736
0.0283736
0.0283736
0.0283736
0.0283736
0.0283736
0.0283736
0.0283736
0.0283736
0.0283736
0.0283736
0.0283736
0.0283736
0.0283736
0.0283736
0.0283736
0.0283736
0.0283736
0.0283736
0.0283736
0.0283736
0.0283736
0.0283736
0.0283736
0.0283736
0.0283736
0.0283736
0.0283736
0.0283736
0.0283736
0.0283736
0.0283736
0.0283736
0.0283736
0.0283736
0.0283736
0.0283736
0.0283736
0.0283736
0.0283736
0.0283736
0.0283736
0.0283736
0.0283736
0.0283736
0.0283736
0.0283736
0.0283736
0.0283736
0.0283736
0.0283736
0.0283736
0.0283736
0.0283736
0.0283736
0.0283737
0.0283788
0.0352989
0.00747249
2.05763e-05
1.77098e-07
1.9401e-05
5.72582e-05
4.28405e-05
7.23332e-05
0.00010427
0.000192725
0.000493952
0.000806469
0.00207244
0.00446115
0.00652476
0.00165716
0.00188496
0.000798741
0.000296617
0.00019284
0.000229805
0.000241441
0.000274084
0.000979243
0.000292755
9.91189e-05
0.000101615
0.000226341
0.000428096
3.42051e-05
3.2561e-05
8.51466e-05
0.000541289
0.00029725
0.00010785
5.7744e-05
8.73656e-06
0.0283736
0.0283736
0.0283736
0.0283736
0.0283736
0.0283736
0.0283736
0.0283736
0.0283736
0.0283736
0.0283736
0.0283736
0.0283736
0.0283736
0.0283736
0.0283736
0.0283736
0.0283736
0.0283736
0.0283736
0.0283736
0.0283736
0.0283736
0.0283736
0.0283736
0.0283736
0.0283736
0.0283736
0.0283736
0.0283736
0.0283736
0.0283736
0.0283736
0.0283736
0.0283736
0.0283736
0.0283736
0.0283736
0.0283736
0.0283736
0.0283736
0.0283736
0.0283736
0.0283736
0.0283736
0.0283736
0.0283736
0.0283736
0.0283736
0.0283736
0.0283736
0.0283736
0.0283736
0.0283736
0.0283736
0.0283735
0.0283736
0.0283738
0.028675
0.0374194
0.0216244
2.16871e-05
1.74508e-07
2.30132e-05
4.69725e-05
0.000195273
0.000273995
0.000248767
0.000407736
0.000717892
0.00165187
0.00176969
0.00157565
0.00158789
0.00144253
0.00944871
0.00412488
0.000782992
0.000303906
0.000442756
0.000779983
0.000886881
0.000218179
0.0002836
0.00029546
0.000136878
0.00200137
7.51371e-05
3.13423e-05
4.54801e-05
0.000130211
0.00173233
0.000244638
9.03418e-05
5.10598e-05
8.33467e-06
0.0283736
0.0283736
0.0283736
0.0283736
0.0283736
0.0283736
0.0283736
0.0283736
0.0283736
0.0283736
0.0283736
0.0283736
0.0283736
0.0283736
0.0283736
0.0283736
0.0283736
0.0283736
0.0283736
0.0283736
0.0283736
0.0283736
0.0283736
0.0283736
0.0283736
0.0283736
0.0283736
0.0283736
0.0283736
0.0283736
0.0283736
0.0283736
0.0283736
0.0283736
0.0283736
0.0283736
0.0283736
0.0283736
0.0283736
0.0283736
0.0283736
0.0283736
0.0283736
0.0283736
0.0283736
0.0283736
0.0283736
0.0283736
0.0283736
0.0283736
0.0283736
0.0283736
0.0283736
0.0283736
0.0283736
0.0283735
0.0283736
0.0283734
0.0278035
0.0357529
0.00712897
6.98409e-05
1.68589e-07
2.31992e-05
0.000950302
0.000110506
0.000235646
0.000150782
0.000188509
0.000335554
0.000436579
0.000463714
0.000463978
0.000403871
0.000551565
0.000885358
0.000977559
0.0133555
0.0010413
0.000720219
0.000684886
0.00579027
0.000145755
0.000209391
0.000202706
0.000101921
0.000226702
3.45025e-05
3.18642e-05
7.83368e-05
0.000871238
0.00189554
0.000415994
0.000105962
6.07508e-05
8.71052e-06
0.0283736
0.0283736
0.0283736
0.0283736
0.0283736
0.0283736
0.0283736
0.0283736
0.0283736
0.0283736
0.0283736
0.0283736
0.0283736
0.0283736
0.0283736
0.0283736
0.0283736
0.0283736
0.0283736
0.0283736
0.0283736
0.0283736
0.0283736
0.0283736
0.0283736
0.0283736
0.0283736
0.0283736
0.0283736
0.0283736
0.0283736
0.0283736
0.0283736
0.0283736
0.0283736
0.0283736
0.0283736
0.0283736
0.0283736
0.0283736
0.0283736
0.0283736
0.0283736
0.0283736
0.0283736
0.0283736
0.0283736
0.0283736
0.0283736
0.0283736
0.0283736
0.0283736
0.0283736
0.0283736
0.0283736
0.0283736
0.0283736
0.0286541
0.034669
0.0299626
0.0136441
0.000111413
2.76069e-07
3.78351e-05
0.000392037
0.000163896
0.000416571
0.000290614
0.000300098
7.09697e-05
7.13477e-05
0.000316545
0.00247597
0.00121774
0.0580703
0.00352007
0.00167791
0.00361517
0.0188053
0.00325422
0.00211337
0.019626
0.00511504
0.00454893
0.00211862
0.000998894
0.000950012
0.000828305
0.000601109
0.000979831
0.00655547
0.00141074
0.000483637
0.000118816
3.6937e-05
7.45577e-06
0.0283736
0.0283736
0.0283736
0.0283736
0.0283736
0.0283736
0.0283736
0.0283736
0.0283736
0.0283736
0.0283736
0.0283736
0.0283736
0.0283736
0.0283736
0.0283736
0.0283736
0.0283736
0.0283736
0.0283736
0.0283736
0.0283736
0.0283736
0.0283736
0.0283736
0.0283736
0.0283736
0.0283736
0.0283736
0.0283736
0.0283736
0.0283736
0.0283736
0.0283736
0.0283736
0.0283736
0.0283736
0.0283736
0.0283736
0.0283736
0.0283736
0.0283736
0.0283736
0.0283736
0.0283736
0.0283736
0.0283736
0.0283736
0.0283736
0.0283736
0.0283736
0.0283736
0.0283736
0.0283736
0.0283736
0.0283736
0.0283738
0.0283811
0.0283966
0.0331735
0.010095
8.39695e-06
3.0079e-07
2.50849e-05
4.85874e-05
0.000156664
0.00365557
1.88446e-05
0.000100301
4.66032e-05
6.62084e-05
0.00045417
0.000760835
0.000744692
0.00153813
0.000682571
0.000310398
0.000427113
0.00085753
0.0770747
0.00193649
0.00174103
0.000765302
0.000722949
0.00364314
0.000778655
0.00147323
0.00160787
0.00116407
0.00369858
0.000350829
0.000493133
0.000355763
8.35638e-05
3.12373e-05
7.42032e-06
0.0283736
0.0283736
0.0283736
0.0283736
0.0283736
0.0283736
0.0283736
0.0283736
0.0283736
0.0283736
0.0283736
0.0283736
0.0283736
0.0283736
0.0283736
0.0283736
0.0283736
0.0283736
0.0283736
0.0283736
0.0283736
0.0283736
0.0283736
0.0283736
0.0283736
0.0283736
0.0283736
0.0283736
0.0283736
0.0283736
0.0283736
0.0283736
0.0283736
0.0283736
0.0283736
0.0283736
0.0283736
0.0283736
0.0283736
0.0283736
0.0283736
0.0283736
0.0283736
0.0283736
0.0283736
0.0283736
0.0283736
0.0283736
0.0283736
0.0283736
0.0283736
0.0283736
0.0283736
0.0283736
0.0283736
0.0283736
0.0283736
0.0283747
0.0270137
0.035659
0.0234243
4.67942e-07
9.57646e-06
7.37252e-06
8.10229e-06
1.39679e-05
6.38519e-07
4.37401e-05
6.60263e-07
0.000110513
2.84141e-05
4.96508e-05
4.90586e-05
4.94358e-05
5.07228e-05
4.70013e-05
9.50841e-05
7.31085e-05
0.000176471
0.000150291
0.000123013
7.14364e-05
9.92652e-05
0.00230771
0.000273524
0.000203288
0.000312644
0.00104578
0.723429
0.000386405
0.00204429
0.000234775
0.000445979
0.000110821
3.45506e-05
7.29987e-06
0.0283736
0.0283736
0.0283736
0.0283736
0.0283736
0.0283736
0.0283736
0.0283736
0.0283736
0.0283736
0.0283736
0.0283736
0.0283736
0.0283736
0.0283736
0.0283736
0.0283736
0.0283736
0.0283736
0.0283736
0.0283736
0.0283736
0.0283736
0.0283736
0.0283736
0.0283736
0.0283736
0.0283736
0.0283736
0.0283736
0.0283736
0.0283736
0.0283736
0.0283736
0.0283736
0.0283736
0.0283736
0.0283736
0.0283736
0.0283736
0.0283736
0.0283736
0.0283736
0.0283736
0.0283736
0.0283736
0.0283736
0.0283736
0.0283736
0.0283736
0.0283736
0.0283736
0.0283736
0.0283736
0.0283736
0.0283735
0.0283736
0.0283601
0.0293504
0.0291482
0.0109311
2.03889e-05
0.000332841
5.89311e-05
6.44011e-05
0.000476064
0.000345636
0.000692861
0.00178568
0.000429955
0.000258648
0.000235774
0.00116387
0.00680224
0.000249809
1.97517e-05
4.89621e-05
0.00014717
6.69043e-06
2.02664e-05
2.04838e-05
3.44672e-06
5.20712e-07
6.22737e-07
0.000269636
0.000216136
8.98213e-05
3.4103e-05
9.96119e-05
0.0004311
0.000247579
0.00399854
0.000519713
0.000174445
3.54352e-05
7.53393e-06
0.0283736
0.0283736
0.0283736
0.0283736
0.0283736
0.0283736
0.0283736
0.0283736
0.0283736
0.0283736
0.0283736
0.0283736
0.0283736
0.0283736
0.0283736
0.0283736
0.0283736
0.0283736
0.0283736
0.0283736
0.0283736
0.0283736
0.0283736
0.0283736
0.0283736
0.0283736
0.0283736
0.0283736
0.0283736
0.0283736
0.0283736
0.0283736
0.0283736
0.0283736
0.0283736
0.0283736
0.0283736
0.0283736
0.0283736
0.0283736
0.0283736
0.0283736
0.0283736
0.0283736
0.0283736
0.0283736
0.0283736
0.0283736
0.0283736
0.0283736
0.0283736
0.0283736
0.0283736
0.0283736
0.0283736
0.0283735
0.0283736
0.0283754
0.0284092
0.0337026
0.00646317
2.84336e-08
0.0128698
0.0033146
0.0115568
0.0305989
0.147508
0.0139404
0.026708
0.00536862
0.13189
1.84149e-05
0.786112
0.0214203
0.848656
0.853529
0.0439493
0.501928
0.000260499
0.853554
0.00934041
0.00133271
0.00495658
0.000395476
2.73772e-08
5.42642e-05
5.38922e-06
6.49261e-07
4.14496e-07
5.19494e-06
6.63329e-06
0.000101444
0.000557646
0.000287797
4.15779e-05
6.95906e-06
0.0283736
0.0283736
0.0283736
0.0283736
0.0283736
0.0283736
0.0283736
0.0283736
0.0283736
0.0283736
0.0283736
0.0283736
0.0283736
0.0283736
0.0283736
0.0283736
0.0283736
0.0283736
0.0283736
0.0283736
0.0283736
0.0283736
0.0283736
0.0283736
0.0283736
0.0283736
0.0283736
0.0283736
0.0283736
0.0283736
0.0283736
0.0283736
0.0283736
0.0283736
0.0283736
0.0283736
0.0283736
0.0283736
0.0283736
0.0283736
0.0283736
0.0283736
0.0283736
0.0283736
0.0283736
0.0283736
0.0283736
0.0283736
0.0283736
0.0283736
0.0283736
0.0283736
0.0283736
0.0283736
0.0283736
0.0283735
0.0283723
0.0283554
0.0281756
0.0439874
6.82415e-07
0.877423
0.0956854
7.18614e-14
0.000764682
4.80717e-09
0.85084
0.113234
1.34141e-05
0.0102484
0.000115734
0.0949115
0.25855
8.6006e-08
0.0085777
0.0320466
0.0276705
0.00072699
0.0675614
0.323386
0.151462
0.0330487
4.3248e-06
0.860877
4.03334e-08
0.0496949
0.0176332
0.045382
9.06873e-05
5.94835e-05
1.30084e-06
1.98116e-07
1.70487e-05
5.75882e-05
6.16263e-06
2.86693e-06
0.0283736
0.0283736
0.0283736
0.0283736
0.0283736
0.0283736
0.0283736
0.0283736
0.0283736
0.0283736
0.0283736
0.0283736
0.0283736
0.0283736
0.0283736
0.0283736
0.0283736
0.0283736
0.0283736
0.0283736
0.0283736
0.0283736
0.0283736
0.0283736
0.0283736
0.0283736
0.0283736
0.0283736
0.0283736
0.0283736
0.0283736
0.0283736
0.0283736
0.0283736
0.0283736
0.0283736
0.0283736
0.0283736
0.0283736
0.0283736
0.0283736
0.0283736
0.0283736
0.0283736
0.0283736
0.0283736
0.0283736
0.0283736
0.0283736
0.0283736
0.0283736
0.0283736
0.0283736
0.0283736
0.0283736
0.0283736
0.0283735
0.0283751
0.026338
0.0538301
0.00110907
4.39957e-10
0.00344339
0.0187055
0.101703
0.0297045
0.0712617
0.0154662
0.0790701
0.0270978
0.038388
0.057921
0.00139969
0.0728181
2.01023e-05
0.0245074
0.0418347
0.0799614
0.0755474
0.0404227
0.0232722
0.0385085
0.0960161
0.237109
0.0125457
0.0380462
0.0457737
0.0024125
0.0347363
0.0197093
8.09367e-05
0.176829
0.0117964
0.85368
0.864309
0.000697281
0.0283736
0.0283736
0.0283736
0.0283736
0.0283736
0.0283736
0.0283736
0.0283736
0.0283736
0.0283736
0.0283736
0.0283736
0.0283736
0.0283736
0.0283736
0.0283736
0.0283736
0.0283736
0.0283736
0.0283736
0.0283736
0.0283736
0.0283736
0.0283736
0.0283736
0.0283736
0.0283736
0.0283736
0.0283736
0.0283736
0.0283736
0.0283736
0.0283736
0.0283736
0.0283736
0.0283736
0.0283736
0.0283736
0.0283736
0.0283736
0.0283736
0.0283736
0.0283736
0.0283736
0.0283736
0.0283736
0.0283736
0.0283736
0.0283736
0.0283736
0.0283736
0.0283736
0.0283736
0.0283736
0.0283736
0.0283736
0.0283769
0.0283697
0.0285771
0.0537319
1.10429e-05
0.000130537
5.55287e-06
0.0398182
0.0536936
0.019489
0.000114366
0.0553478
0.0325234
1.59327e-05
0.0482555
0.0048268
0.0587099
0.0234319
0.0373997
0.0207694
0.0369708
0.0215077
0.0139308
2.9481e-12
0.0309363
0.0531062
0.0108217
0.0325116
0.0215216
0.0937162
0.0983538
0.0571575
0.012538
0.0015638
0.0249633
0.0397834
0.00601834
0.0244768
0.034826
4.32991e-06
0.0283736
0.0283736
0.0283736
0.0283736
0.0283736
0.0283736
0.0283736
0.0283736
0.0283736
0.0283736
0.0283736
0.0283736
0.0283736
0.0283736
0.0283736
0.0283736
0.0283736
0.0283736
0.0283736
0.0283736
0.0283736
0.0283736
0.0283736
0.0283736
0.0283736
0.0283736
0.0283736
0.0283736
0.0283736
0.0283736
0.0283736
0.0283736
0.0283736
0.0283736
0.0283736
0.0283736
0.0283736
0.0283736
0.0283736
0.0283736
0.0283736
0.0283736
0.0283736
0.0283736
0.0283736
0.0283736
0.0283736
0.0283736
0.0283736
0.0283736
0.0283735
0.0283736
0.0283736
0.0283736
0.0283736
0.0283735
0.0283736
0.0283735
0.0284
0.0356764
0.0222789
1.24738e-06
0.000306588
0.0307863
0.121235
0.00036628
0.0122005
0.00942546
0.0754191
0.0512235
0.123891
0.0564126
0.0354838
0.0401139
0.000434806
0.0031071
0.143078
0.0200361
0.0479745
0.00348321
0.0278648
0.0563199
3.10487e-07
0.116354
0.0017814
0.000240303
0.0638826
0.0028963
0.0587757
0.00179948
0.0752894
0.00272981
0.0562222
0.0280457
0.180989
0.104582
0.0283736
0.0283736
0.0283736
0.0283736
0.0283736
0.0283736
0.0283736
0.0283736
0.0283736
0.0283736
0.0283736
0.0283736
0.0283736
0.0283736
0.0283736
0.0283736
0.0283736
0.0283736
0.0283736
0.0283736
0.0283736
0.0283736
0.0283736
0.0283736
0.0283736
0.0283736
0.0283736
0.0283736
0.0283736
0.0283736
0.0283736
0.0283736
0.0283736
0.0283736
0.0283736
0.0283736
0.0283736
0.0283736
0.0283736
0.0283736
0.0283736
0.0283736
0.0283736
0.0283736
0.0283736
0.0283736
0.0283736
0.0283736
0.0283736
0.0283736
0.0283736
0.0283736
0.0283735
0.0283735
0.0283735
0.0283735
0.0283736
0.0283723
0.0283568
0.0354777
6.07592e-07
0.923881
0.0353008
0.00202863
0.0860686
4.36735e-05
0.55159
1.45311e-10
0.853586
0.0275923
1.70887e-06
0.0237171
0.0105589
0.0323076
0.0396292
0.00473761
0.00234582
0.0296472
0.0403238
0.000307812
0.0383716
0.000877863
1.33376e-05
0.0302018
0.0323297
0.0269163
0.0116309
0.0531002
0.0292703
1.11609e-09
1.02449e-05
0.15085
1.05801e-05
0.227753
0.0692091
7.40449e-05
0.0283736
0.0283736
0.0283736
0.0283736
0.0283736
0.0283736
0.0283736
0.0283736
0.0283736
0.0283736
0.0283736
0.0283736
0.0283736
0.0283736
0.0283736
0.0283736
0.0283736
0.0283736
0.0283736
0.0283736
0.0283736
0.0283736
0.0283736
0.0283736
0.0283736
0.0283736
0.0283736
0.0283736
0.0283736
0.0283736
0.0283736
0.0283736
0.0283736
0.0283736
0.0283736
0.0283736
0.0283736
0.0283736
0.0283736
0.0283736
0.0283736
0.0283736
0.0283736
0.0283736
0.0283736
0.0283736
0.0283736
0.0283736
0.0283736
0.0283736
0.0283736
0.0283735
0.0283736
0.0283736
0.0283735
0.0283735
0.0283735
0.0283818
0.0265207
0.0384786
0.0128763
0.00460263
0.0583162
8.76521e-05
0.164439
0.0369651
0.00536932
0.00510486
0.000910243
0.00293526
0.00047327
0.000933781
0.00276182
0.0115504
0.00368549
0.00412873
0.0222868
0.00492549
0.0045438
0.00574792
0.0105168
1.05443e-05
0.00599329
0.00536052
0.00560945
0.0152612
0.000637078
0.000847013
0.137411
0.0268785
1.05832e-07
0.00478178
0.000577895
0.0010301
1.13769e-05
8.94648e-07
0.0283736
0.0283736
0.0283736
0.0283736
0.0283736
0.0283736
0.0283736
0.0283736
0.0283736
0.0283736
0.0283736
0.0283736
0.0283736
0.0283736
0.0283736
0.0283736
0.0283736
0.0283736
0.0283736
0.0283736
0.0283736
0.0283736
0.0283736
0.0283736
0.0283736
0.0283736
0.0283736
0.0283736
0.0283736
0.0283736
0.0283736
0.0283736
0.0283736
0.0283736
0.0283736
0.0283736
0.0283736
0.0283736
0.0283736
0.0283736
0.0283736
0.0283736
0.0283736
0.0283736
0.0283736
0.0283736
0.0283736
0.0283736
0.0283736
0.0283736
0.0283736
0.0283736
0.0283736
0.0283735
0.0283736
0.0283736
0.0283735
0.0283715
0.0245781
0.035853
0.00268756
2.22036e-05
0.000401487
0.000464209
9.49613e-05
0.000134445
0.000307559
0.00120004
0.00129388
0.000479384
0.00120546
0.00030109
0.000334311
0.000331453
8.19685e-05
3.39437e-05
2.26985e-05
2.34921e-05
3.33023e-05
4.745e-05
5.6313e-05
5.11728e-05
0.000102684
0.00020801
0.00168791
0.000276026
0.000111918
0.00010041
2.92567e-05
0.000691658
4.03201e-06
6.68013e-07
5.39446e-07
1.5315e-05
0.00080947
9.01609e-06
0.0283736
0.0283736
0.0283736
0.0283736
0.0283736
0.0283736
0.0283736
0.0283736
0.0283736
0.0283736
0.0283736
0.0283736
0.0283736
0.0283736
0.0283736
0.0283736
0.0283736
0.0283736
0.0283736
0.0283736
0.0283736
0.0283736
0.0283736
0.0283736
0.0283736
0.0283736
0.0283736
0.0283736
0.0283736
0.0283736
0.0283736
0.0283736
0.0283736
0.0283736
0.0283736
0.0283736
0.0283736
0.0283736
0.0283736
0.0283736
0.0283736
0.0283736
0.0283736
0.0283736
0.0283736
0.0283736
0.0283736
0.0283736
0.0283736
0.0283736
0.0283736
0.0283736
0.0283736
0.0283736
0.0283736
0.0283736
0.0283736
0.0283711
0.0289512
0.0370106
0.000105273
4.78585e-08
6.18917e-06
2.90667e-07
4.52831e-05
0.000109422
9.01036e-05
7.61451e-05
6.63779e-05
6.07562e-05
5.55701e-05
4.7575e-05
4.06087e-05
4.39443e-05
6.43648e-05
0.000181794
2.22456e-05
1.44798e-05
1.29474e-05
1.2513e-05
1.45226e-05
1.51743e-05
1.76069e-05
2.42633e-05
3.54512e-05
2.89402e-05
1.91294e-05
0.000514765
1.00531e-05
1.18395e-05
1.78201e-05
2.34872e-05
0.000123454
9.65721e-05
8.77133e-05
9.8945e-06
0.0283736
0.0283736
0.0283736
0.0283736
0.0283736
0.0283736
0.0283736
0.0283736
0.0283736
0.0283736
0.0283736
0.0283736
0.0283736
0.0283736
0.0283736
0.0283736
0.0283736
0.0283736
0.0283736
0.0283736
0.0283736
0.0283736
0.0283736
0.0283736
0.0283736
0.0283736
0.0283736
0.0283736
0.0283736
0.0283736
0.0283736
0.0283736
0.0283736
0.0283736
0.0283736
0.0283736
0.0283736
0.0283736
0.0283736
0.0283736
0.0283736
0.0283736
0.0283736
0.0283736
0.0283736
0.0283736
0.0283736
0.0283736
0.0283736
0.0283736
0.0283736
0.0283736
0.0283736
0.0283736
0.0283736
0.0283736
0.0283735
0.0283927
0.0284327
0.0335312
0.0510218
6.11197e-07
1.41708e-05
2.85611e-05
5.4258e-05
0.000157606
0.0026386
0.000271784
0.000211643
0.000410649
0.00204503
0.0038344
0.00131773
0.00357121
0.0253845
0.00143359
0.00126921
0.000308718
0.000438417
0.00163669
0.000493189
0.000369633
0.000465796
0.000264429
0.000166266
7.15603e-05
5.48881e-05
0.000276456
2.82527e-05
4.22341e-05
0.000173437
0.000999227
0.000353311
0.00011468
8.63285e-05
9.74939e-06
0.0283736
0.0283736
0.0283736
0.0283736
0.0283736
0.0283736
0.0283736
0.0283736
0.0283736
0.0283736
0.0283736
0.0283736
0.0283736
0.0283736
0.0283736
0.0283736
0.0283736
0.0283736
0.0283736
0.0283736
0.0283736
0.0283736
0.0283736
0.0283736
0.0283736
0.0283736
0.0283736
0.0283736
0.0283736
0.0283736
0.0283736
0.0283736
0.0283736
0.0283736
0.0283736
0.0283736
0.0283736
0.0283736
0.0283736
0.0283736
0.0283736
0.0283736
0.0283736
0.0283736
0.0283736
0.0283736
0.0283736
0.0283736
0.0283736
0.0283736
0.0283736
0.0283736
0.0283736
0.0283736
0.0283736
0.0283736
0.0283736
0.0283948
0.0305122
0.0289313
0.0651984
2.4586e-07
3.84032e-05
1.23417e-05
2.47875e-05
0.000149629
0.00227666
0.000203308
0.00014536
0.000167142
0.000231365
0.00034337
0.000735067
0.00967358
0.000578289
0.000255094
0.000210935
0.00034065
0.000563158
0.000281229
0.00177977
0.00082022
0.000192253
0.000160897
0.000205433
0.000118484
0.000122591
0.000109312
3.14789e-05
5.79051e-05
0.000360257
0.000995065
0.00025233
8.74413e-05
8.17078e-05
9.30238e-06
0.0283736
0.0283736
0.0283736
0.0283736
0.0283736
0.0283736
0.0283736
0.0283736
0.0283736
0.0283736
0.0283736
0.0283736
0.0283736
0.0283736
0.0283736
0.0283736
0.0283736
0.0283736
0.0283736
0.0283736
0.0283736
0.0283736
0.0283736
0.0283736
0.0283736
0.0283736
0.0283736
0.0283736
0.0283736
0.0283736
0.0283736
0.0283736
0.0283736
0.0283736
0.0283736
0.0283736
0.0283736
0.0283736
0.0283736
0.0283736
0.0283736
0.0283736
0.0283736
0.0283736
0.0283736
0.0283736
0.0283736
0.0283736
0.0283736
0.0283736
0.0283736
0.0283736
0.0283736
0.0283736
0.0283736
0.0283736
0.0283736
0.0284077
0.0300575
0.039599
0.00104058
0.000153048
1.73205e-07
1.8905e-05
5.85609e-05
7.12592e-05
0.000259113
0.000211949
0.00156187
0.000776922
0.00101926
0.000348091
0.0188474
0.00333581
0.000823699
0.000448396
0.000316526
0.000307471
0.00064486
0.000205179
0.000179411
0.000193369
8.67409e-05
0.000173571
0.000946523
7.30536e-05
0.000127775
4.37104e-05
3.79831e-05
9.74762e-05
0.00151452
0.00252854
0.000325815
0.000106835
0.000122744
9.52389e-06
0.0283736
0.0283736
0.0283736
0.0283736
0.0283736
0.0283736
0.0283736
0.0283736
0.0283736
0.0283736
0.0283736
0.0283736
0.0283736
0.0283736
0.0283736
0.0283736
0.0283736
0.0283736
0.0283736
0.0283736
0.0283736
0.0283736
0.0283736
0.0283736
0.0283736
0.0283736
0.0283736
0.0283736
0.0283736
0.0283736
0.0283736
0.0283736
0.0283736
0.0283736
0.0283736
0.0283736
0.0283736
0.0283736
0.0283736
0.0283736
0.0283736
0.0283736
0.0283736
0.0283736
0.0283736
0.0283736
0.0283736
0.0283736
0.0283736
0.0283736
0.0283736
0.0283736
0.0283736
0.0283736
0.0283736
0.0283736
0.0283738
0.0283744
0.0283855
0.05017
4.41035e-05
3.48879e-06
3.62563e-07
9.12079e-05
0.000604713
0.000173257
0.000616107
0.000205401
0.000511747
0.000182138
5.62751e-05
8.25496e-05
0.000919762
0.000303933
0.0040059
0.00434853
0.000297799
0.000383583
0.000446336
0.000763335
0.00121868
0.0011494
0.00103183
0.000897698
0.00117147
0.0121189
0.00264037
0.00452545
0.00159578
0.00473746
0.000649805
0.000527522
0.000374692
0.000105086
3.23035e-05
7.27116e-06
0.0283736
0.0283736
0.0283736
0.0283736
0.0283736
0.0283736
0.0283736
0.0283736
0.0283736
0.0283736
0.0283736
0.0283736
0.0283736
0.0283736
0.0283736
0.0283736
0.0283736
0.0283736
0.0283736
0.0283736
0.0283736
0.0283736
0.0283736
0.0283736
0.0283736
0.0283736
0.0283736
0.0283736
0.0283736
0.0283736
0.0283736
0.0283736
0.0283736
0.0283736
0.0283736
0.0283736
0.0283736
0.0283736
0.0283736
0.0283736
0.0283736
0.0283736
0.0283736
0.0283736
0.0283736
0.0283736
0.0283736
0.0283736
0.0283736
0.0283736
0.0283736
0.0283736
0.0283736
0.0283736
0.0283736
0.0283736
0.0283737
0.0283742
0.0286205
0.0347456
0.0127605
6.00286e-05
3.05003e-07
2.36565e-05
4.64326e-05
0.000127688
0.000752868
0.00050642
0.000357869
8.24898e-05
5.25527e-05
8.99803e-05
0.00184696
0.00020541
0.000405284
0.00117181
0.000227194
0.000469286
0.000772558
0.000467592
0.000250576
0.000162301
0.000126432
0.000130205
0.000143303
0.000169976
0.000226002
0.000475853
0.000432332
0.000156194
0.000115524
0.000554274
0.000240495
8.32291e-05
3.1796e-05
7.31068e-06
0.0283736
0.0283736
0.0283736
0.0283736
0.0283736
0.0283736
0.0283736
0.0283736
0.0283736
0.0283736
0.0283736
0.0283736
0.0283736
0.0283736
0.0283736
0.0283736
0.0283736
0.0283736
0.0283736
0.0283736
0.0283736
0.0283736
0.0283736
0.0283736
0.0283736
0.0283736
0.0283736
0.0283736
0.0283736
0.0283736
0.0283736
0.0283736
0.0283736
0.0283736
0.0283736
0.0283736
0.0283736
0.0283736
0.0283736
0.0283736
0.0283736
0.0283736
0.0283736
0.0283736
0.0283736
0.0283736
0.0283736
0.0283736
0.0283736
0.0283736
0.0283736
0.0283736
0.0283736
0.0283736
0.0283736
0.0283735
0.0283737
0.0283722
0.0283383
0.0353911
0.0063153
3.27853e-06
2.88855e-07
4.71518e-06
6.0188e-06
8.84052e-06
1.30897e-05
2.55305e-05
2.71479e-05
4.72823e-05
0.00028194
9.78793e-05
0.00011953
6.74623e-05
2.94928e-05
2.30311e-05
2.98543e-05
2.76019e-05
3.25043e-05
6.87929e-05
6.66671e-05
7.04771e-05
7.47684e-05
0.000126209
0.000190683
0.000218066
0.000186346
0.00012551
0.000140637
0.000984741
7.19827e-05
4.69518e-05
0.000156179
8.76081e-05
3.04294e-05
7.5458e-06
0.0283736
0.0283736
0.0283736
0.0283736
0.0283736
0.0283736
0.0283736
0.0283736
0.0283736
0.0283736
0.0283736
0.0283736
0.0283736
0.0283736
0.0283736
0.0283736
0.0283736
0.0283736
0.0283736
0.0283736
0.0283736
0.0283736
0.0283736
0.0283736
0.0283736
0.0283736
0.0283736
0.0283736
0.0283736
0.0283736
0.0283736
0.0283736
0.0283736
0.0283736
0.0283736
0.0283736
0.0283736
0.0283736
0.0283736
0.0283736
0.0283736
0.0283736
0.0283736
0.0283736
0.0283736
0.0283736
0.0283736
0.0283736
0.0283736
0.0283736
0.0283736
0.0283736
0.0283736
0.0283736
0.0283736
0.0283735
0.0283736
0.028385
0.0275808
0.0336836
0.0208096
2.34516e-05
0.000289906
2.94772e-05
5.49376e-05
0.000183069
9.16174e-05
0.00180556
0.000300176
0.000193804
0.000420324
0.000231407
0.000235027
0.000145107
6.80928e-05
5.22261e-05
0.000155275
0.000131793
2.99788e-05
2.64307e-06
7.20678e-06
1.94697e-06
1.87111e-06
1.08634e-06
0.000183113
6.82452e-05
0.000129964
0.000136999
0.000104153
5.96119e-05
0.000100937
8.7943e-05
5.06238e-05
0.000620723
3.63486e-05
7.53331e-06
0.0283736
0.0283736
0.0283736
0.0283736
0.0283736
0.0283736
0.0283736
0.0283736
0.0283736
0.0283736
0.0283736
0.0283736
0.0283736
0.0283736
0.0283736
0.0283736
0.0283736
0.0283736
0.0283736
0.0283736
0.0283736
0.0283736
0.0283736
0.0283736
0.0283736
0.0283736
0.0283736
0.0283736
0.0283736
0.0283736
0.0283736
0.0283736
0.0283736
0.0283736
0.0283736
0.0283736
0.0283736
0.0283736
0.0283736
0.0283736
0.0283736
0.0283736
0.0283736
0.0283736
0.0283736
0.0283736
0.0283736
0.0283736
0.0283736
0.0283736
0.0283736
0.0283736
0.0283736
0.0283736
0.0283736
0.0283735
0.0283736
0.0283736
0.0284934
0.0301218
0.0172402
0.0290155
0.0017599
0.000977476
8.39248e-06
0.0283772
0.000311271
0.00639838
0.0327976
0.00984592
0.0127279
0.000683587
0.00676545
0.0274033
0.018032
0.000308521
0.013148
0.00383783
0.0267545
3.86635e-10
0.00052804
0.00158262
0.000892372
3.74823e-05
2.13823e-05
1.88106e-06
6.37616e-07
6.38975e-05
1.20985e-05
7.59741e-06
0.00202714
0.00109897
9.74479e-05
0.00040621
3.97747e-05
7.48436e-06
0.0283736
0.0283736
0.0283736
0.0283736
0.0283736
0.0283736
0.0283736
0.0283736
0.0283736
0.0283736
0.0283736
0.0283736
0.0283736
0.0283736
0.0283736
0.0283736
0.0283736
0.0283736
0.0283736
0.0283736
0.0283736
0.0283736
0.0283736
0.0283736
0.0283736
0.0283736
0.0283736
0.0283736
0.0283736
0.0283736
0.0283736
0.0283736
0.0283736
0.0283736
0.0283736
0.0283736
0.0283736
0.0283736
0.0283736
0.0283736
0.0283736
0.0283736
0.0283736
0.0283736
0.0283736
0.0283736
0.0283736
0.0283736
0.0283736
0.0283736
0.0283736
0.0283736
0.0283736
0.0283736
0.0283736
0.0283735
0.0283736
0.0283728
0.0218862
0.0350719
0.0554643
0.853583
6.91034e-11
0.0156386
0.00955373
0.0157718
0.134216
0.0571403
0.565415
0.850899
0.000840198
0.272722
0.0553944
0.00253434
0.00523335
0.0113013
0.00616831
3.68568e-05
0.0139762
0.0526975
0.0555647
0.0188724
0.139285
0.00459845
3.98278e-05
0.000441062
0.000424013
0.00020258
1.96941e-05
9.76992e-07
2.48704e-07
3.16947e-06
4.24903e-06
1.00119e-05
1.16018e-05
8.17553e-06
0.0283736
0.0283736
0.0283736
0.0283736
0.0283736
0.0283736
0.0283736
0.0283736
0.0283736
0.0283736
0.0283736
0.0283736
0.0283736
0.0283736
0.0283736
0.0283736
0.0283736
0.0283736
0.0283736
0.0283736
0.0283736
0.0283736
0.0283736
0.0283736
0.0283736
0.0283736
0.0283736
0.0283736
0.0283736
0.0283736
0.0283736
0.0283736
0.0283736
0.0283736
0.0283736
0.0283736
0.0283736
0.0283736
0.0283736
0.0283736
0.0283736
0.0283736
0.0283736
0.0283736
0.0283736
0.0283736
0.0283736
0.0283736
0.0283736
0.0283736
0.0283736
0.0283736
0.0283736
0.0283736
0.0283736
0.0283736
0.0283735
0.0283528
0.0280758
0.0370247
0.00408388
0.0403369
0.0835085
0.0215531
0.0232711
0.028738
0.0113508
0.000159709
0.0618784
0.0041003
0.0372612
5.85695e-05
0.0287942
0.0701715
0.0151325
9.00488e-05
0.100264
0.0975678
0.00482113
0.000279155
0.207932
0.0545408
0.165299
0.0327552
5.55837e-05
0.0187936
0.0064285
0.00677979
0.00660507
0.000359781
0.000758972
0.00016305
0.000349784
9.72756e-06
2.66654e-05
6.43552e-07
0.0283736
0.0283736
0.0283736
0.0283736
0.0283736
0.0283736
0.0283736
0.0283736
0.0283736
0.0283736
0.0283736
0.0283736
0.0283736
0.0283736
0.0283736
0.0283736
0.0283736
0.0283736
0.0283736
0.0283736
0.0283736
0.0283736
0.0283736
0.0283736
0.0283736
0.0283736
0.0283736
0.0283736
0.0283736
0.0283736
0.0283736
0.0283736
0.0283736
0.0283736
0.0283736
0.0283736
0.0283736
0.0283736
0.0283736
0.0283736
0.0283736
0.0283736
0.0283736
0.0283736
0.0283736
0.0283736
0.0283736
0.0283736
0.0283736
0.0283736
0.0283736
0.0283736
0.0283736
0.0283736
0.0283735
0.0283735
0.0283738
0.0283791
0.0260935
0.0389045
0.0685604
0.000297476
0.081894
0.0193136
0.0424421
0.111739
0.00223133
4.29556e-06
0.0437232
0.00125351
0.000596691
0.0341577
0.133645
0.0387589
0.0424919
0.0484618
0.0992446
0.264053
0.000983854
0.0875264
0.300359
0.0679253
0.562889
0.870114
8.72358e-06
0.0269947
0.0340343
0.0206755
0.838394
0.0176922
0.01407
0.00206037
4.89897e-06
0.00290098
0.00143348
0.000957468
0.0283736
0.0283736
0.0283736
0.0283736
0.0283736
0.0283736
0.0283736
0.0283736
0.0283736
0.0283736
0.0283736
0.0283736
0.0283736
0.0283736
0.0283736
0.0283736
0.0283736
0.0283736
0.0283736
0.0283736
0.0283736
0.0283736
0.0283736
0.0283736
0.0283736
0.0283736
0.0283736
0.0283736
0.0283736
0.0283736
0.0283736
0.0283736
0.0283736
0.0283736
0.0283736
0.0283736
0.0283736
0.0283736
0.0283736
0.0283736
0.0283736
0.0283736
0.0283736
0.0283736
0.0283736
0.0283736
0.0283736
0.0283736
0.0283736
0.0283736
0.0283736
0.0283736
0.0283736
0.0283736
0.0283734
0.0283733
0.0283736
0.0283708
0.0254138
0.0353817
0.000952993
0.483121
0.853551
0.711523
0.792218
1.27523e-06
0.00489467
0.0563011
0.177332
0.000764239
0.0113767
0.0266483
0.0264702
0.000834686
0.0159861
0.0303452
0.0361379
0.000478854
0.0127036
0.0015442
0.924719
0.023328
0.813927
0.85367
0.854659
0.0747951
0.176357
0.040387
0.00328479
0.0693046
0.0854787
0.00366858
0.0387585
0.0159477
0.0140748
2.72455e-06
0.0283736
0.0283736
0.0283736
0.0283736
0.0283736
0.0283736
0.0283736
0.0283736
0.0283736
0.0283736
0.0283736
0.0283736
0.0283736
0.0283736
0.0283736
0.0283736
0.0283736
0.0283736
0.0283736
0.0283736
0.0283736
0.0283736
0.0283736
0.0283736
0.0283736
0.0283736
0.0283736
0.0283736
0.0283736
0.0283736
0.0283736
0.0283736
0.0283736
0.0283736
0.0283736
0.0283736
0.0283736
0.0283736
0.0283736
0.0283736
0.0283736
0.0283736
0.0283736
0.0283736
0.0283736
0.0283736
0.0283736
0.0283736
0.0283736
0.0283736
0.0283736
0.0283736
0.0283736
0.0283735
0.0283736
0.0283736
0.0283735
0.0283632
0.0282716
0.0360477
0.00466902
0.817303
0.000916014
0.0320236
0.217861
0.0553213
0.0119565
0.00440675
0.0681403
0.859675
0.0525702
0.0221677
0.0690467
0.363794
0.054203
0.0148722
0.0669989
0.0163637
0.00860786
0.00551582
0.00659453
0.00359217
4.57873e-05
0.0219341
0.0108607
0.00263547
9.89917e-08
0.158047
0.0662331
0.00699835
0.0352747
0.00533371
0.000123633
0.000481322
0.000482043
1.46304e-06
0.0283736
0.0283736
0.0283736
0.0283736
0.0283736
0.0283736
0.0283736
0.0283736
0.0283736
0.0283736
0.0283736
0.0283736
0.0283736
0.0283736
0.0283736
0.0283736
0.0283736
0.0283736
0.0283736
0.0283736
0.0283736
0.0283736
0.0283736
0.0283736
0.0283736
0.0283736
0.0283736
0.0283736
0.0283736
0.0283736
0.0283736
0.0283736
0.0283736
0.0283736
0.0283736
0.0283736
0.0283736
0.0283736
0.0283736
0.0283736
0.0283736
0.0283736
0.0283736
0.0283736
0.0283736
0.0283736
0.0283736
0.0283736
0.0283736
0.0283736
0.0283736
0.0283736
0.0283736
0.0283736
0.0283736
0.0283735
0.0283736
0.0283729
0.0281914
0.0382512
1.56744e-10
7.21928e-05
0.000113278
0.0653362
4.99501e-05
0.0106268
0.0319372
0.0195576
0.0203498
0.00111039
0.00404365
0.00109266
0.00451003
0.000890417
9.68592e-05
0.00170597
0.000120633
0.000184479
0.000188858
0.000430287
0.000441879
0.000403584
0.00164958
0.000839153
0.00569138
0.0136483
0.00289683
0.00133875
0.0336776
0.00166427
0.0589061
4.47209e-06
5.652e-06
9.75277e-06
8.39032e-07
2.00024e-07
0.0283736
0.0283736
0.0283736
0.0283736
0.0283736
0.0283736
0.0283736
0.0283736
0.0283736
0.0283736
0.0283736
0.0283736
0.0283736
0.0283736
0.0283736
0.0283736
0.0283736
0.0283736
0.0283736
0.0283736
0.0283736
0.0283736
0.0283736
0.0283736
0.0283736
0.0283736
0.0283736
0.0283736
0.0283736
0.0283736
0.0283736
0.0283736
0.0283736
0.0283736
0.0283736
0.0283736
0.0283736
0.0283736
0.0283736
0.0283736
0.0283736
0.0283736
0.0283736
0.0283736
0.0283736
0.0283736
0.0283736
0.0283736
0.0283736
0.0283736
0.0283736
0.0283736
0.0283736
0.0283736
0.0283736
0.0283736
0.0283736
0.0283681
0.0241275
0.0405869
3.24025e-11
0.000134197
0.00176094
0.000490262
0.000161835
0.00037314
0.000563708
0.000185396
0.00040472
0.000246971
4.71316e-06
6.24661e-06
2.95086e-06
1.24252e-05
3.83139e-05
9.36398e-07
4.8732e-07
5.9443e-06
6.41974e-06
1.65778e-06
1.55783e-05
1.98903e-06
2.94993e-05
6.39729e-07
8.71543e-07
2.23482e-06
5.64981e-07
4.16657e-05
2.82466e-05
0.000160117
4.14453e-05
2.29744e-05
1.63516e-05
7.35833e-05
6.34672e-05
7.8649e-06
0.0283736
0.0283736
0.0283736
0.0283736
0.0283736
0.0283736
0.0283736
0.0283736
0.0283736
0.0283736
0.0283736
0.0283736
0.0283736
0.0283736
0.0283736
0.0283736
0.0283736
0.0283736
0.0283736
0.0283736
0.0283736
0.0283736
0.0283736
0.0283736
0.0283736
0.0283736
0.0283736
0.0283736
0.0283736
0.0283736
0.0283736
0.0283736
0.0283736
0.0283736
0.0283736
0.0283736
0.0283736
0.0283736
0.0283736
0.0283736
0.0283736
0.0283736
0.0283736
0.0283736
0.0283736
0.0283736
0.0283736
0.0283736
0.0283736
0.0283736
0.0283736
0.0283736
0.0283736
0.0283736
0.0283736
0.0283736
0.0283735
0.0283703
0.0287725
0.035362
0.00176823
1.07952e-06
6.83925e-07
3.59648e-07
2.24789e-05
3.6609e-05
4.41161e-05
6.09629e-05
4.80994e-05
4.8761e-05
4.61727e-05
4.01009e-05
3.67892e-05
3.51239e-05
2.8538e-05
0.000149241
0.000132222
8.53562e-05
0.000119699
0.000573556
2.25635e-05
0.00018136
0.000231454
8.6845e-05
2.63794e-05
1.89274e-05
0.000483438
7.03982e-05
0.000155745
0.00032294
0.000835383
0.000300391
0.00121183
0.000114821
7.82661e-05
9.0119e-06
0.0283736
0.0283736
0.0283736
0.0283736
0.0283736
0.0283736
0.0283736
0.0283736
0.0283736
0.0283736
0.0283736
0.0283736
0.0283736
0.0283736
0.0283736
0.0283736
0.0283736
0.0283736
0.0283736
0.0283736
0.0283736
0.0283736
0.0283736
0.0283736
0.0283736
0.0283736
0.0283736
0.0283736
0.0283736
0.0283736
0.0283736
0.0283736
0.0283736
0.0283736
0.0283736
0.0283736
0.0283736
0.0283736
0.0283736
0.0283736
0.0283736
0.0283736
0.0283736
0.0283736
0.0283736
0.0283736
0.0283736
0.0283736
0.0283736
0.0283736
0.0283736
0.0283736
0.0283736
0.0283736
0.0283736
0.0283735
0.0283734
0.0284139
0.0284891
0.0338809
0.0765542
2.59309e-07
1.07715e-05
3.10598e-05
0.000171622
0.000100117
0.0072631
0.000990743
0.00223678
0.000377842
0.000470645
0.00066521
0.000931251
0.00160979
0.00163842
0.000468949
0.00197089
0.000322981
0.000377934
0.0202007
0.000253671
0.000349598
9.99193e-05
5.45356e-05
7.09032e-05
6.84914e-05
0.000192771
0.00013417
0.000245011
0.000174842
0.000103916
0.000374837
0.000546131
0.000524378
0.00574406
9.71983e-06
0.0283736
0.0283736
0.0283736
0.0283736
0.0283736
0.0283736
0.0283736
0.0283736
0.0283736
0.0283736
0.0283736
0.0283736
0.0283736
0.0283736
0.0283736
0.0283736
0.0283736
0.0283736
0.0283736
0.0283736
0.0283736
0.0283736
0.0283736
0.0283736
0.0283736
0.0283736
0.0283736
0.0283736
0.0283736
0.0283736
0.0283736
0.0283736
0.0283736
0.0283736
0.0283736
0.0283736
0.0283736
0.0283736
0.0283736
0.0283736
0.0283736
0.0283736
0.0283736
0.0283736
0.0283736
0.0283736
0.0283736
0.0283736
0.0283736
0.0283736
0.0283736
0.0283736
0.0283736
0.0283736
0.0283736
0.0283736
0.0283737
0.0283841
0.0359567
0.0303289
0.0268665
2.72126e-07
3.14584e-05
1.13864e-05
2.80601e-05
0.0007723
0.000163626
0.00188385
0.00380038
0.000621456
0.000281607
0.000216913
0.000182165
0.000205047
0.000198739
0.000164441
0.000195405
0.00319505
0.000402243
0.000847657
0.000167351
0.000163869
0.000154128
7.39277e-05
8.31293e-05
8.72207e-05
0.00166018
5.92074e-05
0.000165153
0.00016419
0.000110188
0.00018294
0.00017667
0.000116906
0.000115245
8.79224e-06
0.0283736
0.0283736
0.0283736
0.0283736
0.0283736
0.0283736
0.0283736
0.0283736
0.0283736
0.0283736
0.0283736
0.0283736
0.0283736
0.0283736
0.0283736
0.0283736
0.0283736
0.0283736
0.0283736
0.0283736
0.0283736
0.0283736
0.0283736
0.0283736
0.0283736
0.0283736
0.0283736
0.0283736
0.0283736
0.0283736
0.0283736
0.0283736
0.0283736
0.0283736
0.0283736
0.0283736
0.0283736
0.0283736
0.0283736
0.0283736
0.0283736
0.0283736
0.0283736
0.0283736
0.0283736
0.0283736
0.0283736
0.0283736
0.0283736
0.0283736
0.0283736
0.0283736
0.0283736
0.0283736
0.0283736
0.0283736
0.0283736
0.0284996
0.0284599
0.0350174
0.010362
0.000173269
1.74202e-07
1.81927e-05
5.54796e-05
8.05512e-05
0.000156281
0.000200824
0.000502179
0.0012279
0.000830685
0.000492611
0.000295313
0.000253551
0.000213277
0.000155171
0.000149608
0.00021774
0.000309349
0.000176435
0.00108771
0.000552989
0.000930828
8.78214e-05
5.42335e-05
6.11818e-05
0.000522014
7.80758e-05
0.000275413
0.000195947
0.000156015
0.000185455
0.000104816
6.53806e-05
7.24786e-05
8.57636e-06
0.0283736
0.0283736
0.0283736
0.0283736
0.0283736
0.0283736
0.0283736
0.0283736
0.0283736
0.0283736
0.0283736
0.0283736
0.0283736
0.0283736
0.0283736
0.0283736
0.0283736
0.0283736
0.0283736
0.0283736
0.0283736
0.0283736
0.0283736
0.0283736
0.0283736
0.0283736
0.0283736
0.0283736
0.0283736
0.0283736
0.0283736
0.0283736
0.0283736
0.0283736
0.0283736
0.0283736
0.0283736
0.0283736
0.0283736
0.0283736
0.0283736
0.0283736
0.0283736
0.0283736
0.0283736
0.0283736
0.0283736
0.0283736
0.0283736
0.0283736
0.0283736
0.0283736
0.0283736
0.0283736
0.0283736
0.0283735
0.0283737
0.0283734
0.0296744
0.0407701
0.000216729
9.47414e-05
2.8294e-07
5.6259e-05
9.16399e-05
0.000202945
0.000259746
0.00028491
0.000249057
0.000574491
0.000341407
0.000130936
0.00023152
0.00101449
0.000155906
0.000124005
0.000725846
0.00118702
0.00226407
0.0020208
0.00130209
0.00315606
0.0229862
0.0011616
0.000737592
0.00363466
0.000625272
0.00045951
0.000492993
0.0013523
0.00191215
0.00138553
0.000649013
0.000111039
3.97349e-05
7.79612e-06
0.0283736
0.0283736
0.0283736
0.0283736
0.0283736
0.0283736
0.0283736
0.0283736
0.0283736
0.0283736
0.0283736
0.0283736
0.0283736
0.0283736
0.0283736
0.0283736
0.0283736
0.0283736
0.0283736
0.0283736
0.0283736
0.0283736
0.0283736
0.0283736
0.0283736
0.0283736
0.0283736
0.0283736
0.0283736
0.0283736
0.0283736
0.0283736
0.0283736
0.0283736
0.0283736
0.0283736
0.0283736
0.0283736
0.0283736
0.0283736
0.0283736
0.0283736
0.0283736
0.0283736
0.0283736
0.0283736
0.0283736
0.0283736
0.0283736
0.0283736
0.0283736
0.0283736
0.0283736
0.0283736
0.0283736
0.0283735
0.0283748
0.0284802
0.0325712
0.0304644
0.0149263
6.80404e-05
3.60924e-07
7.14918e-05
0.000118213
0.000172927
0.000234315
0.00225864
0.00166235
0.000563308
0.000109422
0.000113365
0.000332085
0.00162992
0.000113247
0.00011525
0.000791928
0.00100025
0.000493852
0.00055566
0.00032442
0.000334299
0.000151998
0.000106292
8.75085e-05
7.33351e-05
0.000106937
0.000369926
6.58922e-05
4.41712e-05
6.88065e-05
0.000365425
0.000420426
0.000172268
4.32963e-05
7.75301e-06
0.0283736
0.0283736
0.0283736
0.0283736
0.0283736
0.0283736
0.0283736
0.0283736
0.0283736
0.0283736
0.0283736
0.0283736
0.0283736
0.0283736
0.0283736
0.0283736
0.0283736
0.0283736
0.0283736
0.0283736
0.0283736
0.0283736
0.0283736
0.0283736
0.0283736
0.0283736
0.0283736
0.0283736
0.0283736
0.0283736
0.0283736
0.0283736
0.0283736
0.0283736
0.0283736
0.0283736
0.0283736
0.0283736
0.0283736
0.0283736
0.0283736
0.0283736
0.0283736
0.0283736
0.0283736
0.0283736
0.0283736
0.0283736
0.0283736
0.0283736
0.0283736
0.0283736
0.0283736
0.0283736
0.0283736
0.0283735
0.0283738
0.0283751
0.0281947
0.0342555
0.0136884
5.61473e-06
2.76802e-07
0.000170991
5.44157e-05
0.000313625
0.000198401
0.000191571
0.000454556
0.000342694
0.000225113
0.000472809
0.000808033
0.000308195
0.000207585
0.000125212
0.000467839
0.000521106
0.00427836
0.000661392
0.000342684
0.000132596
0.000112614
8.63572e-05
5.32471e-05
3.71418e-05
3.88164e-05
0.000123023
0.000205459
4.62941e-05
1.84273e-05
2.71293e-05
0.000106987
0.000116079
3.98111e-05
7.76802e-06
0.0283736
0.0283736
0.0283736
0.0283736
0.0283736
0.0283736
0.0283736
0.0283736
0.0283736
0.0283736
0.0283736
0.0283736
0.0283736
0.0283736
0.0283736
0.0283736
0.0283736
0.0283736
0.0283736
0.0283736
0.0283736
0.0283736
0.0283736
0.0283736
0.0283736
0.0283736
0.0283736
0.0283736
0.0283736
0.0283736
0.0283736
0.0283736
0.0283736
0.0283736
0.0283736
0.0283736
0.0283736
0.0283736
0.0283736
0.0283736
0.0283736
0.0283736
0.0283736
0.0283736
0.0283736
0.0283736
0.0283736
0.0283736
0.0283736
0.0283736
0.0283736
0.0283736
0.0283736
0.0283736
0.0283736
0.0283736
0.0283736
0.028371
0.0342217
0.0202787
0.0416292
0.000269496
1.09444e-06
8.80369e-07
6.76965e-07
2.75442e-05
1.81243e-05
3.65058e-05
0.000105202
7.7284e-05
3.03888e-05
1.76975e-05
1.34544e-05
1.65062e-05
3.3255e-05
9.66516e-05
2.56175e-05
2.62994e-05
5.52026e-05
2.70536e-05
0.000141305
2.69679e-05
2.54555e-05
6.41036e-05
3.98638e-05
3.65956e-05
5.24034e-05
0.000210487
0.000836753
0.000533411
4.35674e-05
1.7919e-05
3.21611e-05
0.000299279
4.09239e-05
7.56242e-06
0.0283736
0.0283736
0.0283736
0.0283736
0.0283736
0.0283736
0.0283736
0.0283736
0.0283736
0.0283736
0.0283736
0.0283736
0.0283736
0.0283736
0.0283736
0.0283736
0.0283736
0.0283736
0.0283736
0.0283736
0.0283736
0.0283736
0.0283736
0.0283736
0.0283736
0.0283736
0.0283736
0.0283736
0.0283736
0.0283736
0.0283736
0.0283736
0.0283736
0.0283736
0.0283736
0.0283736
0.0283736
0.0283736
0.0283736
0.0283736
0.0283736
0.0283736
0.0283736
0.0283736
0.0283736
0.0283736
0.0283736
0.0283736
0.0283736
0.0283736
0.0283736
0.0283736
0.0283736
0.0283736
0.0283736
0.0283735
0.0283736
0.0283705
0.0285319
0.0353093
0.0159528
0.000690849
0.000137909
0.000225042
7.14749e-05
4.20727e-05
5.76317e-05
0.000234542
0.00035054
0.000146052
4.7807e-05
8.49804e-06
8.91583e-07
5.22768e-07
2.07599e-05
5.26476e-05
6.46973e-05
1.15948e-05
5.46793e-07
2.59889e-05
6.60923e-07
1.97851e-05
2.50198e-05
0.000326714
2.2346e-05
8.11042e-06
5.94523e-05
0.000363982
9.58801e-05
0.000132474
6.37701e-05
2.42912e-05
2.79667e-05
8.67571e-05
6.02072e-05
7.80482e-06
0.0283736
0.0283736
0.0283736
0.0283736
0.0283736
0.0283736
0.0283736
0.0283736
0.0283736
0.0283736
0.0283736
0.0283736
0.0283736
0.0283736
0.0283736
0.0283736
0.0283736
0.0283736
0.0283736
0.0283736
0.0283736
0.0283736
0.0283736
0.0283736
0.0283736
0.0283736
0.0283736
0.0283736
0.0283736
0.0283736
0.0283736
0.0283736
0.0283736
0.0283736
0.0283736
0.0283736
0.0283736
0.0283736
0.0283736
0.0283736
0.0283736
0.0283736
0.0283736
0.0283736
0.0283736
0.0283736
0.0283736
0.0283736
0.0283736
0.0283736
0.0283736
0.0283736
0.0283736
0.0283736
0.0283736
0.0283736
0.0283735
0.0283279
0.0293805
0.0241989
0.0448553
2.51416e-10
0.0128606
0.000921139
0.00114684
0.000971781
3.4414e-05
0.0044942
0.000210588
0.00745103
1.64381e-06
0.000417812
9.52654e-06
3.563e-05
2.18694e-06
6.87242e-05
0.000153162
0.000125826
0.000114038
0.00025421
0.00042718
0.00296171
0.000280131
8.35587e-06
9.12992e-07
6.00372e-07
1.10401e-05
6.06371e-06
4.69838e-06
1.84305e-05
3.28274e-05
1.94126e-05
1.9981e-05
6.35116e-05
5.88328e-05
7.69638e-06
0.0283736
0.0283736
0.0283736
0.0283736
0.0283736
0.0283736
0.0283736
0.0283736
0.0283736
0.0283736
0.0283736
0.0283736
0.0283736
0.0283736
0.0283736
0.0283736
0.0283736
0.0283736
0.0283736
0.0283736
0.0283736
0.0283736
0.0283736
0.0283736
0.0283736
0.0283736
0.0283736
0.0283736
0.0283736
0.0283736
0.0283736
0.0283736
0.0283736
0.0283736
0.0283736
0.0283736
0.0283736
0.0283736
0.0283736
0.0283736
0.0283736
0.0283736
0.0283736
0.0283736
0.0283736
0.0283736
0.0283736
0.0283736
0.0283736
0.0283736
0.0283736
0.0283736
0.0283736
0.0283736
0.0283736
0.0283735
0.0283791
0.0285777
0.0258965
0.0336057
0.0160725
0.0057109
0.809289
0.0216577
0.00128398
0.0208979
0.0047535
1.99258e-05
0.00745501
0.00170376
0.0134106
0.00416763
0.000795185
0.000934373
0.383486
0.020196
0.102383
0.0012431
0.000797959
0.0051212
0.0089366
9.87312e-05
0.00172998
0.000609136
0.000959936
0.000906103
1.02768e-05
7.98174e-07
1.9701e-07
3.38776e-06
3.14878e-05
6.84463e-06
8.90235e-06
4.25574e-05
5.50961e-05
8.28581e-06
0.0283736
0.0283736
0.0283736
0.0283736
0.0283736
0.0283736
0.0283736
0.0283736
0.0283736
0.0283736
0.0283736
0.0283736
0.0283736
0.0283736
0.0283736
0.0283736
0.0283736
0.0283736
0.0283736
0.0283736
0.0283736
0.0283736
0.0283736
0.0283736
0.0283736
0.0283736
0.0283736
0.0283736
0.0283736
0.0283736
0.0283736
0.0283736
0.0283736
0.0283736
0.0283736
0.0283736
0.0283736
0.0283736
0.0283736
0.0283736
0.0283736
0.0283736
0.0283736
0.0283736
0.0283736
0.0283736
0.0283736
0.0283736
0.0283736
0.0283736
0.0283736
0.0283736
0.0283736
0.0283736
0.0283736
0.0283736
0.0283737
0.0284052
0.0312978
0.0314622
0.0287546
0.00196021
0.00406169
0.00661113
0.00670639
0.00136914
0.0118942
0.0231972
4.36656e-08
0.0124003
0.01469
0.00276657
0.00397224
0.00114441
6.94012e-06
0.00137517
0.000958446
0.012094
0.0898553
0.00397277
0.002198
0.00333738
0.00182512
0.0167223
0.00320256
0.0067605
0.000256575
0.000348591
5.06791e-06
1.32848e-07
1.75608e-06
6.67012e-05
8.61052e-06
6.2824e-06
2.043e-06
1.51929e-06
0.0283736
0.0283736
0.0283736
0.0283736
0.0283736
0.0283736
0.0283736
0.0283736
0.0283736
0.0283736
0.0283736
0.0283736
0.0283736
0.0283736
0.0283736
0.0283736
0.0283736
0.0283736
0.0283736
0.0283736
0.0283736
0.0283736
0.0283736
0.0283736
0.0283736
0.0283736
0.0283736
0.0283736
0.0283736
0.0283736
0.0283736
0.0283736
0.0283736
0.0283736
0.0283736
0.0283736
0.0283736
0.0283736
0.0283736
0.0283736
0.0283736
0.0283736
0.0283736
0.0283736
0.0283736
0.0283736
0.0283736
0.0283736
0.0283736
0.0283736
0.0283736
0.0283736
0.0283736
0.0283736
0.0283736
0.0283736
0.0283736
0.0283733
0.0294222
0.0324948
0.0152298
0.0037009
6.22186e-05
0.136401
0.0689102
0.0167368
0.000249127
0.00836774
0.0371783
0.00344408
0.00108044
0.00315695
0.00184627
0.00271413
0.000877265
0.00340194
0.000800244
0.00647643
0.855462
0.152733
0.0726298
0.0890924
0.00997679
0.0640191
0.0119046
0.0136213
0.0182786
0.000136677
0.000212351
3.91661e-05
7.62036e-07
1.24831e-07
1.11591e-05
3.18651e-06
1.75135e-06
1.43624e-06
0.0283736
0.0283736
0.0283736
0.0283736
0.0283736
0.0283736
0.0283736
0.0283736
0.0283736
0.0283736
0.0283736
0.0283736
0.0283736
0.0283736
0.0283736
0.0283736
0.0283736
0.0283736
0.0283736
0.0283736
0.0283736
0.0283736
0.0283736
0.0283736
0.0283736
0.0283736
0.0283736
0.0283736
0.0283736
0.0283736
0.0283736
0.0283736
0.0283736
0.0283736
0.0283736
0.0283736
0.0283736
0.0283736
0.0283736
0.0283736
0.0283736
0.0283736
0.0283736
0.0283736
0.0283736
0.0283736
0.0283736
0.0283736
0.0283736
0.0283736
0.0283736
0.0283736
0.0283736
0.0283736
0.0283736
0.0283736
0.0283748
0.02832
0.0279218
0.0364062
0.0272506
0.00237919
0.005299
0.0167752
0.00165471
0.01052
0.00115186
0.000234503
0.00178123
0.000274922
0.00125099
0.00517695
0.00271549
0.00166293
0.000984072
0.00196938
0.000185103
6.7011e-05
8.2649e-05
0.000255686
0.00296807
0.000252883
0.000162545
0.000615632
0.000175213
0.00227065
0.0010006
0.00150377
1.52755e-05
6.64404e-07
1.90844e-06
3.94201e-07
3.00337e-06
6.8071e-06
6.0524e-06
4.18769e-06
0.0283736
0.0283736
0.0283736
0.0283736
0.0283736
0.0283736
0.0283736
0.0283736
0.0283736
0.0283736
0.0283736
0.0283736
0.0283736
0.0283736
0.0283736
0.0283736
0.0283736
0.0283736
0.0283736
0.0283736
0.0283736
0.0283736
0.0283736
0.0283736
0.0283736
0.0283736
0.0283736
0.0283736
0.0283736
0.0283736
0.0283736
0.0283736
0.0283736
0.0283736
0.0283736
0.0283736
0.0283736
0.0283736
0.0283736
0.0283736
0.0283736
0.0283736
0.0283736
0.0283736
0.0283736
0.0283736
0.0283736
0.0283736
0.0283736
0.0283736
0.0283736
0.0283736
0.0283736
0.0283736
0.0283736
0.0283736
0.0283736
0.0284387
0.0271134
0.0243669
0.036776
0.00125292
0.00107303
0.0036379
0.00230687
0.0261137
0.00291441
0.00338025
0.000788654
0.0034713
0.00166087
0.00159299
0.00022088
0.000248698
1.48448e-05
3.20209e-06
5.59953e-07
4.71938e-07
8.34555e-06
1.14868e-05
3.03232e-05
5.22509e-05
4.86489e-07
1.02935e-06
8.38595e-07
9.84352e-07
1.20503e-06
2.44639e-06
2.10726e-06
3.2131e-05
1.4329e-05
1.9629e-05
5.48798e-06
9.42689e-06
9.85048e-06
9.61557e-06
0.0283736
0.0283736
0.0283736
0.0283736
0.0283736
0.0283736
0.0283736
0.0283736
0.0283736
0.0283736
0.0283736
0.0283736
0.0283736
0.0283736
0.0283736
0.0283736
0.0283736
0.0283736
0.0283736
0.0283736
0.0283736
0.0283736
0.0283736
0.0283736
0.0283736
0.0283736
0.0283736
0.0283736
0.0283736
0.0283736
0.0283736
0.0283736
0.0283736
0.0283736
0.0283736
0.0283736
0.0283736
0.0283736
0.0283736
0.0283736
0.0283736
0.0283736
0.0283736
0.0283736
0.0283736
0.0283736
0.0283736
0.0283736
0.0283736
0.0283736
0.0283736
0.0283736
0.0283736
0.0283736
0.0283736
0.0283735
0.0283736
0.028374
0.0285653
0.0298707
0.048471
0.000692221
4.9371e-06
0.00223907
0.00106558
0.000631612
0.00246718
0.000485231
0.000302866
0.00019757
2.57844e-05
4.29557e-06
6.34567e-07
5.23917e-07
3.01473e-05
7.73502e-05
2.12673e-05
9.96757e-05
0.000215017
0.000163343
0.000266097
6.18256e-05
0.000611592
6.29345e-05
1.91599e-05
2.61531e-05
2.93373e-05
2.68335e-05
7.50323e-05
0.000100151
0.000416949
0.000172913
6.92566e-05
2.50265e-05
9.02018e-05
8.87072e-06
0.0283736
0.0283736
0.0283736
0.0283736
0.0283736
0.0283736
0.0283736
0.0283736
0.0283736
0.0283736
0.0283736
0.0283736
0.0283736
0.0283736
0.0283736
0.0283736
0.0283736
0.0283736
0.0283736
0.0283736
0.0283736
0.0283736
0.0283736
0.0283736
0.0283736
0.0283736
0.0283736
0.0283736
0.0283736
0.0283736
0.0283736
0.0283736
0.0283736
0.0283736
0.0283736
0.0283736
0.0283736
0.0283736
0.0283736
0.0283736
0.0283736
0.0283736
0.0283736
0.0283736
0.0283736
0.0283736
0.0283736
0.0283736
0.0283736
0.0283736
0.0283736
0.0283736
0.0283736
0.0283736
0.0283736
0.0283736
0.0283736
0.0283718
0.0285327
0.0356763
0.00755819
0.000418435
8.70874e-06
3.326e-05
1.07544e-05
6.0308e-06
8.52285e-07
5.23298e-07
4.70114e-05
0.000121272
0.00020515
0.000148429
0.000467779
0.000112191
0.000123276
0.000120014
0.000144413
0.000169017
0.000266727
0.000198389
0.000205703
5.79527e-05
0.000103768
0.000264723
0.0096176
0.000592625
0.000228791
0.000208491
5.39582e-05
4.71218e-05
0.000113325
0.000135369
7.21171e-05
5.3224e-05
0.000706539
9.22028e-06
0.0283736
0.0283736
0.0283736
0.0283736
0.0283736
0.0283736
0.0283736
0.0283736
0.0283736
0.0283736
0.0283736
0.0283736
0.0283736
0.0283736
0.0283736
0.0283736
0.0283736
0.0283736
0.0283736
0.0283736
0.0283736
0.0283736
0.0283736
0.0283736
0.0283736
0.0283736
0.0283736
0.0283736
0.0283736
0.0283736
0.0283736
0.0283736
0.0283736
0.0283736
0.0283736
0.0283736
0.0283736
0.0283736
0.0283736
0.0283736
0.0283736
0.0283736
0.0283736
0.0283736
0.0283736
0.0283736
0.0283736
0.0283736
0.0283736
0.0283736
0.0283736
0.0283736
0.0283736
0.0283736
0.0283736
0.0283736
0.0283739
0.0283465
0.030312
0.0339631
0.0078512
5.22839e-05
1.69737e-07
1.66109e-05
0.000124541
6.47638e-05
3.89787e-05
0.000182683
0.00484301
0.00189318
0.00123787
0.000822074
0.00118685
0.000818921
0.000387956
0.000214399
0.000109706
0.000136908
0.0078704
0.00017843
0.000699663
6.85598e-05
4.74085e-05
0.000737489
0.000359976
0.00597887
0.000387317
0.000241499
5.23372e-05
3.10026e-05
4.39043e-05
0.000192097
0.000336461
0.000372873
7.90792e-05
9.9945e-06
0.0283736
0.0283736
0.0283736
0.0283736
0.0283736
0.0283736
0.0283736
0.0283736
0.0283736
0.0283736
0.0283736
0.0283736
0.0283736
0.0283736
0.0283736
0.0283736
0.0283736
0.0283736
0.0283736
0.0283736
0.0283736
0.0283736
0.0283736
0.0283736
0.0283736
0.0283736
0.0283736
0.0283736
0.0283736
0.0283736
0.0283736
0.0283736
0.0283736
0.0283736
0.0283736
0.0283736
0.0283736
0.0283736
0.0283736
0.0283736
0.0283736
0.0283736
0.0283736
0.0283736
0.0283736
0.0283736
0.0283736
0.0283736
0.0283736
0.0283736
0.0283736
0.0283736
0.0283736
0.0283736
0.0283736
0.0283736
0.0283736
0.0283802
0.0313442
0.0328901
0.010823
5.15936e-05
1.71227e-07
1.97341e-05
0.000362885
7.92122e-05
0.000157059
0.000299641
0.000260249
0.00015419
0.000167603
0.000347315
0.000967217
0.00115642
0.00216892
0.00107687
0.000186654
0.000182865
0.00023094
0.00875334
0.000270686
7.82076e-05
6.20892e-05
0.000887613
0.000232795
0.000240971
0.000100665
0.000128747
0.000224267
7.16446e-05
5.89986e-05
5.18987e-05
5.30472e-05
5.21347e-05
0.000269751
8.6556e-06
0.0283736
0.0283736
0.0283736
0.0283736
0.0283736
0.0283736
0.0283736
0.0283736
0.0283736
0.0283736
0.0283736
0.0283736
0.0283736
0.0283736
0.0283736
0.0283736
0.0283736
0.0283736
0.0283736
0.0283736
0.0283736
0.0283736
0.0283736
0.0283736
0.0283736
0.0283736
0.0283736
0.0283736
0.0283736
0.0283736
0.0283736
0.0283736
0.0283736
0.0283736
0.0283736
0.0283736
0.0283736
0.0283736
0.0283736
0.0283736
0.0283736
0.0283736
0.0283736
0.0283736
0.0283736
0.0283736
0.0283736
0.0283736
0.0283736
0.0283736
0.0283736
0.0283736
0.0283736
0.0283736
0.0283736
0.0283736
0.0283744
0.0282688
0.034169
0.0456526
0.0528019
2.83664e-08
1.67544e-07
2.12011e-05
0.000381128
0.000146454
0.000156108
0.000132045
0.000178751
0.000191272
0.000133496
0.000120806
0.000101045
0.000124928
0.000132613
0.000116632
0.000137557
0.000228058
0.000656812
0.000641417
0.000697369
0.000190594
6.02092e-05
0.000144718
0.000786185
0.000842317
0.000119571
0.000182919
0.000227222
0.000114896
0.000205012
0.00038595
0.000291975
0.000143847
0.0029468
9.02409e-06
)
;

boundaryField
{
    outlet
    {
        type            zeroGradient;
    }
    inlet
    {
        type            fixedValue;
        value           uniform 0.51;
    }
    walls
    {
        type            zeroGradient;
    }
}


// ************************************************************************* //
