/*--------------------------------*- C++ -*----------------------------------*\
| =========                 |                                                 |
| \\      /  F ield         | OpenFOAM: The Open Source CFD Toolbox           |
|  \\    /   O peration     | Version:  2.3.0                                 |
|   \\  /    A nd           | Web:      www.OpenFOAM.org                      |
|    \\/     M anipulation  |                                                 |
\*---------------------------------------------------------------------------*/
FoamFile
{
    version     2.0;
    format      ascii;
    class       volScalarField;
    location    "6";
    object      pMean;
}
// * * * * * * * * * * * * * * * * * * * * * * * * * * * * * * * * * * * * * //

dimensions      [1 -1 -2 0 0 0 0];

internalField   nonuniform List<scalar> 
6144
(
100000
100000
100000
100001
100001
100001
100001
100001
100001
100001
100002
100002
100002
100002
100002
100002
100002
100003
100003
100003
100003
100003
100003
100003
100004
100004
100004
100004
100004
100004
100004
100005
100005
100005
100005
100005
100005
100005
100006
100006
100006
100006
100006
100006
100006
100007
100007
100007
100007
100007
100007
100007
100008
100008
100008
100008
100008
100008
100008
100009
100033
100214
100316
100440
100561
100689
100812
100940
101064
101191
101316
101443
101568
101694
101820
101947
102073
102199
102325
102452
102578
102705
102831
102957
103083
103209
103335
103461
103587
103713
103839
103965
104091
104217
104343
104469
100000
100000
100000
100001
100001
100001
100001
100001
100001
100001
100002
100002
100002
100002
100002
100002
100002
100003
100003
100003
100003
100003
100003
100003
100004
100004
100004
100004
100004
100004
100004
100005
100005
100005
100005
100005
100005
100005
100006
100006
100006
100006
100006
100006
100006
100007
100007
100007
100007
100007
100007
100007
100008
100008
100008
100008
100008
100008
100008
100009
100026
100202
100307
100438
100558
100687
100810
100938
101063
101190
101315
101442
101567
101694
101820
101946
102072
102199
102325
102452
102578
102704
102831
102957
103083
103209
103335
103461
103587
103713
103839
103965
104091
104217
104343
104469
100000
100000
100000
100001
100001
100001
100001
100001
100001
100001
100002
100002
100002
100002
100002
100002
100002
100003
100003
100003
100003
100003
100003
100003
100004
100004
100004
100004
100004
100004
100004
100005
100005
100005
100005
100005
100005
100005
100006
100006
100006
100006
100006
100006
100006
100007
100007
100007
100007
100007
100007
100007
100008
100008
100008
100008
100008
100008
100008
100009
100027
100198
100305
100438
100558
100688
100811
100939
101063
101191
101316
101442
101568
101694
101820
101946
102072
102198
102325
102451
102578
102704
102830
102957
103083
103209
103335
103461
103587
103713
103839
103965
104091
104217
104343
104469
100000
100000
100000
100001
100001
100001
100001
100001
100001
100001
100002
100002
100002
100002
100002
100002
100002
100003
100003
100003
100003
100003
100003
100003
100004
100004
100004
100004
100004
100004
100004
100005
100005
100005
100005
100005
100005
100005
100006
100006
100006
100006
100006
100006
100006
100007
100007
100007
100007
100007
100007
100007
100008
100008
100008
100008
100008
100008
100008
100009
100032
100196
100303
100438
100558
100687
100810
100938
101063
101190
101315
101442
101567
101694
101820
101946
102072
102198
102325
102451
102578
102704
102830
102956
103083
103209
103335
103461
103587
103713
103839
103965
104091
104217
104343
104469
100000
100000
100000
100001
100001
100001
100001
100001
100001
100001
100002
100002
100002
100002
100002
100002
100002
100003
100003
100003
100003
100003
100003
100003
100004
100004
100004
100004
100004
100004
100004
100005
100005
100005
100005
100005
100005
100005
100006
100006
100006
100006
100006
100006
100006
100007
100007
100007
100007
100007
100007
100007
100008
100008
100008
100008
100008
100008
100008
100009
100039
100196
100305
100438
100559
100688
100811
100939
101063
101190
101315
101442
101568
101694
101820
101946
102072
102199
102325
102451
102578
102704
102830
102956
103082
103209
103335
103461
103587
103713
103839
103965
104091
104217
104343
104469
100000
100000
100000
100001
100001
100001
100001
100001
100001
100001
100002
100002
100002
100002
100002
100002
100002
100003
100003
100003
100003
100003
100003
100003
100004
100004
100004
100004
100004
100004
100004
100005
100005
100005
100005
100005
100005
100005
100006
100006
100006
100006
100006
100006
100006
100007
100007
100007
100007
100007
100007
100007
100008
100008
100008
100008
100008
100008
100008
100009
100042
100195
100305
100438
100559
100687
100811
100938
101062
101190
101315
101442
101567
101694
101820
101946
102072
102199
102325
102451
102578
102704
102830
102956
103082
103209
103335
103461
103587
103713
103839
103965
104091
104217
104342
104468
100000
100000
100000
100001
100001
100001
100001
100001
100001
100001
100002
100002
100002
100002
100002
100002
100002
100003
100003
100003
100003
100003
100003
100003
100004
100004
100004
100004
100004
100004
100004
100005
100005
100005
100005
100005
100005
100005
100006
100006
100006
100006
100006
100006
100006
100007
100007
100007
100007
100007
100007
100007
100008
100008
100008
100008
100008
100008
100008
100009
100044
100195
100307
100438
100559
100687
100810
100938
101062
101190
101315
101442
101567
101694
101820
101946
102073
102199
102325
102451
102578
102704
102830
102956
103082
103208
103335
103461
103587
103713
103839
103965
104090
104216
104342
104468
100000
100000
100000
100001
100001
100001
100001
100001
100001
100001
100002
100002
100002
100002
100002
100002
100002
100003
100003
100003
100003
100003
100003
100003
100004
100004
100004
100004
100004
100004
100004
100005
100005
100005
100005
100005
100005
100005
100006
100006
100006
100006
100006
100006
100006
100007
100007
100007
100007
100007
100007
100007
100008
100008
100008
100008
100008
100008
100008
100009
100050
100196
100306
100437
100558
100686
100809
100937
101062
101189
101315
101442
101567
101694
101820
101946
102073
102199
102325
102451
102578
102704
102830
102956
103082
103208
103334
103460
103586
103712
103838
103964
104090
104216
104342
104468
100000
100000
100000
100001
100001
100001
100001
100001
100001
100001
100002
100002
100002
100002
100002
100002
100002
100003
100003
100003
100003
100003
100003
100003
100004
100004
100004
100004
100004
100004
100004
100005
100005
100005
100005
100005
100005
100005
100006
100006
100006
100006
100006
100006
100006
100007
100007
100007
100007
100007
100007
100007
100008
100008
100008
100008
100008
100008
100008
100009
100042
100195
100303
100435
100556
100685
100808
100937
101061
101189
101314
101441
101567
101694
101820
101946
102072
102199
102325
102451
102577
102704
102830
102956
103082
103208
103334
103460
103586
103712
103838
103964
104090
104216
104342
104468
100000
100000
100000
100001
100001
100001
100001
100001
100001
100001
100002
100002
100002
100002
100002
100002
100002
100003
100003
100003
100003
100003
100003
100003
100004
100004
100004
100004
100004
100004
100004
100005
100005
100005
100005
100005
100005
100005
100006
100006
100006
100006
100006
100006
100006
100007
100007
100007
100007
100007
100007
100007
100008
100008
100008
100008
100008
100008
100008
100009
100031
100195
100299
100434
100555
100684
100808
100936
101061
101188
101314
101441
101567
101693
101819
101946
102072
102198
102325
102451
102577
102703
102829
102955
103082
103208
103334
103460
103586
103712
103838
103964
104089
104215
104341
104467
100000
100000
100000
100001
100001
100001
100001
100001
100001
100001
100002
100002
100002
100002
100002
100002
100002
100003
100003
100003
100003
100003
100003
100003
100004
100004
100004
100004
100004
100004
100004
100005
100005
100005
100005
100005
100005
100005
100006
100006
100006
100006
100006
100006
100006
100007
100007
100007
100007
100007
100007
100007
100008
100008
100008
100008
100008
100008
100008
100009
100023
100196
100297
100434
100554
100684
100808
100936
101061
101188
101313
101440
101566
101693
101819
101946
102072
102198
102324
102451
102577
102703
102829
102955
103081
103207
103333
103459
103585
103711
103837
103963
104089
104215
104341
104467
100000
100000
100000
100001
100001
100001
100001
100001
100001
100001
100002
100002
100002
100002
100002
100002
100002
100003
100003
100003
100003
100003
100003
100003
100004
100004
100004
100004
100004
100004
100004
100005
100005
100005
100005
100005
100005
100005
100006
100006
100006
100006
100006
100006
100006
100007
100007
100007
100007
100007
100007
100007
100008
100008
100008
100008
100008
100008
100008
100009
100019
100196
100296
100433
100553
100684
100807
100936
101060
101188
101313
101440
101566
101693
101819
101945
102072
102198
102324
102450
102577
102703
102829
102955
103081
103207
103333
103459
103585
103711
103837
103963
104089
104215
104341
104467
100000
100000
100000
100001
100001
100001
100001
100001
100001
100001
100002
100002
100002
100002
100002
100002
100002
100003
100003
100003
100003
100003
100003
100003
100004
100004
100004
100004
100004
100004
100004
100005
100005
100005
100005
100005
100005
100005
100006
100006
100006
100006
100006
100006
100006
100007
100007
100007
100007
100007
100007
100007
100008
100008
100008
100008
100008
100008
100008
100009
100019
100197
100296
100434
100554
100684
100807
100935
101060
101188
101313
101440
101566
101692
101819
101945
102071
102198
102324
102450
102576
102703
102829
102955
103081
103207
103333
103459
103585
103711
103837
103963
104089
104215
104340
104466
100000
100000
100000
100001
100001
100001
100001
100001
100001
100001
100002
100002
100002
100002
100002
100002
100002
100003
100003
100003
100003
100003
100003
100003
100004
100004
100004
100004
100004
100004
100004
100005
100005
100005
100005
100005
100005
100005
100006
100006
100006
100006
100006
100006
100006
100007
100007
100007
100007
100007
100007
100007
100008
100008
100008
100008
100008
100008
100008
100009
100020
100197
100298
100438
100556
100685
100808
100936
101060
101188
101313
101440
101566
101692
101819
101945
102071
102198
102324
102450
102576
102702
102828
102954
103080
103206
103332
103458
103584
103710
103836
103962
104088
104214
104340
104466
100000
100000
100000
100001
100001
100001
100001
100001
100001
100001
100002
100002
100002
100002
100002
100002
100002
100003
100003
100003
100003
100003
100003
100003
100004
100004
100004
100004
100004
100004
100004
100005
100005
100005
100005
100005
100005
100005
100006
100006
100006
100006
100006
100006
100006
100007
100007
100007
100007
100007
100007
100007
100008
100008
100008
100008
100008
100008
100008
100009
100020
100196
100295
100439
100557
100686
100808
100936
101061
101188
101313
101440
101566
101693
101819
101945
102072
102198
102324
102450
102576
102702
102828
102954
103080
103206
103332
103458
103584
103710
103836
103962
104088
104214
104340
104466
100000
100000
100000
100001
100001
100001
100001
100001
100001
100001
100002
100002
100002
100002
100002
100002
100002
100003
100003
100003
100003
100003
100003
100003
100004
100004
100004
100004
100004
100004
100004
100005
100005
100005
100005
100005
100005
100005
100006
100006
100006
100006
100006
100006
100006
100007
100007
100007
100007
100007
100007
100007
100008
100008
100008
100008
100008
100008
100008
100009
100020
100201
100304
100439
100559
100687
100810
100937
101061
101188
101313
101440
101566
101693
101819
101945
102072
102198
102324
102450
102576
102702
102828
102954
103080
103206
103332
103458
103584
103710
103836
103962
104088
104214
104340
104466
100000
100000
100000
100001
100001
100001
100001
100001
100001
100001
100002
100002
100002
100002
100002
100002
100002
100003
100003
100003
100003
100003
100003
100003
100004
100004
100004
100004
100004
100004
100004
100005
100005
100005
100005
100005
100005
100005
100006
100006
100006
100006
100006
100006
100006
100007
100007
100007
100007
100007
100007
100007
100008
100008
100008
100008
100008
100008
100008
100009
100026
100203
100310
100438
100560
100689
100812
100939
101063
101191
101316
101442
101568
101694
101820
101946
102072
102199
102325
102452
102578
102704
102831
102957
103083
103209
103335
103461
103587
103713
103839
103965
104091
104217
104343
104469
100000
100000
100000
100001
100001
100001
100001
100001
100001
100001
100002
100002
100002
100002
100002
100002
100002
100003
100003
100003
100003
100003
100003
100003
100004
100004
100004
100004
100004
100004
100004
100005
100005
100005
100005
100005
100005
100005
100006
100006
100006
100006
100006
100006
100006
100007
100007
100007
100007
100007
100007
100007
100008
100008
100008
100008
100008
100008
100008
100009
100028
100190
100299
100438
100558
100686
100810
100938
101063
101190
101315
101442
101567
101694
101820
101946
102072
102199
102325
102451
102578
102704
102830
102956
103082
103208
103335
103461
103587
103713
103839
103965
104091
104217
104342
104468
100000
100000
100000
100001
100001
100001
100001
100001
100001
100001
100002
100002
100002
100002
100002
100002
100002
100003
100003
100003
100003
100003
100003
100003
100004
100004
100004
100004
100004
100004
100004
100005
100005
100005
100005
100005
100005
100005
100006
100006
100006
100006
100006
100006
100006
100007
100007
100007
100007
100007
100007
100007
100008
100008
100008
100008
100008
100008
100008
100009
100035
100191
100302
100437
100558
100687
100811
100939
101063
101190
101315
101442
101567
101694
101819
101946
102072
102198
102324
102451
102577
102704
102830
102956
103082
103208
103334
103461
103587
103713
103839
103965
104090
104216
104342
104468
100000
100000
100000
100001
100001
100001
100001
100001
100001
100001
100002
100002
100002
100002
100002
100002
100002
100003
100003
100003
100003
100003
100003
100003
100004
100004
100004
100004
100004
100004
100004
100005
100005
100005
100005
100005
100005
100005
100006
100006
100006
100006
100006
100006
100006
100007
100007
100007
100007
100007
100007
100007
100008
100008
100008
100008
100008
100008
100008
100009
100045
100190
100303
100435
100558
100687
100810
100938
101062
101190
101315
101441
101567
101693
101819
101945
102071
102198
102324
102450
102577
102703
102830
102956
103082
103208
103334
103460
103586
103712
103838
103964
104090
104216
104342
104468
100000
100000
100000
100001
100001
100001
100001
100001
100001
100001
100002
100002
100002
100002
100002
100002
100002
100003
100003
100003
100003
100003
100003
100003
100004
100004
100004
100004
100004
100004
100004
100005
100005
100005
100005
100005
100005
100005
100006
100006
100006
100006
100006
100006
100006
100007
100007
100007
100007
100007
100007
100007
100008
100008
100008
100008
100008
100008
100008
100009
100059
100192
100305
100436
100558
100687
100810
100938
101062
101190
101315
101441
101567
101693
101819
101945
102071
102198
102324
102450
102577
102703
102829
102956
103082
103208
103334
103460
103586
103712
103838
103964
104090
104216
104342
104468
100000
100000
100000
100001
100001
100001
100001
100001
100001
100001
100002
100002
100002
100002
100002
100002
100002
100003
100003
100003
100003
100003
100003
100003
100004
100004
100004
100004
100004
100004
100004
100005
100005
100005
100005
100005
100005
100005
100006
100006
100006
100006
100006
100006
100006
100007
100007
100007
100007
100007
100007
100007
100008
100008
100008
100008
100008
100008
100008
100009
100068
100192
100306
100435
100558
100686
100809
100937
101062
101189
101314
101441
101567
101693
101819
101945
102071
102198
102324
102450
102577
102703
102829
102955
103082
103208
103334
103460
103586
103712
103838
103964
104090
104216
104342
104468
100000
100000
100000
100001
100001
100001
100001
100001
100001
100001
100002
100002
100002
100002
100002
100002
100002
100003
100003
100003
100003
100003
100003
100003
100004
100004
100004
100004
100004
100004
100004
100005
100005
100005
100005
100005
100005
100005
100006
100006
100006
100006
100006
100006
100006
100007
100007
100007
100007
100007
100007
100007
100008
100008
100008
100008
100008
100008
100008
100010
100066
100191
100306
100435
100557
100685
100809
100937
101062
101189
101314
101441
101567
101693
101819
101945
102072
102198
102324
102450
102577
102703
102829
102955
103081
103207
103334
103460
103586
103711
103837
103963
104089
104215
104341
104467
100000
100000
100000
100001
100001
100001
100001
100001
100001
100001
100002
100002
100002
100002
100002
100002
100002
100003
100003
100003
100003
100003
100003
100003
100004
100004
100004
100004
100004
100004
100004
100005
100005
100005
100005
100005
100005
100005
100006
100006
100006
100006
100006
100006
100006
100007
100007
100007
100007
100007
100007
100007
100008
100008
100008
100008
100008
100008
100008
100010
100055
100189
100303
100433
100555
100684
100808
100936
101061
101188
101314
101441
101567
101694
101820
101946
102072
102199
102325
102451
102577
102703
102829
102955
103082
103208
103334
103460
103586
103712
103837
103963
104089
104215
104340
104464
100000
100000
100000
100001
100001
100001
100001
100001
100001
100001
100002
100002
100002
100002
100002
100002
100002
100003
100003
100003
100003
100003
100003
100003
100004
100004
100004
100004
100004
100004
100004
100005
100005
100005
100005
100005
100005
100005
100006
100006
100006
100006
100006
100006
100006
100007
100007
100007
100007
100007
100007
100007
100008
100008
100008
100008
100008
100008
100008
100009
100040
100189
100300
100433
100555
100684
100807
100935
101060
101188
101313
101440
101566
101692
101819
101945
102071
102198
102324
102450
102576
102702
102829
102955
103081
103207
103333
103459
103585
103711
103837
103963
104089
104215
104341
104467
100000
100000
100000
100000
100001
100001
100001
100001
100001
100001
100002
100002
100002
100002
100002
100002
100002
100003
100003
100003
100003
100003
100003
100003
100004
100004
100004
100004
100004
100004
100004
100005
100005
100005
100005
100005
100005
100005
100006
100006
100006
100006
100006
100006
100006
100007
100007
100007
100007
100007
100007
100007
100008
100008
100008
100008
100008
100008
100008
100009
100031
100191
100298
100433
100554
100684
100807
100935
101060
101187
101313
101440
101565
101692
101818
101945
102071
102197
102324
102450
102576
102702
102828
102954
103080
103206
103332
103458
103584
103710
103836
103962
104088
104214
104340
104466
100000
100000
100000
100000
100001
100001
100001
100001
100001
100001
100002
100002
100002
100002
100002
100002
100002
100003
100003
100003
100003
100003
100003
100003
100004
100004
100004
100004
100004
100004
100004
100005
100005
100005
100005
100005
100005
100005
100006
100006
100006
100006
100006
100006
100006
100007
100007
100007
100007
100007
100007
100007
100008
100008
100008
100008
100008
100008
100008
100009
100025
100191
100296
100433
100553
100683
100806
100935
101059
101187
101312
101439
101565
101692
101818
101945
102071
102197
102324
102450
102576
102702
102828
102954
103080
103206
103332
103458
103584
103710
103836
103962
104088
104214
104340
104466
100000
100000
100000
100000
100001
100001
100001
100001
100001
100001
100002
100002
100002
100002
100002
100002
100002
100003
100003
100003
100003
100003
100003
100003
100004
100004
100004
100004
100004
100004
100004
100005
100005
100005
100005
100005
100005
100005
100006
100006
100006
100006
100006
100006
100006
100007
100007
100007
100007
100007
100007
100007
100008
100008
100008
100008
100008
100008
100008
100009
100022
100192
100293
100433
100552
100683
100806
100934
101059
101186
101312
101439
101565
101692
101818
101944
102071
102197
102323
102450
102576
102702
102828
102954
103080
103206
103332
103458
103584
103710
103836
103962
104088
104214
104340
104466
100000
100000
100000
100000
100001
100001
100001
100001
100001
100001
100002
100002
100002
100002
100002
100002
100002
100003
100003
100003
100003
100003
100003
100003
100004
100004
100004
100004
100004
100004
100004
100005
100005
100005
100005
100005
100005
100005
100006
100006
100006
100006
100006
100006
100006
100007
100007
100007
100007
100007
100007
100007
100008
100008
100008
100008
100008
100008
100008
100009
100020
100193
100292
100433
100552
100683
100805
100934
101058
101186
101311
101439
101565
101692
101818
101944
102071
102197
102323
102450
102576
102702
102828
102954
103080
103206
103332
103458
103584
103710
103836
103962
104088
104214
104340
104466
100000
100000
100000
100000
100001
100001
100001
100001
100001
100001
100002
100002
100002
100002
100002
100002
100002
100003
100003
100003
100003
100003
100003
100003
100004
100004
100004
100004
100004
100004
100004
100005
100005
100005
100005
100005
100005
100005
100006
100006
100006
100006
100006
100006
100006
100007
100007
100007
100007
100007
100007
100007
100008
100008
100008
100008
100008
100008
100008
100009
100022
100193
100292
100436
100554
100684
100807
100935
101059
101186
101312
101439
101565
101692
101818
101945
102071
102197
102323
102449
102576
102702
102828
102954
103080
103206
103332
103458
103584
103710
103836
103962
104088
104214
104340
104466
100000
100000
100000
100000
100001
100001
100001
100001
100001
100001
100002
100002
100002
100002
100002
100002
100002
100003
100003
100003
100003
100003
100003
100003
100004
100004
100004
100004
100004
100004
100004
100005
100005
100005
100005
100005
100005
100005
100006
100006
100006
100006
100006
100006
100006
100007
100007
100007
100007
100007
100007
100007
100008
100008
100008
100008
100008
100008
100008
100009
100024
100192
100293
100438
100556
100685
100808
100936
101060
101187
101312
101439
101565
101692
101818
101945
102071
102197
102323
102449
102576
102702
102828
102954
103080
103206
103332
103458
103584
103710
103836
103962
104088
104214
104340
104466
100000
100000
100000
100001
100001
100001
100001
100001
100001
100001
100002
100002
100002
100002
100002
100002
100002
100003
100003
100003
100003
100003
100003
100003
100004
100004
100004
100004
100004
100004
100004
100005
100005
100005
100005
100005
100005
100005
100006
100006
100006
100006
100006
100006
100006
100007
100007
100007
100007
100007
100007
100007
100008
100008
100008
100008
100008
100008
100008
100009
100022
100198
100301
100438
100558
100686
100809
100936
101060
101188
101313
101440
101565
101692
101819
101945
102071
102197
102323
102449
102576
102702
102828
102954
103080
103206
103332
103458
103584
103710
103836
103962
104088
104214
104340
104466
100000
100000
100000
100001
100001
100001
100001
100001
100001
100001
100002
100002
100002
100002
100002
100002
100002
100003
100003
100003
100003
100003
100003
100003
100004
100004
100004
100004
100004
100004
100004
100005
100005
100005
100005
100005
100005
100005
100006
100006
100006
100006
100006
100006
100006
100007
100007
100007
100007
100007
100007
100007
100008
100008
100008
100008
100008
100008
100008
100009
100027
100203
100313
100439
100560
100689
100812
100940
101064
101191
101316
101442
101568
101694
101820
101946
102072
102199
102325
102452
102578
102704
102831
102957
103083
103209
103335
103461
103587
103713
103839
103965
104091
104217
104343
104468
100000
100000
100000
100001
100001
100001
100001
100001
100001
100001
100002
100002
100002
100002
100002
100002
100002
100003
100003
100003
100003
100003
100003
100003
100004
100004
100004
100004
100004
100004
100004
100005
100005
100005
100005
100005
100005
100005
100006
100006
100006
100006
100006
100006
100006
100007
100007
100007
100007
100007
100007
100007
100008
100008
100008
100008
100008
100008
100008
100009
100026
100190
100298
100437
100558
100687
100810
100938
101063
101190
101315
101442
101567
101694
101819
101946
102072
102198
102325
102451
102578
102704
102830
102956
103082
103209
103335
103461
103587
103713
103839
103965
104091
104216
104342
104468
100000
100000
100000
100001
100001
100001
100001
100001
100001
100001
100002
100002
100002
100002
100002
100002
100002
100003
100003
100003
100003
100003
100003
100003
100004
100004
100004
100004
100004
100004
100004
100005
100005
100005
100005
100005
100005
100005
100006
100006
100006
100006
100006
100006
100006
100007
100007
100007
100007
100007
100007
100007
100008
100008
100008
100008
100008
100008
100008
100009
100032
100190
100299
100436
100557
100687
100811
100939
101063
101190
101315
101442
101567
101693
101819
101945
102072
102198
102324
102450
102577
102703
102830
102956
103082
103208
103334
103461
103587
103713
103839
103964
104090
104216
104342
104468
100000
100000
100000
100001
100001
100001
100001
100001
100001
100001
100002
100002
100002
100002
100002
100002
100002
100003
100003
100003
100003
100003
100003
100003
100004
100004
100004
100004
100004
100004
100004
100005
100005
100005
100005
100005
100005
100005
100006
100006
100006
100006
100006
100006
100006
100007
100007
100007
100007
100007
100007
100007
100008
100008
100008
100008
100008
100008
100008
100009
100041
100188
100299
100433
100556
100687
100810
100938
101062
101190
101315
101441
101567
101693
101819
101945
102071
102197
102324
102450
102577
102703
102829
102956
103082
103208
103334
103460
103586
103712
103838
103964
104090
104216
104342
104468
100000
100000
100000
100001
100001
100001
100001
100001
100001
100001
100002
100002
100002
100002
100002
100002
100002
100003
100003
100003
100003
100003
100003
100003
100004
100004
100004
100004
100004
100004
100004
100005
100005
100005
100005
100005
100005
100005
100006
100006
100006
100006
100006
100006
100006
100007
100007
100007
100007
100007
100007
100007
100008
100008
100008
100008
100008
100008
100008
100009
100053
100189
100302
100433
100556
100686
100810
100938
101062
101190
101315
101441
101567
101693
101819
101945
102071
102198
102324
102450
102577
102703
102829
102955
103082
103208
103334
103460
103586
103712
103838
103964
104090
104216
104342
104468
100000
100000
100000
100001
100001
100001
100001
100001
100001
100001
100002
100002
100002
100002
100002
100002
100002
100003
100003
100003
100003
100003
100003
100003
100004
100004
100004
100004
100004
100004
100004
100005
100005
100005
100005
100005
100005
100005
100006
100006
100006
100006
100006
100006
100006
100007
100007
100007
100007
100007
100007
100007
100008
100008
100008
100008
100008
100008
100008
100009
100061
100189
100302
100432
100555
100685
100809
100937
101062
101189
101314
101441
101567
101693
101819
101945
102071
102198
102324
102450
102577
102703
102829
102955
103082
103208
103334
103460
103586
103712
103838
103964
104090
104216
104341
104467
100000
100000
100000
100001
100001
100001
100001
100001
100001
100001
100002
100002
100002
100002
100002
100002
100002
100003
100003
100003
100003
100003
100003
100003
100004
100004
100004
100004
100004
100004
100004
100005
100005
100005
100005
100005
100005
100005
100006
100006
100006
100006
100006
100006
100006
100007
100007
100007
100007
100007
100007
100007
100008
100008
100008
100008
100008
100008
100008
100009
100059
100188
100302
100432
100555
100685
100809
100937
101061
101189
101314
101441
101566
101693
101819
101945
102072
102198
102324
102450
102576
102703
102829
102955
103081
103207
103333
103460
103586
103712
103838
103963
104089
104215
104341
104467
100000
100000
100000
100001
100001
100001
100001
100001
100001
100001
100002
100002
100002
100002
100002
100002
100002
100003
100003
100003
100003
100003
100003
100003
100004
100004
100004
100004
100004
100004
100004
100005
100005
100005
100005
100005
100005
100005
100006
100006
100006
100006
100006
100006
100006
100007
100007
100007
100007
100007
100007
100007
100008
100008
100008
100008
100008
100008
100008
100010
100049
100187
100300
100431
100555
100684
100808
100936
101060
101188
101313
101440
101566
101693
101819
101945
102071
102198
102324
102450
102576
102702
102829
102955
103081
103207
103333
103459
103585
103711
103837
103963
104089
104214
104340
104466
100000
100000
100000
100001
100001
100001
100001
100001
100001
100001
100002
100002
100002
100002
100002
100002
100002
100003
100003
100003
100003
100003
100003
100003
100004
100004
100004
100004
100004
100004
100004
100005
100005
100005
100005
100005
100005
100005
100006
100006
100006
100006
100006
100006
100006
100007
100007
100007
100007
100007
100007
100007
100008
100008
100008
100008
100008
100008
100008
100009
100036
100187
100297
100431
100554
100684
100807
100935
101060
101187
101312
101439
101565
101692
101818
101944
102071
102197
102323
102449
102576
102702
102828
102954
103080
103206
103332
103458
103584
103710
103836
103962
104088
104214
104340
104466
100000
100000
100000
100000
100001
100001
100001
100001
100001
100001
100002
100002
100002
100002
100002
100002
100002
100003
100003
100003
100003
100003
100003
100003
100004
100004
100004
100004
100004
100004
100004
100005
100005
100005
100005
100005
100005
100005
100006
100006
100006
100006
100006
100006
100006
100007
100007
100007
100007
100007
100007
100007
100008
100008
100008
100008
100008
100008
100008
100009
100028
100188
100295
100432
100554
100684
100807
100935
101060
101187
101312
101439
101565
101692
101818
101944
102071
102197
102323
102449
102575
102702
102828
102954
103080
103206
103332
103458
103584
103710
103836
103962
104088
104214
104340
104466
100000
100000
100000
100000
100001
100001
100001
100001
100001
100001
100002
100002
100002
100002
100002
100002
100002
100003
100003
100003
100003
100003
100003
100003
100004
100004
100004
100004
100004
100004
100004
100005
100005
100005
100005
100005
100005
100005
100006
100006
100006
100006
100006
100006
100006
100007
100007
100007
100007
100007
100007
100007
100008
100008
100008
100008
100008
100008
100008
100009
100023
100189
100293
100432
100552
100683
100807
100935
101059
101187
101312
101439
101565
101692
101818
101945
102071
102197
102324
102450
102576
102702
102828
102954
103080
103206
103332
103458
103584
103710
103836
103962
104088
104214
104340
104466
100000
100000
100000
100000
100001
100001
100001
100001
100001
100001
100002
100002
100002
100002
100002
100002
100002
100003
100003
100003
100003
100003
100003
100003
100004
100004
100004
100004
100004
100004
100004
100005
100005
100005
100005
100005
100005
100005
100006
100006
100006
100006
100006
100006
100006
100007
100007
100007
100007
100007
100007
100007
100008
100008
100008
100008
100008
100008
100008
100009
100020
100190
100291
100432
100551
100682
100806
100934
101059
101187
101312
101439
101565
101692
101818
101945
102071
102197
102324
102450
102576
102702
102828
102954
103080
103206
103332
103458
103584
103710
103836
103962
104088
104214
104340
104466
100000
100000
100000
100000
100001
100001
100001
100001
100001
100001
100002
100002
100002
100002
100002
100002
100002
100003
100003
100003
100003
100003
100003
100003
100004
100004
100004
100004
100004
100004
100004
100005
100005
100005
100005
100005
100005
100005
100006
100006
100006
100006
100006
100006
100006
100007
100007
100007
100007
100007
100007
100007
100008
100008
100008
100008
100008
100008
100008
100009
100019
100191
100292
100433
100551
100683
100805
100934
101059
101186
101312
101439
101565
101692
101818
101944
102071
102197
102323
102450
102576
102702
102828
102954
103080
103206
103332
103458
103584
103710
103836
103962
104088
104214
104340
104466
100000
100000
100000
100000
100001
100001
100001
100001
100001
100001
100002
100002
100002
100002
100002
100002
100002
100003
100003
100003
100003
100003
100003
100003
100004
100004
100004
100004
100004
100004
100004
100005
100005
100005
100005
100005
100005
100005
100006
100006
100006
100006
100006
100006
100006
100007
100007
100007
100007
100007
100007
100007
100008
100008
100008
100008
100008
100008
100008
100009
100022
100192
100292
100435
100553
100684
100806
100934
101059
101186
101312
101439
101565
101692
101818
101945
102071
102197
102323
102449
102576
102702
102828
102954
103080
103206
103332
103458
103584
103710
103836
103962
104088
104214
104340
104466
100000
100000
100000
100000
100001
100001
100001
100001
100001
100001
100002
100002
100002
100002
100002
100002
100002
100003
100003
100003
100003
100003
100003
100003
100004
100004
100004
100004
100004
100004
100004
100005
100005
100005
100005
100005
100005
100005
100006
100006
100006
100006
100006
100006
100006
100007
100007
100007
100007
100007
100007
100007
100008
100008
100008
100008
100008
100008
100008
100009
100024
100192
100294
100437
100556
100685
100808
100935
101059
101187
101312
101439
101565
101692
101818
101945
102071
102197
102323
102449
102576
102702
102828
102954
103080
103206
103332
103458
103584
103710
103836
103962
104088
104214
104340
104466
100000
100000
100000
100001
100001
100001
100001
100001
100001
100001
100002
100002
100002
100002
100002
100002
100002
100003
100003
100003
100003
100003
100003
100003
100004
100004
100004
100004
100004
100004
100004
100005
100005
100005
100005
100005
100005
100005
100006
100006
100006
100006
100006
100006
100006
100007
100007
100007
100007
100007
100007
100007
100008
100008
100008
100008
100008
100008
100008
100009
100024
100197
100301
100439
100559
100686
100809
100936
101060
101187
101312
101439
101565
101692
101819
101945
102071
102197
102323
102449
102576
102702
102828
102954
103080
103206
103332
103458
103584
103710
103836
103962
104088
104214
104340
104466
100000
100000
100000
100001
100001
100001
100001
100001
100001
100001
100002
100002
100002
100002
100002
100002
100002
100003
100003
100003
100003
100003
100003
100003
100004
100004
100004
100004
100004
100004
100004
100005
100005
100005
100005
100005
100005
100005
100006
100006
100006
100006
100006
100006
100006
100007
100007
100007
100007
100007
100007
100007
100008
100008
100008
100008
100008
100008
100008
100009
100033
100214
100317
100441
100561
100689
100812
100939
101063
101191
101315
101442
101568
101694
101820
101946
102072
102199
102325
102451
102578
102704
102830
102957
103083
103209
103335
103461
103587
103713
103839
103965
104091
104217
104343
104469
100000
100000
100000
100001
100001
100001
100001
100001
100001
100001
100002
100002
100002
100002
100002
100002
100002
100003
100003
100003
100003
100003
100003
100003
100004
100004
100004
100004
100004
100004
100004
100005
100005
100005
100005
100005
100005
100005
100006
100006
100006
100006
100006
100006
100006
100007
100007
100007
100007
100007
100007
100007
100008
100008
100008
100008
100008
100008
100008
100009
100025
100202
100309
100438
100559
100687
100810
100938
101062
101190
101315
101442
101567
101693
101819
101946
102072
102198
102324
102451
102577
102704
102830
102957
103083
103209
103335
103461
103587
103713
103839
103965
104091
104216
104342
104468
100000
100000
100000
100001
100001
100001
100001
100001
100001
100001
100002
100002
100002
100002
100002
100002
100002
100003
100003
100003
100003
100003
100003
100003
100004
100004
100004
100004
100004
100004
100004
100005
100005
100005
100005
100005
100005
100005
100006
100006
100006
100006
100006
100006
100006
100007
100007
100007
100007
100007
100007
100007
100008
100008
100008
100008
100008
100008
100008
100009
100025
100197
100307
100436
100558
100687
100810
100938
101063
101190
101315
101442
101567
101693
101819
101945
102072
102198
102324
102450
102577
102703
102830
102956
103082
103208
103335
103461
103587
103713
103838
103964
104090
104216
104342
104468
100000
100000
100000
100001
100001
100001
100001
100001
100001
100001
100002
100002
100002
100002
100002
100002
100002
100003
100003
100003
100003
100003
100003
100003
100004
100004
100004
100004
100004
100004
100004
100005
100005
100005
100005
100005
100005
100005
100006
100006
100006
100006
100006
100006
100006
100007
100007
100007
100007
100007
100007
100007
100008
100008
100008
100008
100008
100008
100008
100009
100032
100195
100306
100435
100557
100686
100810
100938
101062
101190
101315
101441
101567
101693
101819
101945
102071
102197
102324
102450
102577
102703
102829
102956
103082
103208
103334
103460
103586
103712
103838
103964
104090
104216
104342
104468
100000
100000
100000
100001
100001
100001
100001
100001
100001
100001
100002
100002
100002
100002
100002
100002
100002
100003
100003
100003
100003
100003
100003
100003
100004
100004
100004
100004
100004
100004
100004
100005
100005
100005
100005
100005
100005
100005
100006
100006
100006
100006
100006
100006
100006
100007
100007
100007
100007
100007
100007
100007
100008
100008
100008
100008
100008
100008
100008
100009
100040
100194
100306
100435
100557
100686
100810
100938
101062
101190
101315
101441
101567
101693
101819
101945
102071
102198
102324
102450
102577
102703
102829
102955
103082
103208
103334
103460
103586
103712
103838
103964
104090
104216
104342
104468
100000
100000
100000
100001
100001
100001
100001
100001
100001
100001
100002
100002
100002
100002
100002
100002
100002
100003
100003
100003
100003
100003
100003
100003
100004
100004
100004
100004
100004
100004
100004
100005
100005
100005
100005
100005
100005
100005
100006
100006
100006
100006
100006
100006
100006
100007
100007
100007
100007
100007
100007
100007
100008
100008
100008
100008
100008
100008
100008
100009
100045
100194
100305
100434
100557
100686
100809
100937
101062
101189
101314
101441
101567
101693
101819
101945
102071
102198
102324
102450
102576
102703
102829
102955
103081
103207
103334
103460
103586
103712
103838
103964
104089
104215
104341
104467
100000
100000
100000
100001
100001
100001
100001
100001
100001
100001
100002
100002
100002
100002
100002
100002
100002
100003
100003
100003
100003
100003
100003
100003
100004
100004
100004
100004
100004
100004
100004
100005
100005
100005
100005
100005
100005
100005
100006
100006
100006
100006
100006
100006
100006
100007
100007
100007
100007
100007
100007
100007
100008
100008
100008
100008
100008
100008
100008
100009
100045
100193
100304
100434
100556
100685
100809
100937
101062
101189
101314
101441
101567
101693
101819
101945
102071
102198
102324
102450
102576
102703
102829
102955
103081
103207
103333
103459
103585
103711
103837
103963
104089
104215
104341
104467
100000
100000
100000
100001
100001
100001
100001
100001
100001
100001
100002
100002
100002
100002
100002
100002
100002
100003
100003
100003
100003
100003
100003
100003
100004
100004
100004
100004
100004
100004
100004
100005
100005
100005
100005
100005
100005
100005
100006
100006
100006
100006
100006
100006
100006
100007
100007
100007
100007
100007
100007
100007
100008
100008
100008
100008
100008
100008
100008
100009
100038
100192
100303
100433
100556
100685
100809
100936
101061
101188
101314
101440
101566
101693
101819
101945
102071
102198
102324
102450
102576
102702
102829
102955
103081
103207
103333
103459
103585
103711
103837
103963
104089
104215
104340
104466
100000
100000
100000
100001
100001
100001
100001
100001
100001
100001
100002
100002
100002
100002
100002
100002
100002
100003
100003
100003
100003
100003
100003
100003
100004
100004
100004
100004
100004
100004
100004
100005
100005
100005
100005
100005
100005
100005
100006
100006
100006
100006
100006
100006
100006
100007
100007
100007
100007
100007
100007
100007
100008
100008
100008
100008
100008
100008
100008
100009
100030
100192
100302
100434
100556
100685
100808
100936
101060
101187
101313
101440
101565
101692
101818
101944
102071
102197
102323
102449
102576
102702
102828
102954
103080
103206
103332
103458
103584
103710
103836
103962
104088
104214
104340
104467
100000
100000
100000
100000
100001
100001
100001
100001
100001
100001
100002
100002
100002
100002
100002
100002
100002
100003
100003
100003
100003
100003
100003
100003
100004
100004
100004
100004
100004
100004
100004
100005
100005
100005
100005
100005
100005
100005
100006
100006
100006
100006
100006
100006
100006
100007
100007
100007
100007
100007
100007
100007
100008
100008
100008
100008
100008
100008
100008
100009
100022
100193
100301
100434
100556
100684
100807
100935
101060
101187
101313
101440
101565
101692
101818
101945
102071
102197
102323
102449
102576
102702
102828
102954
103080
103206
103332
103458
103584
103710
103836
103962
104088
104214
104340
104466
100000
100000
100000
100000
100001
100001
100001
100001
100001
100001
100002
100002
100002
100002
100002
100002
100002
100003
100003
100003
100003
100003
100003
100003
100004
100004
100004
100004
100004
100004
100004
100005
100005
100005
100005
100005
100005
100005
100006
100006
100006
100006
100006
100006
100006
100007
100007
100007
100007
100007
100007
100007
100008
100008
100008
100008
100008
100008
100008
100009
100018
100194
100301
100433
100555
100684
100807
100935
101060
101187
101313
101440
101565
101692
101818
101945
102071
102197
102324
102450
102576
102702
102828
102954
103080
103206
103332
103458
103584
103710
103836
103962
104088
104214
104340
104466
100000
100000
100000
100000
100001
100001
100001
100001
100001
100001
100002
100002
100002
100002
100002
100002
100002
100003
100003
100003
100003
100003
100003
100003
100004
100004
100004
100004
100004
100004
100004
100005
100005
100005
100005
100005
100005
100005
100006
100006
100006
100006
100006
100006
100006
100007
100007
100007
100007
100007
100007
100007
100008
100008
100008
100008
100008
100008
100008
100009
100016
100195
100301
100433
100554
100683
100806
100935
101059
101187
101312
101439
101565
101692
101818
101945
102071
102197
102324
102450
102576
102702
102828
102954
103080
103206
103332
103458
103584
103710
103836
103962
104088
104214
104340
104466
100000
100000
100000
100000
100001
100001
100001
100001
100001
100001
100002
100002
100002
100002
100002
100002
100002
100003
100003
100003
100003
100003
100003
100003
100004
100004
100004
100004
100004
100004
100004
100005
100005
100005
100005
100005
100005
100005
100006
100006
100006
100006
100006
100006
100006
100007
100007
100007
100007
100007
100007
100007
100008
100008
100008
100008
100008
100008
100008
100009
100017
100197
100301
100433
100554
100683
100806
100934
101059
101187
101312
101439
101565
101692
101818
101945
102071
102197
102323
102450
102576
102702
102828
102954
103080
103206
103332
103458
103584
103710
103836
103962
104088
104214
104340
104466
100000
100000
100000
100000
100001
100001
100001
100001
100001
100001
100002
100002
100002
100002
100002
100002
100002
100003
100003
100003
100003
100003
100003
100003
100004
100004
100004
100004
100004
100004
100004
100005
100005
100005
100005
100005
100005
100005
100006
100006
100006
100006
100006
100006
100006
100007
100007
100007
100007
100007
100007
100007
100008
100008
100008
100008
100008
100008
100008
100009
100018
100198
100302
100435
100556
100684
100807
100934
101059
101186
101312
101439
101565
101692
101818
101945
102071
102197
102323
102450
102576
102702
102828
102954
103080
103206
103332
103458
103584
103710
103836
103962
104088
104214
104340
104466
100000
100000
100000
100001
100001
100001
100001
100001
100001
100001
100002
100002
100002
100002
100002
100002
100002
100003
100003
100003
100003
100003
100003
100003
100004
100004
100004
100004
100004
100004
100004
100005
100005
100005
100005
100005
100005
100005
100006
100006
100006
100006
100006
100006
100006
100007
100007
100007
100007
100007
100007
100007
100008
100008
100008
100008
100008
100008
100008
100009
100021
100199
100303
100437
100558
100686
100808
100935
101060
101187
101312
101439
101565
101692
101818
101945
102071
102197
102323
102449
102576
102702
102828
102954
103080
103206
103332
103458
103584
103710
103836
103962
104088
104214
104340
104466
100000
100000
100000
100001
100001
100001
100001
100001
100001
100001
100002
100002
100002
100002
100002
100002
100002
100003
100003
100003
100003
100003
100003
100003
100004
100004
100004
100004
100004
100004
100004
100005
100005
100005
100005
100005
100005
100005
100006
100006
100006
100006
100006
100006
100006
100007
100007
100007
100007
100007
100007
100007
100008
100008
100008
100008
100008
100008
100008
100009
100022
100204
100308
100439
100560
100687
100810
100937
101060
101187
101313
101440
101565
101693
101819
101945
102071
102197
102323
102449
102576
102702
102828
102954
103080
103206
103332
103458
103584
103710
103836
103962
104088
104214
104340
104466
)
;

boundaryField
{
    outlet
    {
        type            calculated;
        value           uniform 100000;
    }
    inlet
    {
        type            calculated;
        value           uniform 104464;
    }
    walls
    {
        type            calculated;
        value           nonuniform List<scalar> 
3903
(
100000
100000
100000
100000
100000
100000
100001
100001
100001
100001
100001
100001
100001
100001
100001
100001
100001
100001
100001
100001
100002
100002
100002
100002
100002
100002
100002
100002
100002
100002
100002
100002
100002
100002
100003
100003
100003
100003
100003
100003
100003
100003
100003
100003
100003
100003
100003
100003
100004
100004
100004
100004
100004
100004
100004
100004
100004
100004
100004
100004
100004
100004
100005
100005
100005
100005
100005
100005
100005
100005
100005
100005
100005
100005
100005
100005
100006
100006
100006
100006
100006
100006
100006
100006
100006
100006
100006
100006
100006
100006
100007
100007
100007
100007
100007
100007
100007
100007
100007
100007
100007
100007
100007
100007
100008
100008
100008
100008
100008
100008
100008
100008
100008
100008
100008
100008
100008
100008
100009
100009
100033
100033
100214
100214
100316
100316
100440
100440
100561
100561
100689
100689
100812
100812
100940
100940
101064
101064
101191
101191
101316
101316
101443
101443
101568
101568
101694
101694
101820
101820
101947
101947
102073
102073
102199
102199
102325
102325
102452
102452
102578
102578
102705
102705
102831
102831
102957
102957
103083
103083
103209
103209
103335
103335
103461
103461
103587
103587
103713
103713
103839
103839
103965
103965
104091
104091
104217
104217
104343
104343
104469
104469
104532
100000
100000
100000
100001
100001
100001
100001
100001
100001
100001
100002
100002
100002
100002
100002
100002
100002
100003
100003
100003
100003
100003
100003
100003
100004
100004
100004
100004
100004
100004
100004
100005
100005
100005
100005
100005
100005
100005
100006
100006
100006
100006
100006
100006
100006
100007
100007
100007
100007
100007
100007
100007
100008
100008
100008
100008
100008
100008
100008
100009
100026
100202
100307
100438
100558
100687
100810
100938
101063
101190
101315
101442
101567
101694
101820
101946
102072
102199
102325
102452
102578
102704
102831
102957
103083
103209
103335
103461
103587
103713
103839
103965
104091
104217
104343
104469
104532
100000
100000
100000
100001
100001
100001
100001
100001
100001
100001
100002
100002
100002
100002
100002
100002
100002
100003
100003
100003
100003
100003
100003
100003
100004
100004
100004
100004
100004
100004
100004
100005
100005
100005
100005
100005
100005
100005
100006
100006
100006
100006
100006
100006
100006
100007
100007
100007
100007
100007
100007
100007
100008
100008
100008
100008
100008
100008
100008
100009
100027
100198
100305
100438
100558
100688
100811
100939
101063
101191
101316
101442
101568
101694
101820
101946
102072
102198
102325
102451
102578
102704
102830
102957
103083
103209
103335
103461
103587
103713
103839
103965
104091
104217
104343
104469
104532
100000
100000
100000
100001
100001
100001
100001
100001
100001
100001
100002
100002
100002
100002
100002
100002
100002
100003
100003
100003
100003
100003
100003
100003
100004
100004
100004
100004
100004
100004
100004
100005
100005
100005
100005
100005
100005
100005
100006
100006
100006
100006
100006
100006
100006
100007
100007
100007
100007
100007
100007
100007
100008
100008
100008
100008
100008
100008
100008
100009
100032
100196
100303
100438
100558
100687
100810
100938
101063
101190
101315
101442
101567
101694
101820
101946
102072
102198
102325
102451
102578
102704
102830
102956
103083
103209
103335
103461
103587
103713
103839
103965
104091
104217
104343
104469
104532
100000
100000
100000
100001
100001
100001
100001
100001
100001
100001
100002
100002
100002
100002
100002
100002
100002
100003
100003
100003
100003
100003
100003
100003
100004
100004
100004
100004
100004
100004
100004
100005
100005
100005
100005
100005
100005
100005
100006
100006
100006
100006
100006
100006
100006
100007
100007
100007
100007
100007
100007
100007
100008
100008
100008
100008
100008
100008
100008
100009
100039
100196
100305
100438
100559
100688
100811
100939
101063
101190
101315
101442
101568
101694
101820
101946
102072
102199
102325
102451
102578
102704
102830
102956
103082
103209
103335
103461
103587
103713
103839
103965
104091
104217
104343
104469
104531
100000
100000
100000
100001
100001
100001
100001
100001
100001
100001
100002
100002
100002
100002
100002
100002
100002
100003
100003
100003
100003
100003
100003
100003
100004
100004
100004
100004
100004
100004
100004
100005
100005
100005
100005
100005
100005
100005
100006
100006
100006
100006
100006
100006
100006
100007
100007
100007
100007
100007
100007
100007
100008
100008
100008
100008
100008
100008
100008
100009
100042
100195
100305
100438
100559
100687
100811
100938
101062
101190
101315
101442
101567
101694
101820
101946
102072
102199
102325
102451
102578
102704
102830
102956
103082
103209
103335
103461
103587
103713
103839
103965
104091
104217
104342
104468
104531
100000
100000
100000
100001
100001
100001
100001
100001
100001
100001
100002
100002
100002
100002
100002
100002
100002
100003
100003
100003
100003
100003
100003
100003
100004
100004
100004
100004
100004
100004
100004
100005
100005
100005
100005
100005
100005
100005
100006
100006
100006
100006
100006
100006
100006
100007
100007
100007
100007
100007
100007
100007
100008
100008
100008
100008
100008
100008
100008
100009
100044
100195
100307
100438
100559
100687
100810
100938
101062
101190
101315
101442
101567
101694
101820
101946
102073
102199
102325
102451
102578
102704
102830
102956
103082
103208
103335
103461
103587
103713
103839
103965
104090
104216
104342
104468
104531
100000
100000
100000
100001
100001
100001
100001
100001
100001
100001
100002
100002
100002
100002
100002
100002
100002
100003
100003
100003
100003
100003
100003
100003
100004
100004
100004
100004
100004
100004
100004
100005
100005
100005
100005
100005
100005
100005
100006
100006
100006
100006
100006
100006
100006
100007
100007
100007
100007
100007
100007
100007
100008
100008
100008
100008
100008
100008
100008
100009
100050
100196
100306
100437
100558
100686
100809
100937
101062
101189
101315
101442
101567
101694
101820
101946
102073
102199
102325
102451
102578
102704
102830
102956
103082
103208
103334
103460
103586
103712
103838
103964
104090
104216
104342
104468
104531
100000
100000
100000
100001
100001
100001
100001
100001
100001
100001
100002
100002
100002
100002
100002
100002
100002
100003
100003
100003
100003
100003
100003
100003
100004
100004
100004
100004
100004
100004
100004
100005
100005
100005
100005
100005
100005
100005
100006
100006
100006
100006
100006
100006
100006
100007
100007
100007
100007
100007
100007
100007
100008
100008
100008
100008
100008
100008
100008
100009
100042
100195
100303
100435
100556
100685
100808
100937
101061
101189
101314
101441
101567
101694
101820
101946
102072
102199
102325
102451
102577
102704
102830
102956
103082
103208
103334
103460
103586
103712
103838
103964
104090
104216
104342
104468
104531
100000
100000
100000
100001
100001
100001
100001
100001
100001
100001
100002
100002
100002
100002
100002
100002
100002
100003
100003
100003
100003
100003
100003
100003
100004
100004
100004
100004
100004
100004
100004
100005
100005
100005
100005
100005
100005
100005
100006
100006
100006
100006
100006
100006
100006
100007
100007
100007
100007
100007
100007
100007
100008
100008
100008
100008
100008
100008
100008
100009
100031
100195
100299
100434
100555
100684
100808
100936
101061
101188
101314
101441
101567
101693
101819
101946
102072
102198
102325
102451
102577
102703
102829
102955
103082
103208
103334
103460
103586
103712
103838
103964
104089
104215
104341
104467
104530
100000
100000
100000
100001
100001
100001
100001
100001
100001
100001
100002
100002
100002
100002
100002
100002
100002
100003
100003
100003
100003
100003
100003
100003
100004
100004
100004
100004
100004
100004
100004
100005
100005
100005
100005
100005
100005
100005
100006
100006
100006
100006
100006
100006
100006
100007
100007
100007
100007
100007
100007
100007
100008
100008
100008
100008
100008
100008
100008
100009
100023
100196
100297
100434
100554
100684
100808
100936
101061
101188
101313
101440
101566
101693
101819
101946
102072
102198
102324
102451
102577
102703
102829
102955
103081
103207
103333
103459
103585
103711
103837
103963
104089
104215
104341
104467
104530
100000
100000
100000
100001
100001
100001
100001
100001
100001
100001
100002
100002
100002
100002
100002
100002
100002
100003
100003
100003
100003
100003
100003
100003
100004
100004
100004
100004
100004
100004
100004
100005
100005
100005
100005
100005
100005
100005
100006
100006
100006
100006
100006
100006
100006
100007
100007
100007
100007
100007
100007
100007
100008
100008
100008
100008
100008
100008
100008
100009
100019
100196
100296
100433
100553
100684
100807
100936
101060
101188
101313
101440
101566
101693
101819
101945
102072
102198
102324
102450
102577
102703
102829
102955
103081
103207
103333
103459
103585
103711
103837
103963
104089
104215
104341
104467
104530
100000
100000
100000
100001
100001
100001
100001
100001
100001
100001
100002
100002
100002
100002
100002
100002
100002
100003
100003
100003
100003
100003
100003
100003
100004
100004
100004
100004
100004
100004
100004
100005
100005
100005
100005
100005
100005
100005
100006
100006
100006
100006
100006
100006
100006
100007
100007
100007
100007
100007
100007
100007
100008
100008
100008
100008
100008
100008
100008
100009
100019
100197
100296
100434
100554
100684
100807
100935
101060
101188
101313
101440
101566
101692
101819
101945
102071
102198
102324
102450
102576
102703
102829
102955
103081
103207
103333
103459
103585
103711
103837
103963
104089
104215
104340
104466
104529
100000
100000
100000
100001
100001
100001
100001
100001
100001
100001
100002
100002
100002
100002
100002
100002
100002
100003
100003
100003
100003
100003
100003
100003
100004
100004
100004
100004
100004
100004
100004
100005
100005
100005
100005
100005
100005
100005
100006
100006
100006
100006
100006
100006
100006
100007
100007
100007
100007
100007
100007
100007
100008
100008
100008
100008
100008
100008
100008
100009
100020
100197
100298
100438
100556
100685
100808
100936
101060
101188
101313
101440
101566
101692
101819
101945
102071
102198
102324
102450
102576
102702
102828
102954
103080
103206
103332
103458
103584
103710
103836
103962
104088
104214
104340
104466
104529
100000
100000
100000
100001
100001
100001
100001
100001
100001
100001
100002
100002
100002
100002
100002
100002
100002
100003
100003
100003
100003
100003
100003
100003
100004
100004
100004
100004
100004
100004
100004
100005
100005
100005
100005
100005
100005
100005
100006
100006
100006
100006
100006
100006
100006
100007
100007
100007
100007
100007
100007
100007
100008
100008
100008
100008
100008
100008
100008
100009
100020
100196
100295
100439
100557
100686
100808
100936
101061
101188
101313
101440
101566
101693
101819
101945
102072
102198
102324
102450
102576
102702
102828
102954
103080
103206
103332
103458
103584
103710
103836
103962
104088
104214
104340
104466
104529
100000
100000
100000
100000
100000
100000
100001
100001
100001
100001
100001
100001
100001
100001
100001
100001
100001
100001
100001
100001
100002
100002
100002
100002
100002
100002
100002
100002
100002
100002
100002
100002
100002
100002
100003
100003
100003
100003
100003
100003
100003
100003
100003
100003
100003
100003
100003
100003
100004
100004
100004
100004
100004
100004
100004
100004
100004
100004
100004
100004
100004
100004
100005
100005
100005
100005
100005
100005
100005
100005
100005
100005
100005
100005
100005
100005
100006
100006
100006
100006
100006
100006
100006
100006
100006
100006
100006
100006
100006
100006
100007
100007
100007
100007
100007
100007
100007
100007
100007
100007
100007
100007
100007
100007
100008
100008
100008
100008
100008
100008
100008
100008
100008
100008
100008
100008
100008
100008
100009
100009
100020
100020
100201
100201
100304
100304
100439
100439
100559
100559
100687
100687
100810
100810
100937
100937
101061
101061
101188
101188
101313
101313
101440
101440
101566
101566
101693
101693
101819
101819
101945
101945
102072
102072
102198
102198
102324
102324
102450
102450
102576
102576
102702
102702
102828
102828
102954
102954
103080
103080
103206
103206
103332
103332
103458
103458
103584
103584
103710
103710
103836
103836
103962
103962
104088
104088
104214
104214
104340
104340
104466
104466
104529
100000
100000
100000
100001
100001
100001
100001
100001
100001
100001
100002
100002
100002
100002
100002
100002
100002
100003
100003
100003
100003
100003
100003
100003
100004
100004
100004
100004
100004
100004
100004
100005
100005
100005
100005
100005
100005
100005
100006
100006
100006
100006
100006
100006
100006
100007
100007
100007
100007
100007
100007
100007
100008
100008
100008
100008
100008
100008
100008
100009
100026
100203
100310
100438
100560
100689
100812
100939
101063
101191
101316
101442
101568
101694
101820
101946
102072
102199
102325
102452
102578
102704
102831
102957
103083
103209
103335
103461
103587
103713
103839
103965
104091
104217
104343
104469
104532
104531
104531
104531
104531
104531
104530
104530
104529
104529
104529
104529
104529
104529
100000
100000
100000
100001
100001
100001
100001
100001
100001
100001
100002
100002
100002
100002
100002
100002
100002
100003
100003
100003
100003
100003
100003
100003
100004
100004
100004
100004
100004
100004
100004
100005
100005
100005
100005
100005
100005
100005
100006
100006
100006
100006
100006
100006
100006
100007
100007
100007
100007
100007
100007
100007
100008
100008
100008
100008
100008
100008
100008
100009
100022
100198
100301
100438
100558
100686
100809
100936
101060
101188
101313
101440
101565
101692
101819
101945
102071
102197
102323
102449
102576
102702
102828
102954
103080
103206
103332
103458
103584
103710
103836
103962
104088
104214
104340
104466
104529
100000
100000
100000
100001
100001
100001
100001
100001
100001
100001
100002
100002
100002
100002
100002
100002
100002
100003
100003
100003
100003
100003
100003
100003
100004
100004
100004
100004
100004
100004
100004
100005
100005
100005
100005
100005
100005
100005
100006
100006
100006
100006
100006
100006
100006
100007
100007
100007
100007
100007
100007
100007
100008
100008
100008
100008
100008
100008
100008
100009
100027
100203
100313
100439
100560
100689
100812
100940
101064
101191
101316
101442
101568
101694
101820
101946
102072
102199
102325
102452
102578
102704
102831
102957
103083
103209
103335
103461
103587
103713
103839
103965
104091
104217
104343
104468
104531
104531
104531
104531
104531
104530
104530
104529
104529
104529
104529
104529
104529
104529
104529
100000
100000
100000
100001
100001
100001
100001
100001
100001
100001
100002
100002
100002
100002
100002
100002
100002
100003
100003
100003
100003
100003
100003
100003
100004
100004
100004
100004
100004
100004
100004
100005
100005
100005
100005
100005
100005
100005
100006
100006
100006
100006
100006
100006
100006
100007
100007
100007
100007
100007
100007
100007
100008
100008
100008
100008
100008
100008
100008
100009
100024
100197
100301
100439
100559
100686
100809
100936
101060
101187
101312
101439
101565
101692
101819
101945
102071
102197
102323
102449
102576
102702
102828
102954
103080
103206
103332
103458
103584
103710
103836
103962
104088
104214
104340
104466
104529
100000
100000
100000
100000
100000
100000
100001
100001
100001
100001
100001
100001
100001
100001
100001
100001
100001
100001
100001
100001
100002
100002
100002
100002
100002
100002
100002
100002
100002
100002
100002
100002
100002
100002
100003
100003
100003
100003
100003
100003
100003
100003
100003
100003
100003
100003
100003
100003
100004
100004
100004
100004
100004
100004
100004
100004
100004
100004
100004
100004
100004
100004
100005
100005
100005
100005
100005
100005
100005
100005
100005
100005
100005
100005
100005
100005
100006
100006
100006
100006
100006
100006
100006
100006
100006
100006
100006
100006
100006
100006
100007
100007
100007
100007
100007
100007
100007
100007
100007
100007
100007
100007
100007
100007
100008
100008
100008
100008
100008
100008
100008
100008
100008
100008
100008
100008
100008
100008
100009
100009
100033
100033
100214
100214
100317
100317
100441
100441
100561
100561
100689
100689
100812
100812
100939
100939
101063
101063
101191
101191
101315
101315
101442
101442
101568
101568
101694
101694
101820
101820
101946
101946
102072
102072
102199
102199
102325
102325
102451
102451
102578
102578
102704
102704
102830
102830
102957
102957
103083
103083
103209
103209
103335
103335
103461
103461
103587
103587
103713
103713
103839
103839
103965
103965
104091
104091
104217
104217
104343
104343
104469
104469
104531
100000
100000
100000
100001
100001
100001
100001
100001
100001
100001
100002
100002
100002
100002
100002
100002
100002
100003
100003
100003
100003
100003
100003
100003
100004
100004
100004
100004
100004
100004
100004
100005
100005
100005
100005
100005
100005
100005
100006
100006
100006
100006
100006
100006
100006
100007
100007
100007
100007
100007
100007
100007
100008
100008
100008
100008
100008
100008
100008
100009
100025
100202
100309
100438
100559
100687
100810
100938
101062
101190
101315
101442
101567
101693
101819
101946
102072
102198
102324
102451
102577
102704
102830
102957
103083
103209
103335
103461
103587
103713
103839
103965
104091
104216
104342
104468
104531
100000
100000
100000
100001
100001
100001
100001
100001
100001
100001
100002
100002
100002
100002
100002
100002
100002
100003
100003
100003
100003
100003
100003
100003
100004
100004
100004
100004
100004
100004
100004
100005
100005
100005
100005
100005
100005
100005
100006
100006
100006
100006
100006
100006
100006
100007
100007
100007
100007
100007
100007
100007
100008
100008
100008
100008
100008
100008
100008
100009
100025
100197
100307
100436
100558
100687
100810
100938
101063
101190
101315
101442
101567
101693
101819
101945
102072
102198
102324
102450
102577
102703
102830
102956
103082
103208
103335
103461
103587
103713
103838
103964
104090
104216
104342
104468
104531
100000
100000
100000
100001
100001
100001
100001
100001
100001
100001
100002
100002
100002
100002
100002
100002
100002
100003
100003
100003
100003
100003
100003
100003
100004
100004
100004
100004
100004
100004
100004
100005
100005
100005
100005
100005
100005
100005
100006
100006
100006
100006
100006
100006
100006
100007
100007
100007
100007
100007
100007
100007
100008
100008
100008
100008
100008
100008
100008
100009
100032
100195
100306
100435
100557
100686
100810
100938
101062
101190
101315
101441
101567
101693
101819
101945
102071
102197
102324
102450
102577
102703
102829
102956
103082
103208
103334
103460
103586
103712
103838
103964
104090
104216
104342
104468
104531
100000
100000
100000
100001
100001
100001
100001
100001
100001
100001
100002
100002
100002
100002
100002
100002
100002
100003
100003
100003
100003
100003
100003
100003
100004
100004
100004
100004
100004
100004
100004
100005
100005
100005
100005
100005
100005
100005
100006
100006
100006
100006
100006
100006
100006
100007
100007
100007
100007
100007
100007
100007
100008
100008
100008
100008
100008
100008
100008
100009
100040
100194
100306
100435
100557
100686
100810
100938
101062
101190
101315
101441
101567
101693
101819
101945
102071
102198
102324
102450
102577
102703
102829
102955
103082
103208
103334
103460
103586
103712
103838
103964
104090
104216
104342
104468
104531
100000
100000
100000
100001
100001
100001
100001
100001
100001
100001
100002
100002
100002
100002
100002
100002
100002
100003
100003
100003
100003
100003
100003
100003
100004
100004
100004
100004
100004
100004
100004
100005
100005
100005
100005
100005
100005
100005
100006
100006
100006
100006
100006
100006
100006
100007
100007
100007
100007
100007
100007
100007
100008
100008
100008
100008
100008
100008
100008
100009
100045
100194
100305
100434
100557
100686
100809
100937
101062
101189
101314
101441
101567
101693
101819
101945
102071
102198
102324
102450
102576
102703
102829
102955
103081
103207
103334
103460
103586
103712
103838
103964
104089
104215
104341
104467
104530
100000
100000
100000
100001
100001
100001
100001
100001
100001
100001
100002
100002
100002
100002
100002
100002
100002
100003
100003
100003
100003
100003
100003
100003
100004
100004
100004
100004
100004
100004
100004
100005
100005
100005
100005
100005
100005
100005
100006
100006
100006
100006
100006
100006
100006
100007
100007
100007
100007
100007
100007
100007
100008
100008
100008
100008
100008
100008
100008
100009
100045
100193
100304
100434
100556
100685
100809
100937
101062
101189
101314
101441
101567
101693
101819
101945
102071
102198
102324
102450
102576
102703
102829
102955
103081
103207
103333
103459
103585
103711
103837
103963
104089
104215
104341
104467
104530
100000
100000
100000
100001
100001
100001
100001
100001
100001
100001
100002
100002
100002
100002
100002
100002
100002
100003
100003
100003
100003
100003
100003
100003
100004
100004
100004
100004
100004
100004
100004
100005
100005
100005
100005
100005
100005
100005
100006
100006
100006
100006
100006
100006
100006
100007
100007
100007
100007
100007
100007
100007
100008
100008
100008
100008
100008
100008
100008
100009
100038
100192
100303
100433
100556
100685
100809
100936
101061
101188
101314
101440
101566
101693
101819
101945
102071
102198
102324
102450
102576
102702
102829
102955
103081
103207
103333
103459
103585
103711
103837
103963
104089
104215
104340
104466
104529
100000
100000
100000
100001
100001
100001
100001
100001
100001
100001
100002
100002
100002
100002
100002
100002
100002
100003
100003
100003
100003
100003
100003
100003
100004
100004
100004
100004
100004
100004
100004
100005
100005
100005
100005
100005
100005
100005
100006
100006
100006
100006
100006
100006
100006
100007
100007
100007
100007
100007
100007
100007
100008
100008
100008
100008
100008
100008
100008
100009
100030
100192
100302
100434
100556
100685
100808
100936
101060
101187
101313
101440
101565
101692
101818
101944
102071
102197
102323
102449
102576
102702
102828
102954
103080
103206
103332
103458
103584
103710
103836
103962
104088
104214
104340
104467
104530
100000
100000
100000
100000
100001
100001
100001
100001
100001
100001
100002
100002
100002
100002
100002
100002
100002
100003
100003
100003
100003
100003
100003
100003
100004
100004
100004
100004
100004
100004
100004
100005
100005
100005
100005
100005
100005
100005
100006
100006
100006
100006
100006
100006
100006
100007
100007
100007
100007
100007
100007
100007
100008
100008
100008
100008
100008
100008
100008
100009
100022
100193
100301
100434
100556
100684
100807
100935
101060
101187
101313
101440
101565
101692
101818
101945
102071
102197
102323
102449
102576
102702
102828
102954
103080
103206
103332
103458
103584
103710
103836
103962
104088
104214
104340
104466
104529
100000
100000
100000
100000
100001
100001
100001
100001
100001
100001
100002
100002
100002
100002
100002
100002
100002
100003
100003
100003
100003
100003
100003
100003
100004
100004
100004
100004
100004
100004
100004
100005
100005
100005
100005
100005
100005
100005
100006
100006
100006
100006
100006
100006
100006
100007
100007
100007
100007
100007
100007
100007
100008
100008
100008
100008
100008
100008
100008
100009
100018
100194
100301
100433
100555
100684
100807
100935
101060
101187
101313
101440
101565
101692
101818
101945
102071
102197
102324
102450
102576
102702
102828
102954
103080
103206
103332
103458
103584
103710
103836
103962
104088
104214
104340
104466
104529
100000
100000
100000
100000
100001
100001
100001
100001
100001
100001
100002
100002
100002
100002
100002
100002
100002
100003
100003
100003
100003
100003
100003
100003
100004
100004
100004
100004
100004
100004
100004
100005
100005
100005
100005
100005
100005
100005
100006
100006
100006
100006
100006
100006
100006
100007
100007
100007
100007
100007
100007
100007
100008
100008
100008
100008
100008
100008
100008
100009
100016
100195
100301
100433
100554
100683
100806
100935
101059
101187
101312
101439
101565
101692
101818
101945
102071
102197
102324
102450
102576
102702
102828
102954
103080
103206
103332
103458
103584
103710
103836
103962
104088
104214
104340
104466
104529
100000
100000
100000
100000
100001
100001
100001
100001
100001
100001
100002
100002
100002
100002
100002
100002
100002
100003
100003
100003
100003
100003
100003
100003
100004
100004
100004
100004
100004
100004
100004
100005
100005
100005
100005
100005
100005
100005
100006
100006
100006
100006
100006
100006
100006
100007
100007
100007
100007
100007
100007
100007
100008
100008
100008
100008
100008
100008
100008
100009
100017
100197
100301
100433
100554
100683
100806
100934
101059
101187
101312
101439
101565
101692
101818
101945
102071
102197
102323
102450
102576
102702
102828
102954
103080
103206
103332
103458
103584
103710
103836
103962
104088
104214
104340
104466
104529
100000
100000
100000
100000
100001
100001
100001
100001
100001
100001
100002
100002
100002
100002
100002
100002
100002
100003
100003
100003
100003
100003
100003
100003
100004
100004
100004
100004
100004
100004
100004
100005
100005
100005
100005
100005
100005
100005
100006
100006
100006
100006
100006
100006
100006
100007
100007
100007
100007
100007
100007
100007
100008
100008
100008
100008
100008
100008
100008
100009
100018
100198
100302
100435
100556
100684
100807
100934
101059
101186
101312
101439
101565
101692
101818
101945
102071
102197
102323
102450
102576
102702
102828
102954
103080
103206
103332
103458
103584
103710
103836
103962
104088
104214
104340
104466
104529
100000
100000
100000
100001
100001
100001
100001
100001
100001
100001
100002
100002
100002
100002
100002
100002
100002
100003
100003
100003
100003
100003
100003
100003
100004
100004
100004
100004
100004
100004
100004
100005
100005
100005
100005
100005
100005
100005
100006
100006
100006
100006
100006
100006
100006
100007
100007
100007
100007
100007
100007
100007
100008
100008
100008
100008
100008
100008
100008
100009
100021
100199
100303
100437
100558
100686
100808
100935
101060
101187
101312
101439
101565
101692
101818
101945
102071
102197
102323
102449
102576
102702
102828
102954
103080
103206
103332
103458
103584
103710
103836
103962
104088
104214
104340
104466
104529
100000
100000
100000
100000
100000
100000
100001
100001
100001
100001
100001
100001
100001
100001
100001
100001
100001
100001
100001
100001
100002
100002
100002
100002
100002
100002
100002
100002
100002
100002
100002
100002
100002
100002
100003
100003
100003
100003
100003
100003
100003
100003
100003
100003
100003
100003
100003
100003
100004
100004
100004
100004
100004
100004
100004
100004
100004
100004
100004
100004
100004
100004
100005
100005
100005
100005
100005
100005
100005
100005
100005
100005
100005
100005
100005
100005
100006
100006
100006
100006
100006
100006
100006
100006
100006
100006
100006
100006
100006
100006
100007
100007
100007
100007
100007
100007
100007
100007
100007
100007
100007
100007
100007
100007
100008
100008
100008
100008
100008
100008
100008
100008
100008
100008
100008
100008
100008
100008
100009
100009
100022
100022
100204
100204
100308
100308
100439
100439
100560
100560
100687
100687
100810
100810
100937
100937
101060
101060
101187
101187
101313
101313
101440
101440
101565
101565
101693
101693
101819
101819
101945
101945
102071
102071
102197
102197
102323
102323
102449
102449
102576
102576
102702
102702
102828
102828
102954
102954
103080
103080
103206
103206
103332
103332
103458
103458
103584
103584
103710
103710
103836
103836
103962
103962
104088
104088
104214
104214
104340
104340
104466
104466
104529
)
;
    }
}


// ************************************************************************* //
