/*--------------------------------*- C++ -*----------------------------------*\
| =========                 |                                                 |
| \\      /  F ield         | OpenFOAM: The Open Source CFD Toolbox           |
|  \\    /   O peration     | Version:  2.3.0                                 |
|   \\  /    A nd           | Web:      www.OpenFOAM.org                      |
|    \\/     M anipulation  |                                                 |
\*---------------------------------------------------------------------------*/
FoamFile
{
    version     2.0;
    format      ascii;
    class       volScalarField;
    location    "7";
    object      w1;
}
// * * * * * * * * * * * * * * * * * * * * * * * * * * * * * * * * * * * * * //

dimensions      [0 0 0 0 0 0 0];

internalField   nonuniform List<scalar> 
6144
(
0.518788
0.518788
0.518788
0.518788
0.518788
0.518788
0.518788
0.518788
0.518788
0.518788
0.518788
0.518788
0.518788
0.518788
0.518788
0.518788
0.518788
0.518788
0.518788
0.518788
0.518788
0.518788
0.518788
0.518788
0.518788
0.518788
0.518788
0.518788
0.518788
0.518788
0.518788
0.518788
0.518788
0.518788
0.518788
0.518788
0.518788
0.518788
0.518788
0.518788
0.518788
0.518788
0.518788
0.518788
0.518788
0.518788
0.518788
0.518788
0.518788
0.518788
0.518788
0.518788
0.518788
0.518788
0.518788
0.518788
0.518785
0.51854
0.482802
0.493376
0.824639
0.998935
0.999994
0.999178
0.996489
0.992919
0.987195
0.965135
0.986499
0.985692
0.984573
0.984867
0.981237
0.979014
0.970488
0.863428
0.938921
0.951686
0.956915
0.967328
0.982672
0.981616
0.996909
0.997579
0.992309
0.952091
0.929266
0.136706
0.988627
0.99633
0.998472
0.999228
0.999521
0.999349
0.984047
0.999861
0.518788
0.518788
0.518788
0.518788
0.518788
0.518788
0.518788
0.518788
0.518788
0.518788
0.518788
0.518788
0.518788
0.518788
0.518788
0.518788
0.518788
0.518788
0.518788
0.518788
0.518788
0.518788
0.518788
0.518788
0.518788
0.518788
0.518788
0.518788
0.518788
0.518788
0.518788
0.518788
0.518788
0.518788
0.518788
0.518788
0.518788
0.518788
0.518788
0.518788
0.518788
0.518788
0.518788
0.518788
0.518788
0.518788
0.518788
0.518788
0.518788
0.518788
0.518788
0.518788
0.518788
0.518788
0.518788
0.518788
0.518783
0.517993
0.484397
0.472939
0.887908
0.999749
0.999993
0.999286
0.99912
0.993519
0.991828
0.983163
0.991718
0.99023
0.978326
0.917066
0.980144
0.990907
0.989798
0.953696
0.901175
0.960837
0.786689
0.810517
0.979182
0.962698
0.997491
0.997802
0.99087
0.831983
0.938787
0.0566143
0.988851
0.996759
0.998536
0.999234
0.999535
0.999414
0.988195
0.999863
0.518788
0.518788
0.518788
0.518788
0.518788
0.518788
0.518788
0.518788
0.518788
0.518788
0.518788
0.518788
0.518788
0.518788
0.518788
0.518788
0.518788
0.518788
0.518788
0.518788
0.518788
0.518788
0.518788
0.518788
0.518788
0.518788
0.518788
0.518788
0.518788
0.518788
0.518788
0.518788
0.518788
0.518788
0.518788
0.518788
0.518788
0.518788
0.518788
0.518788
0.518788
0.518788
0.518788
0.518788
0.518788
0.518788
0.518788
0.518788
0.518788
0.518788
0.518788
0.518788
0.518788
0.518788
0.518788
0.518788
0.518787
0.518833
0.509567
0.52277
0.16485
0.999992
0.999248
0.998973
0.998722
0.997896
0.997655
0.995345
0.992096
0.985098
0.093778
0.980634
0.992329
0.986381
0.983592
0.987995
0.973894
0.877409
0.720314
0.995864
0.997345
0.996777
0.994994
0.987584
0.9411
0.938887
0.931226
0.805792
0.988314
0.996692
0.998539
0.999216
0.999511
0.999357
0.141419
0.999862
0.518788
0.518788
0.518788
0.518788
0.518788
0.518788
0.518788
0.518788
0.518788
0.518788
0.518788
0.518788
0.518788
0.518788
0.518788
0.518788
0.518788
0.518788
0.518788
0.518788
0.518788
0.518788
0.518788
0.518788
0.518788
0.518788
0.518788
0.518788
0.518788
0.518788
0.518788
0.518788
0.518788
0.518788
0.518788
0.518788
0.518788
0.518788
0.518788
0.518788
0.518788
0.518788
0.518788
0.518788
0.518788
0.518788
0.518788
0.518788
0.518788
0.518788
0.518788
0.518788
0.518788
0.518788
0.518788
0.518788
0.518787
0.5187
0.484976
0.464708
0.307626
0.999892
0.999826
0.999795
0.998653
0.996336
0.998524
0.998941
0.998844
0.999196
0.999219
0.999588
0.999583
0.999618
0.999507
0.99923
0.99937
0.999516
0.995127
0.939522
0.976905
0.978611
0.991317
0.988828
0.955888
0.883842
0.822968
0.934464
0.992718
0.997141
0.998558
0.999206
0.99951
0.999408
0.991659
0.999862
0.518788
0.518788
0.518788
0.518788
0.518788
0.518788
0.518788
0.518788
0.518788
0.518788
0.518788
0.518788
0.518788
0.518788
0.518788
0.518788
0.518788
0.518788
0.518788
0.518788
0.518788
0.518788
0.518788
0.518788
0.518788
0.518788
0.518788
0.518788
0.518788
0.518788
0.518788
0.518788
0.518788
0.518788
0.518788
0.518788
0.518788
0.518788
0.518788
0.518788
0.518788
0.518788
0.518788
0.518788
0.518788
0.518788
0.518788
0.518788
0.518788
0.518788
0.518788
0.518788
0.518788
0.518788
0.518788
0.518788
0.518788
0.51879
0.518525
0.479849
0.944439
0.994742
0.99775
0.00166271
2.54008e-07
0.0116094
0.997085
0.994593
0.987696
0.998314
0.000276237
0.000862931
0.00307879
0.999889
0.999958
0.99984
0.999975
0.999988
0.999985
0.988657
0.972866
0.990592
0.989145
0.995671
0.99633
0.979851
0.960158
0.980722
0.994513
0.997264
0.998563
0.999225
0.999506
0.999264
0.980896
0.999865
0.518788
0.518788
0.518788
0.518788
0.518788
0.518788
0.518788
0.518788
0.518788
0.518788
0.518788
0.518788
0.518788
0.518788
0.518788
0.518788
0.518788
0.518788
0.518788
0.518788
0.518788
0.518788
0.518788
0.518788
0.518788
0.518788
0.518788
0.518788
0.518788
0.518788
0.518788
0.518788
0.518788
0.518788
0.518788
0.518788
0.518788
0.518788
0.518788
0.518788
0.518788
0.518788
0.518788
0.518788
0.518788
0.518788
0.518788
0.518788
0.518788
0.518788
0.518788
0.518788
0.518788
0.518788
0.518788
0.518788
0.518788
0.518788
0.518774
0.454312
0.933205
0.446289
0.0925184
0.0216707
0.146481
0.124213
0.911462
0.918378
0.217231
3.3666e-06
0.00961871
0.589682
9.67582e-06
0.142415
0.146494
0.0490074
0.829331
0.151017
0.960021
0.995207
0.992
0.998412
0.999866
0.999966
6.2298e-08
0.999986
0.999236
0.999276
0.998153
0.999344
0.999397
0.999655
0.998889
0.916447
0.991986
0.999839
0.518788
0.518788
0.518788
0.518788
0.518788
0.518788
0.518788
0.518788
0.518788
0.518788
0.518788
0.518788
0.518788
0.518788
0.518788
0.518788
0.518788
0.518788
0.518788
0.518788
0.518788
0.518788
0.518788
0.518788
0.518788
0.518788
0.518788
0.518788
0.518788
0.518788
0.518788
0.518788
0.518788
0.518788
0.518788
0.518788
0.518788
0.518788
0.518788
0.518788
0.518788
0.518788
0.518788
0.518788
0.518788
0.518788
0.518788
0.518788
0.518788
0.518788
0.518788
0.518788
0.518788
0.518788
0.518788
0.518788
0.518807
0.518092
0.523836
0.452817
0.882167
0.0996967
0.146754
0.00597862
0.00337065
0.00108627
0.0013381
0.313848
0.00138303
0.117277
0.0234372
9.15279e-05
0.36654
2.94814e-07
6.11566e-05
0.374992
0.794235
0.581264
0.763067
0.110148
5.47424e-08
0.379498
0.868381
0.00023092
0.181007
0.205763
0.116446
0.975721
0.998225
0.999409
0.99989
0.999986
0.999991
0.999758
0.999995
0.99998
0.518788
0.518788
0.518788
0.518788
0.518788
0.518788
0.518788
0.518788
0.518788
0.518788
0.518788
0.518788
0.518788
0.518788
0.518788
0.518788
0.518788
0.518788
0.518788
0.518788
0.518788
0.518788
0.518788
0.518788
0.518788
0.518788
0.518788
0.518788
0.518788
0.518788
0.518788
0.518788
0.518788
0.518788
0.518788
0.518788
0.518788
0.518788
0.518788
0.518788
0.518788
0.518788
0.518788
0.518788
0.518788
0.518788
0.518788
0.518788
0.518788
0.518788
0.518788
0.518788
0.518788
0.518788
0.518788
0.518788
0.518786
0.518963
0.51606
0.471433
0.784405
5.06793e-10
0.882899
0.590499
0.00185881
0.15582
0.243553
0.000292907
0.09826
0.611802
0.748282
0.381398
0.638173
0.381565
0.366202
0.303021
0.307821
0.812589
2.13533e-05
0.235833
0.561272
0.211637
0.689208
0.311591
0.326547
0.0186048
0.000277901
0.286629
3.11094e-07
0.816539
0.000560048
2.07398e-05
0.0441144
0.968506
0.000817394
0.999901
0.518788
0.518788
0.518788
0.518788
0.518788
0.518788
0.518788
0.518788
0.518788
0.518788
0.518788
0.518788
0.518788
0.518788
0.518788
0.518788
0.518788
0.518788
0.518788
0.518788
0.518788
0.518788
0.518788
0.518788
0.518788
0.518788
0.518788
0.518788
0.518788
0.518788
0.518788
0.518788
0.518788
0.518788
0.518788
0.518788
0.518788
0.518788
0.518788
0.518788
0.518788
0.518788
0.518788
0.518788
0.518788
0.518788
0.518788
0.518788
0.518788
0.518788
0.518788
0.518788
0.518788
0.518788
0.518788
0.518787
0.51883
0.519856
0.516262
0.46048
0.852258
0.000263082
0.333091
0.574896
0.748909
0.821088
0.444036
0.904508
0.870052
0.818447
0.968701
0.150755
0.150022
0.146205
0.139023
0.000369501
2.22076e-07
0.00278603
1.95949e-05
0.173358
0.724242
0.950192
0.937979
0.664031
0.927422
0.690181
0.964302
0.934983
0.708026
0.967508
0.301997
0.986674
0.963904
0.998023
0.99967
0.999991
0.518788
0.518788
0.518788
0.518788
0.518788
0.518788
0.518788
0.518788
0.518788
0.518788
0.518788
0.518788
0.518788
0.518788
0.518788
0.518788
0.518788
0.518788
0.518788
0.518788
0.518788
0.518788
0.518788
0.518788
0.518788
0.518788
0.518788
0.518788
0.518788
0.518788
0.518788
0.518788
0.518788
0.518788
0.518788
0.518788
0.518788
0.518788
0.518788
0.518788
0.518788
0.518788
0.518788
0.518788
0.518788
0.518788
0.518788
0.518788
0.518788
0.518788
0.518788
0.518788
0.518788
0.518788
0.518788
0.518788
0.518787
0.518819
0.517282
0.428174
0.970335
0.817858
0.170825
0.998993
0.998621
0.999897
0.999983
0.999992
0.999774
0.999514
0.998716
0.996767
0.975548
0.982931
2.37507e-05
0.999364
0.00123156
0.999611
0.999377
0.998489
1.19289e-12
0.997237
0.989321
0.999472
0.999758
0.999807
0.999843
0.999855
0.99984
0.999698
0.999664
0.99964
0.999578
0.998977
0.99868
0.999902
0.518788
0.518788
0.518788
0.518788
0.518788
0.518788
0.518788
0.518788
0.518788
0.518788
0.518788
0.518788
0.518788
0.518788
0.518788
0.518788
0.518788
0.518788
0.518788
0.518788
0.518788
0.518788
0.518788
0.518788
0.518788
0.518788
0.518788
0.518788
0.518788
0.518788
0.518788
0.518788
0.518788
0.518788
0.518788
0.518788
0.518788
0.518788
0.518788
0.518788
0.518788
0.518788
0.518788
0.518788
0.518788
0.518788
0.518788
0.518788
0.518788
0.518788
0.518788
0.518788
0.518788
0.518788
0.518788
0.518788
0.518788
0.521502
0.405676
0.433143
0.889034
0.999982
0.999993
0.999093
0.999827
0.99937
0.999742
0.995756
0.991813
0.982295
0.990814
0.98978
0.958173
0.977376
0.989264
0.991793
0.992676
0.990568
0.994528
0.99645
0.995991
0.991584
0.985777
0.977299
0.992708
0.98967
0.99614
0.997962
0.99871
0.999038
0.999185
0.999124
0.997892
0.992183
0.990049
0.99986
0.518788
0.518788
0.518788
0.518788
0.518788
0.518788
0.518788
0.518788
0.518788
0.518788
0.518788
0.518788
0.518788
0.518788
0.518788
0.518788
0.518788
0.518788
0.518788
0.518788
0.518788
0.518788
0.518788
0.518788
0.518788
0.518788
0.518788
0.518788
0.518788
0.518788
0.518788
0.518788
0.518788
0.518788
0.518788
0.518788
0.518788
0.518788
0.518788
0.518788
0.518788
0.518788
0.518788
0.518788
0.518788
0.518788
0.518788
0.518788
0.518788
0.518788
0.518788
0.518788
0.518788
0.518788
0.518788
0.518788
0.518786
0.518743
0.521731
0.543381
0.520391
0.999996
0.982605
0.997834
0.996311
0.999171
0.993629
0.995498
0.99628
0.988722
0.977949
0.992107
0.988893
0.894812
0.972094
0.987437
0.991145
0.988316
0.878907
0.977387
0.983431
0.997512
0.99743
0.993872
0.949295
0.990591
0.994242
0.997541
0.998582
0.999037
0.999238
0.999267
0.998446
0.942393
0.932209
0.999861
0.518788
0.518788
0.518788
0.518788
0.518788
0.518788
0.518788
0.518788
0.518788
0.518788
0.518788
0.518788
0.518788
0.518788
0.518788
0.518788
0.518788
0.518788
0.518788
0.518788
0.518788
0.518788
0.518788
0.518788
0.518788
0.518788
0.518788
0.518788
0.518788
0.518788
0.518788
0.518788
0.518788
0.518788
0.518788
0.518788
0.518788
0.518788
0.518788
0.518788
0.518788
0.518788
0.518788
0.518788
0.518788
0.518788
0.518788
0.518788
0.518788
0.518788
0.518788
0.518788
0.518788
0.518788
0.518788
0.518788
0.518785
0.518786
0.518722
0.464026
0.680173
0.999993
0.99872
0.997619
0.999003
0.999069
0.990203
0.996289
0.991829
0.983461
0.992252
0.994746
0.992178
0.968244
0.884197
0.972045
0.91245
0.988864
0.987152
0.981537
0.954782
0.821053
0.996574
0.99713
0.986908
0.98946
0.995538
0.997653
0.998635
0.999041
0.99923
0.999164
0.996897
0.995938
0.99725
0.999855
0.518788
0.518788
0.518788
0.518788
0.518788
0.518788
0.518788
0.518788
0.518788
0.518788
0.518788
0.518788
0.518788
0.518788
0.518788
0.518788
0.518788
0.518788
0.518788
0.518788
0.518788
0.518788
0.518788
0.518788
0.518788
0.518788
0.518788
0.518788
0.518788
0.518788
0.518788
0.518788
0.518788
0.518788
0.518788
0.518788
0.518788
0.518788
0.518788
0.518788
0.518788
0.518788
0.518788
0.518788
0.518788
0.518788
0.518788
0.518788
0.518788
0.518788
0.518788
0.518788
0.518788
0.518788
0.518788
0.518788
0.518784
0.518784
0.518699
0.429335
0.791399
0.999982
0.999994
0.999536
0.99934
0.99645
0.998181
0.994578
0.97008
0.987887
0.99226
0.991641
0.989725
0.989372
0.984552
0.952798
0.97371
0.993132
0.995353
0.992612
0.969186
0.988351
0.994468
0.997519
0.992838
0.990494
0.996371
0.998147
0.998845
0.999183
0.999352
0.999335
0.998558
0.991154
0.987598
0.99986
0.518788
0.518788
0.518788
0.518788
0.518788
0.518788
0.518788
0.518788
0.518788
0.518788
0.518788
0.518788
0.518788
0.518788
0.518788
0.518788
0.518788
0.518788
0.518788
0.518788
0.518788
0.518788
0.518788
0.518788
0.518788
0.518788
0.518788
0.518788
0.518788
0.518788
0.518788
0.518788
0.518788
0.518788
0.518788
0.518788
0.518788
0.518788
0.518788
0.518788
0.518788
0.518788
0.518788
0.518788
0.518788
0.518788
0.518788
0.518788
0.518788
0.518788
0.518788
0.518788
0.518788
0.518788
0.518788
0.518788
0.518783
0.518785
0.514447
0.395947
0.883235
0.998847
0.999994
0.999486
0.999157
0.995125
0.996518
0.97078
0.991539
0.99211
0.978369
0.937276
0.967376
0.88422
0.895246
0.945557
0.949828
0.989709
0.995
0.996842
0.995527
0.882669
0.991531
0.997694
0.996001
0.992194
0.996896
0.997993
0.998642
0.998982
0.999165
0.999106
0.997645
0.794518
0.993499
0.999866
0.518788
0.518788
0.518788
0.518788
0.518788
0.518788
0.518788
0.518788
0.518788
0.518788
0.518788
0.518788
0.518788
0.518788
0.518788
0.518788
0.518788
0.518788
0.518788
0.518788
0.518788
0.518788
0.518788
0.518788
0.518788
0.518788
0.518788
0.518788
0.518788
0.518788
0.518788
0.518788
0.518788
0.518788
0.518788
0.518788
0.518788
0.518788
0.518788
0.518788
0.518788
0.518788
0.518788
0.518788
0.518788
0.518788
0.518788
0.518788
0.518788
0.518788
0.518788
0.518788
0.518788
0.518788
0.518788
0.518788
0.518784
0.51874
0.499209
0.46161
0.800503
0.0285336
0.999993
0.999994
0.998174
0.965795
0.995909
0.996936
0.99565
0.993417
0.994657
0.995535
0.993482
0.98891
0.98032
0.94753
0.921194
0.975492
0.991959
0.995196
0.993322
0.991391
0.954655
0.997685
0.996878
0.947856
0.996976
0.998253
0.998653
0.998897
0.999024
0.998937
0.996369
0.99672
0.997272
0.999855
0.518788
0.518788
0.518788
0.518788
0.518788
0.518788
0.518788
0.518788
0.518788
0.518788
0.518788
0.518788
0.518788
0.518788
0.518788
0.518788
0.518788
0.518788
0.518788
0.518788
0.518788
0.518788
0.518788
0.518788
0.518788
0.518788
0.518788
0.518788
0.518788
0.518788
0.518788
0.518788
0.518788
0.518788
0.518788
0.518788
0.518788
0.518788
0.518788
0.518788
0.518788
0.518788
0.518788
0.518788
0.518788
0.518788
0.518788
0.518788
0.518788
0.518788
0.518788
0.518788
0.518788
0.518788
0.518788
0.518788
0.518787
0.516833
0.470154
0.478068
0.797649
0.996866
0.999991
0.999972
0.997551
0.991395
0.995233
0.991658
0.977305
0.880232
0.785682
0.782921
0.770301
0.943072
0.967069
0.882398
0.961463
0.840209
0.96815
0.968896
0.970158
0.867019
0.993385
0.954977
0.99313
0.996919
0.987047
0.829809
0.98767
0.997084
0.998639
0.999276
0.999539
0.999352
0.968663
0.999863
0.518788
0.518788
0.518788
0.518788
0.518788
0.518788
0.518788
0.518788
0.518788
0.518788
0.518788
0.518788
0.518788
0.518788
0.518788
0.518788
0.518788
0.518788
0.518788
0.518788
0.518788
0.518788
0.518788
0.518788
0.518788
0.518788
0.518788
0.518788
0.518788
0.518788
0.518788
0.518788
0.518788
0.518788
0.518788
0.518788
0.518788
0.518788
0.518788
0.518788
0.518788
0.518788
0.518788
0.518788
0.518788
0.518788
0.518788
0.518788
0.518788
0.518788
0.518788
0.518788
0.518788
0.518788
0.518788
0.518788
0.518786
0.518748
0.519052
0.469542
0.843381
0.999608
0.999994
0.999383
0.998902
0.997506
0.991597
0.994315
0.994459
0.992022
0.986398
0.877372
0.967424
0.9845
0.983523
0.89293
0.839782
0.943754
0.930228
0.969779
0.980524
0.952311
0.993928
0.984904
0.993691
0.99184
0.986624
0.985916
0.987041
0.996528
0.998502
0.999251
0.999551
0.999444
0.991913
0.999863
0.518788
0.518788
0.518788
0.518788
0.518788
0.518788
0.518788
0.518788
0.518788
0.518788
0.518788
0.518788
0.518788
0.518788
0.518788
0.518788
0.518788
0.518788
0.518788
0.518788
0.518788
0.518788
0.518788
0.518788
0.518788
0.518788
0.518788
0.518788
0.518788
0.518788
0.518788
0.518788
0.518788
0.518788
0.518788
0.518788
0.518788
0.518788
0.518788
0.518788
0.518788
0.518788
0.518788
0.518788
0.518788
0.518788
0.518788
0.518788
0.518788
0.518788
0.518788
0.518788
0.518788
0.518788
0.518788
0.518788
0.518787
0.518784
0.534613
0.440819
0.628188
0.999994
0.995136
0.997497
0.998775
0.997067
0.991098
0.975373
0.988104
0.983776
0.968989
0.989197
0.99084
0.976857
0.707678
0.000191924
0.957378
0.932369
0.986422
0.889359
0.989268
0.988788
0.992096
0.993391
0.961809
0.973327
0.968262
0.108668
0.950286
0.991659
0.998003
0.999174
0.999534
0.999445
0.987797
0.999861
0.518788
0.518788
0.518788
0.518788
0.518788
0.518788
0.518788
0.518788
0.518788
0.518788
0.518788
0.518788
0.518788
0.518788
0.518788
0.518788
0.518788
0.518788
0.518788
0.518788
0.518788
0.518788
0.518788
0.518788
0.518788
0.518788
0.518788
0.518788
0.518788
0.518788
0.518788
0.518788
0.518788
0.518788
0.518788
0.518788
0.518788
0.518788
0.518788
0.518788
0.518788
0.518788
0.518788
0.518788
0.518788
0.518788
0.518788
0.518788
0.518788
0.518788
0.518788
0.518788
0.518788
0.518788
0.518788
0.518788
0.518787
0.518795
0.517993
0.490074
0.279333
0.999499
0.99525
0.999991
0.999307
0.999507
0.998211
0.998152
0.998149
0.864042
0.998011
0.99911
0.999179
0.999176
0.998955
0.998295
0.998074
0.998546
0.999023
0.943083
0.969773
0.960641
0.970929
0.968372
0.993826
0.993125
0.990475
0.94733
0.987796
0.992153
0.99803
0.999143
0.999528
0.999511
0.996933
0.999863
0.518788
0.518788
0.518788
0.518788
0.518788
0.518788
0.518788
0.518788
0.518788
0.518788
0.518788
0.518788
0.518788
0.518788
0.518788
0.518788
0.518788
0.518788
0.518788
0.518788
0.518788
0.518788
0.518788
0.518788
0.518788
0.518788
0.518788
0.518788
0.518788
0.518788
0.518788
0.518788
0.518788
0.518788
0.518788
0.518788
0.518788
0.518788
0.518788
0.518788
0.518788
0.518788
0.518788
0.518788
0.518788
0.518788
0.518788
0.518788
0.518788
0.518788
0.518788
0.518788
0.518788
0.518788
0.518788
0.518788
0.518788
0.518773
0.51861
0.446885
0.853379
0.297148
0.00014464
0.438697
8.43396e-07
0.126029
0.994297
0.986149
0.994226
0.984228
0.991683
0.993038
0.997696
3.40175e-05
0.99828
0.886466
2.69442e-06
5.64327e-08
1.01385e-12
0.999985
0.993511
0.99269
0.967117
0.998905
0.99772
0.915495
0.953449
0.00245915
0.977684
0.992248
0.997781
0.999062
0.99949
0.999473
0.996045
0.99986
0.518788
0.518788
0.518788
0.518788
0.518788
0.518788
0.518788
0.518788
0.518788
0.518788
0.518788
0.518788
0.518788
0.518788
0.518788
0.518788
0.518788
0.518788
0.518788
0.518788
0.518788
0.518788
0.518788
0.518788
0.518788
0.518788
0.518788
0.518788
0.518788
0.518788
0.518788
0.518788
0.518788
0.518788
0.518788
0.518788
0.518788
0.518788
0.518788
0.518788
0.518788
0.518788
0.518788
0.518788
0.518788
0.518788
0.518788
0.518788
0.518788
0.518788
0.518788
0.518788
0.518788
0.518788
0.518787
0.518789
0.518789
0.518789
0.51879
0.410682
1.4587e-06
0.0768703
0.000170141
0.000435937
0.146446
0.146446
7.1243e-08
0.725278
1.45289e-05
0.437629
0.00614688
0.0194126
0.000820469
0.140041
0.563577
0.0021639
0.145431
0.14637
0.0557664
0.0826027
0.858231
0.988913
0.990198
0.999481
0.999989
0.999987
3.73362e-08
0.999454
0.999984
0.999304
0.999982
0.999203
0.999738
0.999856
0.999897
0.999946
0.518788
0.518788
0.518788
0.518788
0.518788
0.518788
0.518788
0.518788
0.518788
0.518788
0.518788
0.518788
0.518788
0.518788
0.518788
0.518788
0.518788
0.518788
0.518788
0.518788
0.518788
0.518788
0.518788
0.518788
0.518788
0.518788
0.518788
0.518788
0.518788
0.518788
0.518788
0.518788
0.518788
0.518788
0.518788
0.518788
0.518788
0.518788
0.518788
0.518788
0.518788
0.518788
0.518788
0.518788
0.518788
0.518788
0.518788
0.518788
0.518788
0.518788
0.518788
0.518788
0.518788
0.518788
0.518788
0.518788
0.518789
0.518836
0.509638
0.385528
0.861668
0.477389
0.000443947
0.505456
0.227372
0.000130635
0.612417
0.128114
0.536508
0.412354
0.734109
0.522059
0.544183
0.22218
0.758231
0.693443
0.254067
0.119981
0.000732826
0.000310995
0.301571
0.496706
0.0363248
0.187359
0.262047
0.168117
0.173081
0.954774
0.994256
0.99494
0.994798
0.995785
0.972443
0.973613
0.924904
0.982798
0.518788
0.518788
0.518788
0.518788
0.518788
0.518788
0.518788
0.518788
0.518788
0.518788
0.518788
0.518788
0.518788
0.518788
0.518788
0.518788
0.518788
0.518788
0.518788
0.518788
0.518788
0.518788
0.518788
0.518788
0.518788
0.518788
0.518788
0.518788
0.518788
0.518788
0.518788
0.518788
0.518788
0.518788
0.518788
0.518788
0.518788
0.518788
0.518788
0.518788
0.518788
0.518788
0.518788
0.518788
0.518788
0.518788
0.518788
0.518788
0.518788
0.518788
0.518788
0.518788
0.518788
0.518788
0.518788
0.518787
0.518781
0.518735
0.516267
0.369099
0.798826
0.000100294
0.0796498
0.245996
0.76217
0.209999
0.523156
0.676893
0.619109
0.268723
0.740949
0.515087
0.642467
0.380838
0.418126
0.599554
0.138472
0.620429
0.393843
0.697741
0.477072
0.557934
0.633053
0.0011304
0.0327878
0.000237918
0.0213951
0.563697
0.619762
0.483263
0.656119
0.589753
0.64555
0.000400093
0.598399
3.1679e-08
0.518788
0.518788
0.518788
0.518788
0.518788
0.518788
0.518788
0.518788
0.518788
0.518788
0.518788
0.518788
0.518788
0.518788
0.518788
0.518788
0.518788
0.518788
0.518788
0.518788
0.518788
0.518788
0.518788
0.518788
0.518788
0.518788
0.518788
0.518788
0.518788
0.518788
0.518788
0.518788
0.518788
0.518788
0.518788
0.518788
0.518788
0.518788
0.518788
0.518788
0.518788
0.518788
0.518788
0.518788
0.518788
0.518788
0.518788
0.518788
0.518788
0.518788
0.518788
0.518788
0.518788
0.518788
0.518788
0.518788
0.518786
0.51876
0.515794
0.439917
0.644641
0.000709285
3.549e-05
0.618882
0.0216466
0.000222526
0.559097
0.646792
0.525147
0.609334
0.289196
0.135855
0.57794
0.82413
0.348145
0.0373293
1.49187e-05
0.716288
0.517742
0.445049
0.475155
0.446953
0.832566
1.33232e-05
0.0632207
0.125491
0.47144
0.143704
0.143727
0.00284051
0.550612
0.605903
0.782547
0.85853
0.965864
0.999735
0.518788
0.518788
0.518788
0.518788
0.518788
0.518788
0.518788
0.518788
0.518788
0.518788
0.518788
0.518788
0.518788
0.518788
0.518788
0.518788
0.518788
0.518788
0.518788
0.518788
0.518788
0.518788
0.518788
0.518788
0.518788
0.518788
0.518788
0.518788
0.518788
0.518788
0.518788
0.518788
0.518788
0.518788
0.518788
0.518788
0.518788
0.518788
0.518788
0.518788
0.518788
0.518788
0.518788
0.518788
0.518788
0.518788
0.518788
0.518788
0.518788
0.518788
0.518788
0.518788
0.518788
0.518788
0.518788
0.518788
0.518787
0.518782
0.518842
0.444188
0.959421
0.97391
0.981885
0.992984
0.988427
0.994478
0.99526
0.996724
0.99686
0.994579
0.99495
0.987283
0.998003
0.994734
0.987445
0.989609
0.991363
0.991697
0.995233
0.995848
0.978529
0.993548
0.996182
0.98976
0.977999
0.992092
0.998828
0.999911
0.999987
0.999992
0.997505
0.999473
0.999453
0.999762
0.999746
0.999933
0.518788
0.518788
0.518788
0.518788
0.518788
0.518788
0.518788
0.518788
0.518788
0.518788
0.518788
0.518788
0.518788
0.518788
0.518788
0.518788
0.518788
0.518788
0.518788
0.518788
0.518788
0.518788
0.518788
0.518788
0.518788
0.518788
0.518788
0.518788
0.518788
0.518788
0.518788
0.518788
0.518788
0.518788
0.518788
0.518788
0.518788
0.518788
0.518788
0.518788
0.518788
0.518788
0.518788
0.518788
0.518788
0.518788
0.518788
0.518788
0.518788
0.518788
0.518788
0.518788
0.518788
0.518788
0.518788
0.518788
0.518786
0.518786
0.53489
0.409794
0.631456
0.999965
0.999067
0.999995
0.999844
0.999546
0.99922
0.999508
0.999494
0.999522
0.999297
0.998459
0.995741
0.998781
0.998775
0.997512
0.979252
0.995208
0.988334
0.961974
0.98511
0.995071
0.977274
0.998744
0.999402
0.999329
0.997285
0.997477
0.998647
0.999128
0.99931
0.999285
0.998589
0.994923
0.996769
0.999862
0.518788
0.518788
0.518788
0.518788
0.518788
0.518788
0.518788
0.518788
0.518788
0.518788
0.518788
0.518788
0.518788
0.518788
0.518788
0.518788
0.518788
0.518788
0.518788
0.518788
0.518788
0.518788
0.518788
0.518788
0.518788
0.518788
0.518788
0.518788
0.518788
0.518788
0.518788
0.518788
0.518788
0.518788
0.518788
0.518788
0.518788
0.518788
0.518788
0.518788
0.518788
0.518788
0.518788
0.518788
0.518788
0.518788
0.518788
0.518788
0.518788
0.518788
0.518788
0.518788
0.518788
0.518788
0.518788
0.518788
0.518786
0.518786
0.513158
0.473219
0.269509
1.12339e-07
0.99929
0.999023
0.998501
0.997412
0.995271
0.994548
0.985977
0.94861
0.981402
0.990821
0.988736
0.965437
0.922891
0.986635
0.990366
0.978032
0.94531
0.974939
0.786089
0.99589
0.995261
0.992043
0.991851
0.990628
0.99466
0.997427
0.998697
0.999144
0.999364
0.999407
0.998926
0.996832
0.997962
0.999875
0.518788
0.518788
0.518788
0.518788
0.518788
0.518788
0.518788
0.518788
0.518788
0.518788
0.518788
0.518788
0.518788
0.518788
0.518788
0.518788
0.518788
0.518788
0.518788
0.518788
0.518788
0.518788
0.518788
0.518788
0.518788
0.518788
0.518788
0.518788
0.518788
0.518788
0.518788
0.518788
0.518788
0.518788
0.518788
0.518788
0.518788
0.518788
0.518788
0.518788
0.518788
0.518788
0.518788
0.518788
0.518788
0.518788
0.518788
0.518788
0.518788
0.518788
0.518788
0.518788
0.518788
0.518788
0.518788
0.518788
0.518786
0.51879
0.518837
0.431991
0.636183
0.999709
0.999457
0.993164
0.998796
0.998035
0.99681
0.993465
0.992788
0.993959
0.994168
0.995121
0.993815
0.981827
0.976443
0.980249
0.984282
0.992238
0.99315
0.993036
0.991435
0.982833
0.989354
0.990857
0.0626375
0.989964
0.995203
0.997923
0.998743
0.999145
0.999352
0.999364
0.99865
0.995102
0.997442
0.999872
0.518788
0.518788
0.518788
0.518788
0.518788
0.518788
0.518788
0.518788
0.518788
0.518788
0.518788
0.518788
0.518788
0.518788
0.518788
0.518788
0.518788
0.518788
0.518788
0.518788
0.518788
0.518788
0.518788
0.518788
0.518788
0.518788
0.518788
0.518788
0.518788
0.518788
0.518788
0.518788
0.518788
0.518788
0.518788
0.518788
0.518788
0.518788
0.518788
0.518788
0.518788
0.518788
0.518788
0.518788
0.518788
0.518788
0.518788
0.518788
0.518788
0.518788
0.518788
0.518788
0.518788
0.518788
0.518788
0.518788
0.518784
0.518846
0.516804
0.466543
0.461608
0.999958
0.999448
0.999615
0.999006
0.995411
0.997346
0.991828
0.960909
0.9889
0.990716
0.98401
0.841711
0.0042188
0.966594
0.991092
0.99336
0.988222
0.974039
0.99257
0.974149
0.934414
0.994176
0.99557
0.986435
0.995741
0.9976
0.998417
0.998833
0.999092
0.999282
0.999318
0.998818
0.996531
0.996655
0.999868
0.518788
0.518788
0.518788
0.518788
0.518788
0.518788
0.518788
0.518788
0.518788
0.518788
0.518788
0.518788
0.518788
0.518788
0.518788
0.518788
0.518788
0.518788
0.518788
0.518788
0.518788
0.518788
0.518788
0.518788
0.518788
0.518788
0.518788
0.518788
0.518788
0.518788
0.518788
0.518788
0.518788
0.518788
0.518788
0.518788
0.518788
0.518788
0.518788
0.518788
0.518788
0.518788
0.518788
0.518788
0.518788
0.518788
0.518788
0.518788
0.518788
0.518788
0.518788
0.518788
0.518788
0.518788
0.518788
0.518788
0.518784
0.517847
0.474512
0.626379
0.404133
0.997938
0.999993
0.999425
0.999243
0.998686
0.985978
0.993625
0.995808
0.992311
0.878245
0.927475
0.947156
0.96712
0.966438
0.88123
0.877546
0.987022
0.993693
0.997719
0.997548
0.995284
0.996892
0.99771
0.990964
0.991328
0.998037
0.998773
0.999053
0.999224
0.99936
0.999396
0.999046
0.998023
0.997495
0.999868
0.518788
0.518788
0.518788
0.518788
0.518788
0.518788
0.518788
0.518788
0.518788
0.518788
0.518788
0.518788
0.518788
0.518788
0.518788
0.518788
0.518788
0.518788
0.518788
0.518788
0.518788
0.518788
0.518788
0.518788
0.518788
0.518788
0.518788
0.518788
0.518788
0.518788
0.518788
0.518788
0.518788
0.518788
0.518788
0.518788
0.518788
0.518788
0.518788
0.518788
0.518788
0.518788
0.518788
0.518788
0.518788
0.518788
0.518788
0.518788
0.518788
0.518788
0.518788
0.518788
0.518788
0.518788
0.518788
0.518788
0.518785
0.518565
0.509509
0.403511
0.80415
0.897179
0.999988
0.999995
0.998932
0.832634
0.967412
0.993718
0.992055
0.992203
0.99459
0.996072
0.995817
0.993531
0.974023
0.983437
0.987857
0.979452
0.744333
0.995401
0.994759
0.969951
0.992815
0.997206
0.995602
0.990509
0.997506
0.99855
0.998933
0.999106
0.999217
0.999241
0.99862
0.994707
0.996475
0.999869
0.518788
0.518788
0.518788
0.518788
0.518788
0.518788
0.518788
0.518788
0.518788
0.518788
0.518788
0.518788
0.518788
0.518788
0.518788
0.518788
0.518788
0.518788
0.518788
0.518788
0.518788
0.518788
0.518788
0.518788
0.518788
0.518788
0.518788
0.518788
0.518788
0.518788
0.518788
0.518788
0.518788
0.518788
0.518788
0.518788
0.518788
0.518788
0.518788
0.518788
0.518788
0.518788
0.518788
0.518788
0.518788
0.518788
0.518788
0.518788
0.518788
0.518788
0.518788
0.518788
0.518788
0.518788
0.518788
0.518788
0.518785
0.518776
0.518682
0.377683
0.832579
0.995343
0.999991
0.999992
0.998272
0.980974
0.110164
6.67702e-08
0.985365
0.990178
0.989942
0.986071
0.978167
0.968994
0.966857
0.953227
0.92144
0.888569
0.483224
0.702139
0.799828
0.932546
0.970336
0.949518
0.969133
0.991304
0.990332
0.997342
0.991922
0.995338
0.998476
0.999264
0.999549
0.999417
0.989809
0.999864
0.518788
0.518788
0.518788
0.518788
0.518788
0.518788
0.518788
0.518788
0.518788
0.518788
0.518788
0.518788
0.518788
0.518788
0.518788
0.518788
0.518788
0.518788
0.518788
0.518788
0.518788
0.518788
0.518788
0.518788
0.518788
0.518788
0.518788
0.518788
0.518788
0.518788
0.518788
0.518788
0.518788
0.518788
0.518788
0.518788
0.518788
0.518788
0.518788
0.518788
0.518788
0.518788
0.518788
0.518788
0.518788
0.518788
0.518788
0.518788
0.518788
0.518788
0.518788
0.518788
0.518788
0.518788
0.518788
0.518788
0.518786
0.518785
0.51554
0.455201
0.770362
0.960289
0.999993
0.99885
0.998637
0.996615
0.982144
0.986446
0.985524
0.847853
0.975514
0.978441
0.940249
0.967404
0.972658
0.985425
0.987408
0.977082
0.959682
0.887939
0.818941
0.892839
0.981339
0.993793
0.995365
0.976987
0.994171
0.996953
0.991019
0.994422
0.998366
0.999254
0.999567
0.999477
0.99482
0.999865
0.518788
0.518788
0.518788
0.518788
0.518788
0.518788
0.518788
0.518788
0.518788
0.518788
0.518788
0.518788
0.518788
0.518788
0.518788
0.518788
0.518788
0.518788
0.518788
0.518788
0.518788
0.518788
0.518788
0.518788
0.518788
0.518788
0.518788
0.518788
0.518788
0.518788
0.518788
0.518788
0.518788
0.518788
0.518788
0.518788
0.518788
0.518788
0.518788
0.518788
0.518788
0.518788
0.518788
0.518788
0.518788
0.518788
0.518788
0.518788
0.518788
0.518788
0.518788
0.518788
0.518788
0.518788
0.518788
0.518788
0.518787
0.518777
0.520375
0.442488
0.866373
0.999857
0.999993
0.999053
0.998425
0.997883
0.996223
0.98639
0.977249
0.948188
0.988365
0.993859
0.994812
0.994574
0.992605
0.990661
0.985761
0.978646
0.987692
0.985878
0.978563
0.984712
0.964376
0.965352
0.895226
0.984866
0.982145
0.996244
0.994135
0.988568
0.997898
0.999147
0.999534
0.999482
0.993775
0.999862
0.518788
0.518788
0.518788
0.518788
0.518788
0.518788
0.518788
0.518788
0.518788
0.518788
0.518788
0.518788
0.518788
0.518788
0.518788
0.518788
0.518788
0.518788
0.518788
0.518788
0.518788
0.518788
0.518788
0.518788
0.518788
0.518788
0.518788
0.518788
0.518788
0.518788
0.518788
0.518788
0.518788
0.518788
0.518788
0.518788
0.518788
0.518788
0.518788
0.518788
0.518788
0.518788
0.518788
0.518788
0.518788
0.518788
0.518788
0.518788
0.518788
0.518788
0.518788
0.518788
0.518788
0.518788
0.518788
0.518788
0.518787
0.518771
0.520638
0.468452
0.702805
0.999967
0.999993
0.999522
0.999825
0.999654
0.999623
0.999571
0.980534
0.999296
0.999224
0.998633
0.991936
0.989146
0.99539
0.994998
0.996048
0.994229
0.99316
0.990422
0.984344
0.972364
0.915242
0.866301
0.981957
0.961381
0.990869
0.995861
0.986564
0.992051
0.998042
0.999195
0.999545
0.999511
0.996421
0.999864
0.518788
0.518788
0.518788
0.518788
0.518788
0.518788
0.518788
0.518788
0.518788
0.518788
0.518788
0.518788
0.518788
0.518788
0.518788
0.518788
0.518788
0.518788
0.518788
0.518788
0.518788
0.518788
0.518788
0.518788
0.518788
0.518788
0.518788
0.518788
0.518788
0.518788
0.518788
0.518788
0.518788
0.518788
0.518788
0.518788
0.518788
0.518788
0.518788
0.518788
0.518788
0.518788
0.518788
0.518788
0.518788
0.518788
0.518788
0.518788
0.518788
0.518788
0.518788
0.518788
0.518788
0.518788
0.518788
0.518788
0.518786
0.518788
0.519991
0.464161
0.010116
0.995276
0.921232
0.994771
0.993323
0.999497
0.999924
0.999988
0.999977
0.99999
0.99995
0.999985
0.999992
0.999976
0.999985
0.999967
0.999987
0.99943
0.999153
0.998737
0.998765
0.998975
0.999454
0.995161
0.988275
0.915647
0.992209
0.993065
0.890934
0.995042
0.998109
0.999182
0.999559
0.999489
0.988077
0.999861
0.518788
0.518788
0.518788
0.518788
0.518788
0.518788
0.518788
0.518788
0.518788
0.518788
0.518788
0.518788
0.518788
0.518788
0.518788
0.518788
0.518788
0.518788
0.518788
0.518788
0.518788
0.518788
0.518788
0.518788
0.518788
0.518788
0.518788
0.518788
0.518788
0.518788
0.518788
0.518788
0.518788
0.518788
0.518788
0.518788
0.518788
0.518788
0.518788
0.518788
0.518788
0.518788
0.518788
0.518788
0.518788
0.518788
0.518788
0.518788
0.518788
0.518788
0.518788
0.518788
0.518788
0.518788
0.518788
0.518787
0.518789
0.518837
0.591596
0.417899
0.0112433
0.000384318
0.952114
0.957836
0.913869
0.942747
0.965495
0.997104
0.934434
0.997253
0.965135
0.936789
0.935363
0.982604
0.960082
0.558424
0.995971
2.19064e-06
0.961288
0.864119
0.999715
0.999914
0.99999
0.999987
0.999189
0.998973
0.999282
0.999061
0.998455
0.998534
0.998746
0.999595
0.99978
0.999878
0.999857
0.999941
0.518788
0.518788
0.518788
0.518788
0.518788
0.518788
0.518788
0.518788
0.518788
0.518788
0.518788
0.518788
0.518788
0.518788
0.518788
0.518788
0.518788
0.518788
0.518788
0.518788
0.518788
0.518788
0.518788
0.518788
0.518788
0.518788
0.518788
0.518788
0.518788
0.518788
0.518788
0.518788
0.518788
0.518788
0.518788
0.518788
0.518788
0.518788
0.518788
0.518788
0.518788
0.518788
0.518788
0.518788
0.518788
0.518788
0.518788
0.518788
0.518788
0.518788
0.518788
0.518788
0.518788
0.518788
0.518788
0.518788
0.518789
0.518804
0.519027
0.434877
0.926871
0.741879
0.655402
0.658279
0.315516
0.76018
0.663087
0.145451
0.00468905
0.752473
0.00197172
0.0208094
0.907927
0.661488
0.905505
0.881957
0.967384
0.614906
0.214263
0.267663
0.000167141
0.0188914
0.000204155
0.000741958
6.86633e-05
0.988568
0.953774
0.988845
0.996439
0.995794
0.996095
0.972368
0.997616
0.998352
0.995344
0.999921
0.518788
0.518788
0.518788
0.518788
0.518788
0.518788
0.518788
0.518788
0.518788
0.518788
0.518788
0.518788
0.518788
0.518788
0.518788
0.518788
0.518788
0.518788
0.518788
0.518788
0.518788
0.518788
0.518788
0.518788
0.518788
0.518788
0.518788
0.518788
0.518788
0.518788
0.518788
0.518788
0.518788
0.518788
0.518788
0.518788
0.518788
0.518788
0.518788
0.518788
0.518788
0.518788
0.518788
0.518788
0.518788
0.518788
0.518788
0.518788
0.518788
0.518788
0.518788
0.518788
0.518788
0.518788
0.518788
0.518788
0.518791
0.518829
0.545854
0.401859
0.000551618
0.799382
0.584893
0.0899195
0.0275227
0.0243764
0.523688
0.00845332
0.0608626
3.57432e-06
0.764548
0.00400504
0.60008
0.0164575
9.59585e-05
0.63786
0.0717591
0.00126557
0.103753
0.144208
0.612293
0.000141267
0.000724803
0.0680781
1.17467e-05
0.330561
0.000518893
0.887585
0.962585
0.994547
0.999228
1.70041e-11
3.25706e-09
6.13519e-06
6.43545e-06
0.9908
0.518788
0.518788
0.518788
0.518788
0.518788
0.518788
0.518788
0.518788
0.518788
0.518788
0.518788
0.518788
0.518788
0.518788
0.518788
0.518788
0.518788
0.518788
0.518788
0.518788
0.518788
0.518788
0.518788
0.518788
0.518788
0.518788
0.518788
0.518788
0.518788
0.518788
0.518788
0.518788
0.518788
0.518788
0.518788
0.518788
0.518788
0.518788
0.518788
0.518788
0.518788
0.518788
0.518788
0.518788
0.518788
0.518788
0.518788
0.518788
0.518788
0.518788
0.518788
0.518788
0.518788
0.518788
0.518788
0.518787
0.518788
0.518805
0.577156
0.456602
0.826001
0.0419333
0.850856
0.941589
0.0188577
0.225534
5.67864e-07
0.998688
0.983099
0.994208
0.999697
0.142478
0.00758732
0.956962
0.963328
0.998803
0.995442
0.991072
0.944933
6.7118e-05
0.489783
0.00149953
0.59583
0.973164
0.937408
0.951353
0.957852
0.975071
0.954758
0.880539
0.893935
0.977755
0.958863
0.970909
0.983439
0.999729
0.518788
0.518788
0.518788
0.518788
0.518788
0.518788
0.518788
0.518788
0.518788
0.518788
0.518788
0.518788
0.518788
0.518788
0.518788
0.518788
0.518788
0.518788
0.518788
0.518788
0.518788
0.518788
0.518788
0.518788
0.518788
0.518788
0.518788
0.518788
0.518788
0.518788
0.518788
0.518788
0.518788
0.518788
0.518788
0.518788
0.518788
0.518788
0.518788
0.518788
0.518788
0.518788
0.518788
0.518788
0.518788
0.518788
0.518788
0.518788
0.518788
0.518788
0.518788
0.518788
0.518788
0.518788
0.518788
0.518788
0.518786
0.518789
0.516985
0.486522
0.872504
0.998795
0.997632
0.999815
0.999984
0.999992
0.999993
0.999986
0.999777
0.999989
0.999992
0.999991
0.999984
0.999663
0.999985
0.999992
0.99999
0.999988
0.999958
0.998919
0.999547
0.999886
0.999986
0.999993
0.999682
0.99971
0.999984
0.99999
0.999959
0.999538
0.999458
0.999926
0.999988
0.999946
0.99999
0.999995
0.518788
0.518788
0.518788
0.518788
0.518788
0.518788
0.518788
0.518788
0.518788
0.518788
0.518788
0.518788
0.518788
0.518788
0.518788
0.518788
0.518788
0.518788
0.518788
0.518788
0.518788
0.518788
0.518788
0.518788
0.518788
0.518788
0.518788
0.518788
0.518788
0.518788
0.518788
0.518788
0.518788
0.518788
0.518788
0.518788
0.518788
0.518788
0.518788
0.518788
0.518788
0.518788
0.518788
0.518788
0.518788
0.518788
0.518788
0.518788
0.518788
0.518788
0.518788
0.518788
0.518788
0.518788
0.518788
0.518788
0.518788
0.518747
0.52045
0.381289
0.664231
0.999995
0.998428
0.999873
0.999809
0.997955
0.991082
0.99902
0.999271
0.999029
0.980304
0.990279
0.997499
0.997195
0.980172
0.985849
0.983723
0.998444
0.998107
0.998531
0.999294
0.999451
0.998591
0.994836
0.994058
0.9799
0.994845
0.99811
0.999205
0.999322
0.999603
0.999792
0.999863
0.99461
0.999815
0.999802
0.518788
0.518788
0.518788
0.518788
0.518788
0.518788
0.518788
0.518788
0.518788
0.518788
0.518788
0.518788
0.518788
0.518788
0.518788
0.518788
0.518788
0.518788
0.518788
0.518788
0.518788
0.518788
0.518788
0.518788
0.518788
0.518788
0.518788
0.518788
0.518788
0.518788
0.518788
0.518788
0.518788
0.518788
0.518788
0.518788
0.518788
0.518788
0.518788
0.518788
0.518788
0.518788
0.518788
0.518788
0.518788
0.518788
0.518788
0.518788
0.518788
0.518788
0.518788
0.518788
0.518788
0.518788
0.518788
0.518788
0.518786
0.518699
0.50835
0.435388
0.713821
0.999994
0.999775
0.996534
0.997291
0.998736
0.797567
0.984626
0.860032
0.971171
0.940038
0.928965
0.902315
0.944151
0.945998
0.978199
0.970907
0.973823
0.967386
0.979258
0.993332
0.953379
0.996072
0.996245
0.981742
0.990001
0.991286
0.995743
0.998558
0.999098
0.999259
0.999205
0.99804
0.984228
0.993756
0.999863
0.518788
0.518788
0.518788
0.518788
0.518788
0.518788
0.518788
0.518788
0.518788
0.518788
0.518788
0.518788
0.518788
0.518788
0.518788
0.518788
0.518788
0.518788
0.518788
0.518788
0.518788
0.518788
0.518788
0.518788
0.518788
0.518788
0.518788
0.518788
0.518788
0.518788
0.518788
0.518788
0.518788
0.518788
0.518788
0.518788
0.518788
0.518788
0.518788
0.518788
0.518788
0.518788
0.518788
0.518788
0.518788
0.518788
0.518788
0.518788
0.518788
0.518788
0.518788
0.518788
0.518788
0.518788
0.518788
0.518787
0.518787
0.518779
0.519111
0.454995
0.361313
0.999985
0.99989
0.999112
0.998472
0.998894
0.98565
0.990511
0.987041
0.990691
0.990524
0.989964
0.9822
0.653933
0.975204
0.97162
0.983308
0.983317
0.960977
0.0964438
0.897899
0.993504
0.784749
0.996945
0.995778
0.984223
0.988589
0.996862
0.998598
0.99912
0.999336
0.999343
0.99844
0.994508
0.998207
0.99985
0.518788
0.518788
0.518788
0.518788
0.518788
0.518788
0.518788
0.518788
0.518788
0.518788
0.518788
0.518788
0.518788
0.518788
0.518788
0.518788
0.518788
0.518788
0.518788
0.518788
0.518788
0.518788
0.518788
0.518788
0.518788
0.518788
0.518788
0.518788
0.518788
0.518788
0.518788
0.518788
0.518788
0.518788
0.518788
0.518788
0.518788
0.518788
0.518788
0.518788
0.518788
0.518788
0.518788
0.518788
0.518788
0.518788
0.518788
0.518788
0.518788
0.518788
0.518788
0.518788
0.518788
0.518788
0.518788
0.518789
0.518783
0.518812
0.51799
0.507079
0.559836
0.999555
0.999993
0.999453
0.998882
0.998526
0.998668
0.996104
0.991898
0.976693
0.975407
0.978484
0.986848
0.992179
0.983593
0.987126
0.988566
0.00933416
0.973402
0.987633
0.995973
0.996796
0.9916
0.996116
0.996218
0.986716
0.99584
0.997819
0.998737
0.999101
0.999265
0.999321
0.998806
0.973628
0.99301
0.999856
0.518788
0.518788
0.518788
0.518788
0.518788
0.518788
0.518788
0.518788
0.518788
0.518788
0.518788
0.518788
0.518788
0.518788
0.518788
0.518788
0.518788
0.518788
0.518788
0.518788
0.518788
0.518788
0.518788
0.518788
0.518788
0.518788
0.518788
0.518788
0.518788
0.518788
0.518788
0.518788
0.518788
0.518788
0.518788
0.518788
0.518788
0.518788
0.518788
0.518788
0.518788
0.518788
0.518788
0.518788
0.518788
0.518788
0.518788
0.518788
0.518788
0.518788
0.518788
0.518788
0.518788
0.518788
0.518788
0.518788
0.518782
0.518585
0.418102
0.435412
0.824759
0.991035
0.999989
0.999991
0.998599
0.988587
0.998032
0.996809
0.966941
0.95245
0.955348
0.991708
0.991169
0.987809
0.949172
0.993961
0.991929
0.977598
0.997269
0.998099
0.98721
0.991633
0.981345
0.996642
0.996834
0.988833
0.994581
0.997853
0.99873
0.999039
0.999189
0.999221
0.99842
0.979356
0.972598
0.999864
0.518788
0.518788
0.518788
0.518788
0.518788
0.518788
0.518788
0.518788
0.518788
0.518788
0.518788
0.518788
0.518788
0.518788
0.518788
0.518788
0.518788
0.518788
0.518788
0.518788
0.518788
0.518788
0.518788
0.518788
0.518788
0.518788
0.518788
0.518788
0.518788
0.518788
0.518788
0.518788
0.518788
0.518788
0.518788
0.518788
0.518788
0.518788
0.518788
0.518788
0.518788
0.518788
0.518788
0.518788
0.518788
0.518788
0.518788
0.518788
0.518788
0.518788
0.518788
0.518788
0.518788
0.518788
0.518788
0.518788
0.518784
0.517555
0.516098
0.447552
0.729503
0.00675895
0.999988
0.999995
0.999134
0.997414
0.992325
0.994969
0.99302
0.99042
0.99385
0.996048
0.995618
0.994865
0.983193
0.878524
0.952376
0.941341
0.993813
0.996593
0.980303
0.996875
0.993254
0.996719
0.995109
0.989577
0.996733
0.998321
0.998864
0.999108
0.999238
0.999271
0.998699
0.981316
0.98267
0.999861
0.518788
0.518788
0.518788
0.518788
0.518788
0.518788
0.518788
0.518788
0.518788
0.518788
0.518788
0.518788
0.518788
0.518788
0.518788
0.518788
0.518788
0.518788
0.518788
0.518788
0.518788
0.518788
0.518788
0.518788
0.518788
0.518788
0.518788
0.518788
0.518788
0.518788
0.518788
0.518788
0.518788
0.518788
0.518788
0.518788
0.518788
0.518788
0.518788
0.518788
0.518788
0.518788
0.518788
0.518788
0.518788
0.518788
0.518788
0.518788
0.518788
0.518788
0.518788
0.518788
0.518788
0.518788
0.518788
0.518788
0.518785
0.518735
0.505808
0.391947
0.893504
0.997544
0.999993
0.999982
0.998608
0.993659
0.989197
0.986705
0.948237
0.985162
0.979593
0.946056
0.913714
0.943683
0.970335
0.975882
0.967226
0.948281
0.963242
0.980325
0.984213
0.980859
0.975572
0.964069
0.940352
0.979279
0.996136
0.996559
0.96857
0.995885
0.998435
0.999256
0.999535
0.99934
0.992359
0.99986
0.518788
0.518788
0.518788
0.518788
0.518788
0.518788
0.518788
0.518788
0.518788
0.518788
0.518788
0.518788
0.518788
0.518788
0.518788
0.518788
0.518788
0.518788
0.518788
0.518788
0.518788
0.518788
0.518788
0.518788
0.518788
0.518788
0.518788
0.518788
0.518788
0.518788
0.518788
0.518788
0.518788
0.518788
0.518788
0.518788
0.518788
0.518788
0.518788
0.518788
0.518788
0.518788
0.518788
0.518788
0.518788
0.518788
0.518788
0.518788
0.518788
0.518788
0.518788
0.518788
0.518788
0.518788
0.518788
0.518788
0.518768
0.517856
0.487461
0.47673
0.781623
0.99662
0.999992
0.988155
0.992334
0.997299
0.996353
0.992154
0.967613
0.958495
0.934131
0.970401
0.986069
0.985663
0.960343
0.9556
0.98252
0.98832
0.989961
0.986468
0.983421
0.964954
0.928276
0.98229
0.991254
0.993956
0.995946
0.996091
0.984374
0.995918
0.99854
0.999274
0.999552
0.999408
0.974469
0.999862
0.518788
0.518788
0.518788
0.518788
0.518788
0.518788
0.518788
0.518788
0.518788
0.518788
0.518788
0.518788
0.518788
0.518788
0.518788
0.518788
0.518788
0.518788
0.518788
0.518788
0.518788
0.518788
0.518788
0.518788
0.518788
0.518788
0.518788
0.518788
0.518788
0.518788
0.518788
0.518788
0.518788
0.518788
0.518788
0.518788
0.518788
0.518788
0.518788
0.518788
0.518788
0.518788
0.518788
0.518788
0.518788
0.518788
0.518788
0.518788
0.518788
0.518788
0.518788
0.518788
0.518788
0.518788
0.518788
0.518788
0.518786
0.518768
0.519691
0.45282
0.801031
0.998829
0.999994
0.999403
0.995926
0.997881
0.998274
0.995667
0.990058
0.969013
0.983315
0.960326
0.971793
0.797133
0.977621
0.970391
0.97576
0.976388
0.846718
0.966268
0.986106
0.982855
0.984092
0.987333
0.984765
0.977586
0.99318
0.995892
0.990209
0.994615
0.998326
0.999243
0.999557
0.999418
0.974785
0.999861
0.518788
0.518788
0.518788
0.518788
0.518788
0.518788
0.518788
0.518788
0.518788
0.518788
0.518788
0.518788
0.518788
0.518788
0.518788
0.518788
0.518788
0.518788
0.518788
0.518788
0.518788
0.518788
0.518788
0.518788
0.518788
0.518788
0.518788
0.518788
0.518788
0.518788
0.518788
0.518788
0.518788
0.518788
0.518788
0.518788
0.518788
0.518788
0.518788
0.518788
0.518788
0.518788
0.518788
0.518788
0.518788
0.518788
0.518788
0.518788
0.518788
0.518788
0.518788
0.518788
0.518788
0.518788
0.518788
0.518788
0.518787
0.518797
0.475042
0.530879
0.526092
0.997729
0.999994
0.998642
0.996508
0.566762
0.995717
0.98469
0.95814
0.988818
0.992302
0.994604
0.995818
0.995022
0.985719
0.893241
0.944987
0.975632
0.985981
0.98907
0.988657
0.988969
0.991137
0.987046
0.95422
0.979411
0.99492
0.996523
0.989981
0.995192
0.998369
0.999232
0.999544
0.999453
0.993275
0.999864
0.518788
0.518788
0.518788
0.518788
0.518788
0.518788
0.518788
0.518788
0.518788
0.518788
0.518788
0.518788
0.518788
0.518788
0.518788
0.518788
0.518788
0.518788
0.518788
0.518788
0.518788
0.518788
0.518788
0.518788
0.518788
0.518788
0.518788
0.518788
0.518788
0.518788
0.518788
0.518788
0.518788
0.518788
0.518788
0.518788
0.518788
0.518788
0.518788
0.518788
0.518788
0.518788
0.518788
0.518788
0.518788
0.518788
0.518788
0.518788
0.518788
0.518788
0.518788
0.518788
0.518788
0.518788
0.518788
0.518788
0.518786
0.518803
0.518167
0.446734
0.789596
0.998584
0.999992
0.99997
0.999764
0.999663
0.999418
0.999418
0.999619
0.999339
0.999191
0.998609
0.986601
0.830245
0.994145
0.997027
0.844935
0.960909
0.521757
0.984058
0.988161
0.988996
0.991208
0.991596
0.989381
0.931643
0.993565
0.994287
0.769883
0.995391
0.998417
0.999247
0.999552
0.999443
0.943416
0.99986
0.518788
0.518788
0.518788
0.518788
0.518788
0.518788
0.518788
0.518788
0.518788
0.518788
0.518788
0.518788
0.518788
0.518788
0.518788
0.518788
0.518788
0.518788
0.518788
0.518788
0.518788
0.518788
0.518788
0.518788
0.518788
0.518788
0.518788
0.518788
0.518788
0.518788
0.518788
0.518788
0.518788
0.518788
0.518788
0.518788
0.518788
0.518788
0.518788
0.518788
0.518788
0.518788
0.518788
0.518788
0.518788
0.518788
0.518788
0.518788
0.518788
0.518788
0.518788
0.518788
0.518788
0.518788
0.518788
0.518788
0.518787
0.518997
0.512352
0.502839
0.0662491
0.94305
0.999439
0.999439
0.997416
0.998351
0.99983
0.99996
0.999991
0.999991
0.998867
0.999216
0.999104
0.999442
0.999466
0.999483
0.999458
0.999423
0.999326
0.999342
0.999295
0.999237
0.999158
0.996442
0.995384
0.996348
0.996013
0.990579
0.975988
0.996268
0.998332
0.999207
0.999552
0.999483
0.997317
0.99987
0.518788
0.518788
0.518788
0.518788
0.518788
0.518788
0.518788
0.518788
0.518788
0.518788
0.518788
0.518788
0.518788
0.518788
0.518788
0.518788
0.518788
0.518788
0.518788
0.518788
0.518788
0.518788
0.518788
0.518788
0.518788
0.518788
0.518788
0.518788
0.518788
0.518788
0.518788
0.518788
0.518788
0.518788
0.518788
0.518788
0.518788
0.518788
0.518788
0.518788
0.518788
0.518788
0.518788
0.518788
0.518788
0.518788
0.518788
0.518788
0.518788
0.518788
0.518788
0.518788
0.518788
0.518788
0.518788
0.518788
0.518769
0.51774
0.538823
0.465543
0.441147
0.994169
0.999687
0.999857
0.99999
0.999935
0.999985
0.000268423
0.999992
0.999615
0.999764
0.999741
0.999601
0.999669
0.999611
0.999488
0.999468
0.999182
0.999578
0.999719
0.999644
0.999812
0.999582
0.998776
0.997449
0.986235
0.995345
0.995834
0.99577
0.995602
0.995319
0.998577
0.999239
0.929375
0.999452
0.999745
0.518788
0.518788
0.518788
0.518788
0.518788
0.518788
0.518788
0.518788
0.518788
0.518788
0.518788
0.518788
0.518788
0.518788
0.518788
0.518788
0.518788
0.518788
0.518788
0.518788
0.518788
0.518788
0.518788
0.518788
0.518788
0.518788
0.518788
0.518788
0.518788
0.518788
0.518788
0.518788
0.518788
0.518788
0.518788
0.518788
0.518788
0.518788
0.518788
0.518788
0.518788
0.518788
0.518788
0.518788
0.518788
0.518788
0.518788
0.518788
0.518788
0.518788
0.518788
0.518788
0.518788
0.518788
0.518788
0.518788
0.518786
0.518665
0.486784
0.481997
0.569754
0.999584
1.1255e-09
0.999742
0.999683
0.998918
1.05032e-06
6.58757e-08
0.973024
0.000209161
0.998688
0.995741
0.979184
0.998472
0.998768
1.08722e-06
5.33789e-10
9.82743e-07
3.08739e-05
2.83259e-08
0.9996
0.999548
0.99965
0.999723
0.9993
5.31991e-05
0.996686
0.999661
0.99947
0.999513
0.999629
0.993132
0.999011
0.999896
0.999978
0.999973
0.518788
0.518788
0.518788
0.518788
0.518788
0.518788
0.518788
0.518788
0.518788
0.518788
0.518788
0.518788
0.518788
0.518788
0.518788
0.518788
0.518788
0.518788
0.518788
0.518788
0.518788
0.518788
0.518788
0.518788
0.518788
0.518788
0.518788
0.518788
0.518788
0.518788
0.518788
0.518788
0.518788
0.518788
0.518788
0.518788
0.518788
0.518788
0.518788
0.518788
0.518788
0.518788
0.518788
0.518788
0.518788
0.518788
0.518788
0.518788
0.518788
0.518788
0.518788
0.518788
0.518788
0.518788
0.518788
0.518788
0.518786
0.518794
0.503475
0.477742
0.372255
0.99473
0.999997
0.997088
0.999017
0.99857
0.994388
0.99811
0.996788
0.998495
0.99921
0.99918
0.998909
0.998606
0.997202
0.963739
0.995744
0.998404
0.999046
0.999354
0.999405
0.999327
0.998958
0.999031
0.99922
0.998477
0.998415
0.998824
0.998776
0.91636
0.998625
0.998822
0.99898
0.999218
0.999872
0.999935
0.518788
0.518788
0.518788
0.518788
0.518788
0.518788
0.518788
0.518788
0.518788
0.518788
0.518788
0.518788
0.518788
0.518788
0.518788
0.518788
0.518788
0.518788
0.518788
0.518788
0.518788
0.518788
0.518788
0.518788
0.518788
0.518788
0.518788
0.518788
0.518788
0.518788
0.518788
0.518788
0.518788
0.518788
0.518788
0.518788
0.518788
0.518788
0.518788
0.518788
0.518788
0.518788
0.518788
0.518788
0.518788
0.518788
0.518788
0.518788
0.518788
0.518788
0.518788
0.518788
0.518788
0.518788
0.518788
0.518788
0.518784
0.518928
0.521402
0.414008
0.841268
0.00297543
0.999996
0.999421
0.999718
0.999012
0.998945
0.999202
0.999077
0.998804
0.994674
0.990462
0.998771
0.998914
0.999028
0.898272
0.979674
0.999128
0.999003
0.997886
0.998069
0.9993
0.999084
0.995992
0.996127
0.995187
0.993138
0.999695
0.999614
0.999636
0.999546
0.999475
0.999297
0.998706
0.999635
0.999906
0.518788
0.518788
0.518788
0.518788
0.518788
0.518788
0.518788
0.518788
0.518788
0.518788
0.518788
0.518788
0.518788
0.518788
0.518788
0.518788
0.518788
0.518788
0.518788
0.518788
0.518788
0.518788
0.518788
0.518788
0.518788
0.518788
0.518788
0.518788
0.518788
0.518788
0.518788
0.518788
0.518788
0.518788
0.518788
0.518788
0.518788
0.518788
0.518788
0.518788
0.518788
0.518788
0.518788
0.518788
0.518788
0.518788
0.518788
0.518788
0.518788
0.518788
0.518788
0.518788
0.518788
0.518788
0.518788
0.518788
0.518787
0.518571
0.531649
0.57567
0.16931
0.995636
0.999994
0.998784
0.999308
0.998759
0.992955
0.496526
0.923977
0.946284
0.945736
0.90064
0.732868
0.969738
0.927024
0.910225
0.792262
0.910702
0.964093
0.981867
0.989386
0.991289
0.985108
0.9639
0.993713
0.997377
0.998181
0.998041
0.99791
0.998213
0.998247
0.99852
0.998647
0.996466
0.950556
0.99986
0.518788
0.518788
0.518788
0.518788
0.518788
0.518788
0.518788
0.518788
0.518788
0.518788
0.518788
0.518788
0.518788
0.518788
0.518788
0.518788
0.518788
0.518788
0.518788
0.518788
0.518788
0.518788
0.518788
0.518788
0.518788
0.518788
0.518788
0.518788
0.518788
0.518788
0.518788
0.518788
0.518788
0.518788
0.518788
0.518788
0.518788
0.518788
0.518788
0.518788
0.518788
0.518788
0.518788
0.518788
0.518788
0.518788
0.518788
0.518788
0.518788
0.518788
0.518788
0.518788
0.518788
0.518788
0.518788
0.518788
0.518786
0.518776
0.518239
0.476074
0.556988
0.990437
0.999991
0.999978
0.99916
0.998998
0.993466
0.991471
0.984839
0.967094
0.981796
0.974339
0.96893
0.727246
0.957714
0.956535
0.977772
0.978905
0.983236
0.963566
0.954998
0.993103
0.995129
0.991701
0.973489
0.971505
0.984725
0.99708
0.99882
0.999176
0.99915
0.999048
0.99866
0.995011
0.964105
0.999861
0.518788
0.518788
0.518788
0.518788
0.518788
0.518788
0.518788
0.518788
0.518788
0.518788
0.518788
0.518788
0.518788
0.518788
0.518788
0.518788
0.518788
0.518788
0.518788
0.518788
0.518788
0.518788
0.518788
0.518788
0.518788
0.518788
0.518788
0.518788
0.518788
0.518788
0.518788
0.518788
0.518788
0.518788
0.518788
0.518788
0.518788
0.518788
0.518788
0.518788
0.518788
0.518788
0.518788
0.518788
0.518788
0.518788
0.518788
0.518788
0.518788
0.518788
0.518788
0.518788
0.518788
0.518788
0.518788
0.518788
0.518784
0.518081
0.517838
0.452943
0.719035
0.994913
0.999991
0.999979
0.996711
0.998626
0.986449
0.133055
0.863404
0.974551
0.982369
0.983993
0.991086
0.98646
0.972715
0.963769
0.988255
0.992616
0.993805
0.990371
0.973582
0.987174
0.994513
0.994537
0.979142
0.984376
0.981053
0.995041
0.998386
0.999111
0.999344
0.999317
0.998116
0.988673
0.780894
0.999863
0.518788
0.518788
0.518788
0.518788
0.518788
0.518788
0.518788
0.518788
0.518788
0.518788
0.518788
0.518788
0.518788
0.518788
0.518788
0.518788
0.518788
0.518788
0.518788
0.518788
0.518788
0.518788
0.518788
0.518788
0.518788
0.518788
0.518788
0.518788
0.518788
0.518788
0.518788
0.518788
0.518788
0.518788
0.518788
0.518788
0.518788
0.518788
0.518788
0.518788
0.518788
0.518788
0.518788
0.518788
0.518788
0.518788
0.518788
0.518788
0.518788
0.518788
0.518788
0.518788
0.518788
0.518788
0.518788
0.518788
0.518785
0.518726
0.501588
0.461269
0.706539
0.968166
0.999991
0.999994
0.998836
0.999236
0.998999
0.994263
0.96125
0.982436
0.974629
0.984787
0.977686
0.681159
0.143143
0.968638
0.854759
0.980666
0.846509
0.971557
0.981674
0.979317
0.993062
0.995073
0.988225
0.989787
0.995177
0.997506
0.998761
0.999185
0.999364
0.999404
0.998869
0.936243
0.978905
0.999862
0.518788
0.518788
0.518788
0.518788
0.518788
0.518788
0.518788
0.518788
0.518788
0.518788
0.518788
0.518788
0.518788
0.518788
0.518788
0.518788
0.518788
0.518788
0.518788
0.518788
0.518788
0.518788
0.518788
0.518788
0.518788
0.518788
0.518788
0.518788
0.518788
0.518788
0.518788
0.518788
0.518788
0.518788
0.518788
0.518788
0.518788
0.518788
0.518788
0.518788
0.518788
0.518788
0.518788
0.518788
0.518788
0.518788
0.518788
0.518788
0.518788
0.518788
0.518788
0.518788
0.518788
0.518788
0.518788
0.518788
0.518782
0.518671
0.490004
0.46778
0.718509
0.987633
0.999992
0.999995
0.996629
0.995321
0.956965
0.963915
0.978603
0.990295
0.981193
0.960208
0.993938
0.995165
0.992801
0.997539
0.996325
0.970258
0.997527
0.997828
0.995894
0.138901
0.99619
0.995703
0.992215
0.908333
0.993502
0.997458
0.99872
0.999118
0.999275
0.999335
0.998952
0.995533
0.994826
0.999865
0.518788
0.518788
0.518788
0.518788
0.518788
0.518788
0.518788
0.518788
0.518788
0.518788
0.518788
0.518788
0.518788
0.518788
0.518788
0.518788
0.518788
0.518788
0.518788
0.518788
0.518788
0.518788
0.518788
0.518788
0.518788
0.518788
0.518788
0.518788
0.518788
0.518788
0.518788
0.518788
0.518788
0.518788
0.518788
0.518788
0.518788
0.518788
0.518788
0.518788
0.518788
0.518788
0.518788
0.518788
0.518788
0.518788
0.518788
0.518788
0.518788
0.518788
0.518788
0.518788
0.518788
0.518788
0.518788
0.518788
0.518784
0.518685
0.518149
0.267884
2.97861e-07
9.85769e-09
0.999994
0.999989
0.999324
0.998671
0.996629
0.995697
0.994703
0.994597
0.995179
0.995319
0.996569
0.995235
0.761673
0.127124
0.927017
0.995358
0.998335
0.997211
0.993825
0.980944
0.990964
0.994803
0.986652
0.96254
0.993212
0.997503
0.99868
0.999063
0.999196
0.999183
0.998128
0.99403
0.994205
0.999859
)
;

boundaryField
{
    outlet
    {
        type            zeroGradient;
    }
    inlet
    {
        type            fixedValue;
        value           uniform 0.02;
    }
    walls
    {
        type            zeroGradient;
    }
}


// ************************************************************************* //
