/*--------------------------------*- C++ -*----------------------------------*\
| =========                 |                                                 |
| \\      /  F ield         | OpenFOAM: The Open Source CFD Toolbox           |
|  \\    /   O peration     | Version:  2.3.0                                 |
|   \\  /    A nd           | Web:      www.OpenFOAM.org                      |
|    \\/     M anipulation  |                                                 |
\*---------------------------------------------------------------------------*/
FoamFile
{
    version     2.0;
    format      ascii;
    class       volScalarField;
    location    "30";
    object      rho;
}
// * * * * * * * * * * * * * * * * * * * * * * * * * * * * * * * * * * * * * //

dimensions      [1 -3 0 0 0 0 0];

internalField   nonuniform List<scalar> 
6144
(
1.16402
1.16491
1.16534
1.16578
1.16625
1.16679
1.16736
1.16825
1.1688
1.16888
1.16889
1.16889
1.1689
1.1689
1.1689
1.16891
1.16891
1.16891
1.16891
1.16891
1.16891
1.16891
1.16892
1.16892
1.16892
1.16892
1.16892
1.16892
1.16892
1.16893
1.16893
1.16893
1.16893
1.16893
1.16893
1.16894
1.16893
1.16894
1.16894
1.16894
1.16894
1.16894
1.16894
1.16895
1.16894
1.16895
1.16894
1.16897
1.16897
1.16918
1.17166
1.19038
1.21986
1.23091
1.23745
1.28801
1.42029
1.83311
3.40144
88.3849
1006.06
1027.03
1027.09
1027.1
1027.1
1027.1
1027.1
1027.1
1027.1
1027.1
1027.1
1027.1
1027.1
1027.1
1027.1
1027.1
1027.1
1027.1
1027.1
1027.1
1027.1
1027.1
1027.1
1027.1
1027.1
1027.1
1027.1
1027.1
1027.1
1027.1
1027.1
1027.1
1027.1
1027.1
1027.1
1027.1
1.16361
1.16475
1.16549
1.16601
1.16657
1.16708
1.16773
1.16843
1.16883
1.16888
1.16889
1.1689
1.1689
1.16891
1.16891
1.16891
1.16891
1.16891
1.16891
1.16892
1.16892
1.16892
1.16892
1.16892
1.16892
1.16893
1.16893
1.16893
1.16893
1.16893
1.16893
1.16894
1.16894
1.16894
1.16894
1.16894
1.16894
1.16895
1.16894
1.16895
1.16894
1.16896
1.16895
1.16896
1.16895
1.16897
1.16895
1.16901
1.16904
1.16933
1.1755
1.19744
1.21551
1.22807
1.24001
1.27069
1.40328
1.99829
4.15626
76.6244
1000.15
1027.02
1027.09
1027.1
1027.1
1027.1
1027.1
1027.1
1027.1
1027.1
1027.1
1027.1
1027.1
1027.1
1027.1
1027.1
1027.1
1027.1
1027.1
1027.1
1027.1
1027.1
1027.1
1027.1
1027.1
1027.1
1027.1
1027.1
1027.1
1027.1
1027.1
1027.1
1027.1
1027.1
1027.1
1027.1
1.16327
1.16424
1.16507
1.1657
1.16639
1.16707
1.16783
1.16843
1.16872
1.1688
1.16884
1.16888
1.1689
1.16891
1.16891
1.16891
1.16891
1.16891
1.16892
1.16892
1.16892
1.16892
1.16892
1.16892
1.16892
1.16893
1.16893
1.16893
1.16893
1.16893
1.16893
1.16894
1.16894
1.16894
1.16894
1.16894
1.16894
1.16895
1.16894
1.16895
1.16895
1.16896
1.16895
1.16896
1.16895
1.16897
1.16895
1.16904
1.16912
1.16992
1.17831
1.19744
1.2123
1.22596
1.22889
1.265
1.34693
1.80675
2.67387
69.3253
1001.43
1027.05
1027.09
1027.1
1027.1
1027.1
1027.1
1027.1
1027.1
1027.1
1027.1
1027.1
1027.1
1027.1
1027.1
1027.1
1027.1
1027.1
1027.1
1027.1
1027.1
1027.1
1027.1
1027.1
1027.1
1027.1
1027.1
1027.1
1027.1
1027.1
1027.1
1027.1
1027.1
1027.1
1027.1
1027.1
1.16306
1.16376
1.16463
1.16526
1.16596
1.16661
1.16751
1.16835
1.16868
1.16876
1.16881
1.16887
1.16889
1.1689
1.16891
1.16891
1.16891
1.16891
1.16891
1.16891
1.16892
1.16892
1.16892
1.16892
1.16892
1.16892
1.16892
1.16893
1.16893
1.16893
1.16893
1.16893
1.16893
1.16894
1.16894
1.16894
1.16894
1.16894
1.16894
1.16895
1.16894
1.16895
1.16895
1.16896
1.16895
1.16897
1.16895
1.16903
1.16915
1.17079
1.18035
1.19247
1.19764
1.21116
1.21943
1.2735
1.3218
1.74124
2.09595
75.6859
998.994
1027.05
1027.09
1027.1
1027.1
1027.1
1027.1
1027.1
1027.1
1027.1
1027.1
1027.1
1027.1
1027.1
1027.1
1027.1
1027.1
1027.1
1027.1
1027.1
1027.1
1027.1
1027.1
1027.1
1027.1
1027.1
1027.1
1027.1
1027.1
1027.1
1027.1
1027.1
1027.1
1027.1
1027.1
1027.1
1.16294
1.16333
1.1642
1.1648
1.16554
1.16616
1.16701
1.16789
1.1686
1.16875
1.1688
1.16887
1.1689
1.16891
1.16891
1.16891
1.16891
1.16891
1.16892
1.16892
1.16892
1.16892
1.16892
1.16892
1.16893
1.16893
1.16893
1.16893
1.16893
1.16893
1.16893
1.16894
1.16894
1.16894
1.16894
1.16894
1.16894
1.16895
1.16894
1.16895
1.16894
1.16895
1.16895
1.16896
1.16895
1.16897
1.16896
1.16904
1.16935
1.17165
1.17821
1.18402
1.18648
1.19888
1.21782
1.28153
1.28575
1.622
1.3481
96.332
999.58
1027
1027.06
1027.09
1027.09
1027.09
1027.09
1027.1
1027.1
1027.1
1027.1
1027.1
1027.1
1027.1
1027.1
1027.1
1027.1
1027.1
1027.1
1027.1
1027.1
1027.1
1027.1
1027.1
1027.1
1027.1
1027.1
1027.1
1027.1
1027.1
1027.1
1027.1
1027.1
1027.1
1027.1
1027.1
1.16291
1.16306
1.16386
1.16438
1.16514
1.16577
1.16655
1.1673
1.16834
1.16871
1.16877
1.16885
1.16889
1.1689
1.1689
1.16891
1.16891
1.16891
1.16891
1.16891
1.16891
1.16892
1.16892
1.16892
1.16892
1.16892
1.16892
1.16892
1.16893
1.16893
1.16893
1.16893
1.16893
1.16894
1.16894
1.16894
1.16894
1.16894
1.16894
1.16895
1.16894
1.16895
1.16895
1.16896
1.16895
1.16897
1.16896
1.16906
1.16942
1.17118
1.17514
1.17987
1.18487
1.1964
1.23732
1.31304
1.30035
1.50213
1.30127
132.117
999.045
1026.03
1026.38
1026.87
1026.99
1027.05
1027.07
1027.08
1027.08
1027.08
1027.08
1027.08
1027.07
1027.07
1027.07
1027.07
1027.07
1027.07
1027.08
1027.09
1027.09
1027.09
1027.09
1027.09
1027.09
1027.09
1027.09
1027.09
1027.09
1027.09
1027.1
1027.1
1027.1
1027.1
1027.1
1027.1
1.16296
1.16296
1.16367
1.16405
1.16479
1.16541
1.16628
1.167
1.16784
1.16855
1.16873
1.16884
1.16889
1.16891
1.16891
1.16891
1.16891
1.16891
1.16891
1.16892
1.16892
1.16892
1.16892
1.16892
1.16892
1.16892
1.16892
1.16893
1.16893
1.16893
1.16893
1.16893
1.16893
1.16894
1.16894
1.16894
1.16894
1.16894
1.16894
1.16895
1.16894
1.16895
1.16895
1.16896
1.16895
1.16897
1.16896
1.16908
1.16945
1.17089
1.17436
1.18045
1.1908
1.20794
1.27703
1.36352
1.34973
1.42769
1.19244
200.281
1013.5
1022.57
1023.16
1024.85
1025.75
1026.16
1026.3
1026.48
1026.59
1026.52
1026.5
1026.53
1026.53
1026.49
1026.48
1026.47
1026.5
1026.61
1026.64
1026.58
1026.66
1026.69
1026.62
1026.52
1026.45
1026.39
1026.37
1026.34
1026.32
1026.4
1026.44
1026.79
1026.99
1027.1
1027.1
1027.1
1.16295
1.16296
1.16362
1.16387
1.16452
1.16507
1.16605
1.16689
1.1675
1.16838
1.16867
1.16883
1.16889
1.1689
1.16891
1.16891
1.16891
1.16891
1.16891
1.16892
1.16892
1.16892
1.16892
1.16892
1.16892
1.16893
1.16893
1.16893
1.16893
1.16893
1.16893
1.16894
1.16894
1.16894
1.16894
1.16894
1.16894
1.16895
1.16895
1.16895
1.16895
1.16895
1.16895
1.16896
1.16896
1.16897
1.16896
1.16908
1.16942
1.1709
1.17396
1.18291
1.20086
1.2161
1.302
1.38833
1.36245
1.36865
1.16897
258.689
1005.75
1017.39
1017.89
1019.38
1021.04
1021.75
1021.81
1021.39
1021
1021.72
1022.03
1021.83
1021.82
1021.3
1020.09
1018.47
1017.08
1015.93
1013.11
1010.21
1008.63
1006.88
1005.34
1004.81
1004.37
1003.15
1002
1001.12
1000.3
999.282
998.581
998.42
1000.48
1002.82
1007.96
1013.6
1.16278
1.16303
1.16371
1.1638
1.16439
1.16483
1.1658
1.16706
1.16758
1.16832
1.16865
1.16881
1.16888
1.1689
1.1689
1.1689
1.1689
1.16891
1.16891
1.16891
1.16891
1.16892
1.16892
1.16892
1.16892
1.16892
1.16892
1.16893
1.16893
1.16893
1.16893
1.16893
1.16893
1.16894
1.16894
1.16894
1.16894
1.16894
1.16894
1.16895
1.16895
1.16895
1.16895
1.16896
1.16896
1.16897
1.16897
1.1691
1.16943
1.17091
1.17386
1.18454
1.20732
1.2182
1.27208
1.37061
1.35069
1.33464
1.16897
219.367
1002.13
1014.49
1013.91
1013.65
1013.97
1015.46
1016.51
1016.87
1016.22
1014.54
1015.02
1014.16
1010.64
1010.33
1010.59
1009.74
1009.47
1010.15
1010.03
1009.85
1010.13
1006.96
1006.6
1009.9
1010.15
1010.09
1009.53
1009.35
1009.35
1009.27
1010.2
1011.68
1013.93
1017.25
1021.37
1024.57
1.16271
1.16293
1.16367
1.16384
1.16441
1.16473
1.16557
1.16722
1.16771
1.16826
1.16862
1.16879
1.16886
1.1689
1.16891
1.16891
1.16891
1.16891
1.16891
1.16892
1.16892
1.16892
1.16892
1.16892
1.16892
1.16892
1.16893
1.16893
1.16893
1.16893
1.16893
1.16893
1.16894
1.16894
1.16894
1.16894
1.16894
1.16894
1.16894
1.16895
1.16895
1.16895
1.16895
1.16896
1.16896
1.16897
1.16896
1.1691
1.1694
1.17061
1.17354
1.18669
1.21121
1.23527
1.25007
1.32982
1.32664
1.32109
1.16897
233.495
1005.22
1015.13
1013.68
1012.32
1012.32
1012.32
1013.53
1014.72
1014.43
1013.52
1012.29
1012.28
1012.33
1013.91
1015.08
1014.21
1014.73
1017.58
1020.12
1022.34
1023.2
1023.57
1024.04
1024.35
1024.66
1024.67
1024.15
1023.97
1024.2
1024.47
1024.76
1025.15
1025.72
1026.32
1026.78
1026.97
1.16244
1.16254
1.16343
1.1639
1.1648
1.16548
1.16599
1.16747
1.16788
1.16825
1.16854
1.16873
1.16883
1.16889
1.1689
1.16891
1.16891
1.16891
1.16891
1.16891
1.16892
1.16892
1.16892
1.16892
1.16892
1.16892
1.16893
1.16893
1.16893
1.16893
1.16893
1.16893
1.16894
1.16894
1.16894
1.16894
1.16894
1.16894
1.16894
1.16895
1.16895
1.16895
1.16895
1.16896
1.16896
1.16897
1.16896
1.16909
1.16934
1.17047
1.17435
1.19167
1.22177
1.24849
1.24522
1.28745
1.30724
1.30387
1.16897
231.135
1011.16
1019.89
1020.1
1020.28
1018.47
1016.38
1015.65
1015.48
1015.84
1016.82
1017.62
1018.88
1020.68
1022.48
1023.71
1024.45
1025.33
1026.17
1026.72
1026.97
1027.03
1027.05
1027.05
1027.05
1027.05
1027.05
1027.05
1027.05
1027.04
1027.05
1027.06
1027.07
1027.08
1027.09
1027.1
1027.1
1.16198
1.16194
1.16289
1.16365
1.16488
1.16606
1.16668
1.16758
1.16805
1.16836
1.16858
1.16878
1.16886
1.1689
1.16891
1.16891
1.16891
1.16891
1.16891
1.16891
1.16892
1.16892
1.16892
1.16892
1.16892
1.16893
1.16893
1.16893
1.16893
1.16893
1.16893
1.16894
1.16894
1.16894
1.16894
1.16894
1.16895
1.16895
1.16895
1.16895
1.16895
1.16896
1.16896
1.16896
1.16896
1.16897
1.16896
1.16907
1.16929
1.17055
1.1753
1.19448
1.22925
1.25311
1.26426
1.27875
1.28001
1.27341
1.16897
181.462
1019.24
1024.63
1024.54
1024.22
1023.46
1023.17
1022.92
1022.81
1023.17
1024.1
1024.95
1025.79
1026.39
1026.75
1026.93
1027.03
1027.07
1027.09
1027.1
1027.1
1027.1
1027.1
1027.1
1027.1
1027.1
1027.1
1027.1
1027.1
1027.1
1027.1
1027.1
1027.1
1027.1
1027.1
1027.1
1027.1
1.16124
1.16147
1.16217
1.16319
1.16482
1.16631
1.1675
1.16792
1.16833
1.16865
1.16877
1.16888
1.16891
1.16892
1.16892
1.16892
1.16892
1.16892
1.16892
1.16892
1.16892
1.16892
1.16892
1.16892
1.16893
1.16893
1.16893
1.16893
1.16893
1.16894
1.16894
1.16894
1.16894
1.16894
1.16894
1.16895
1.16895
1.16895
1.16895
1.16895
1.16895
1.16896
1.16896
1.16897
1.16896
1.16897
1.16896
1.16905
1.16923
1.17049
1.17558
1.1946
1.21343
1.23653
1.26264
1.27791
1.28279
1.32387
1.22255
131.93
1024.89
1026.8
1026.78
1026.78
1026.75
1026.73
1026.71
1026.72
1026.8
1026.93
1027.01
1027.06
1027.09
1027.09
1027.1
1027.1
1027.1
1027.1
1027.1
1027.1
1027.1
1027.1
1027.1
1027.1
1027.1
1027.1
1027.1
1027.1
1027.1
1027.1
1027.1
1027.1
1027.1
1027.1
1027.1
1027.1
1.1608
1.16066
1.16101
1.16108
1.16219
1.16443
1.16718
1.1681
1.16848
1.16874
1.1688
1.16887
1.16891
1.16892
1.16892
1.16892
1.16892
1.16892
1.16892
1.16892
1.16892
1.16893
1.16893
1.16893
1.16893
1.16893
1.16893
1.16894
1.16894
1.16894
1.16894
1.16894
1.16894
1.16894
1.16895
1.16895
1.16895
1.16895
1.16895
1.16895
1.16896
1.16896
1.16896
1.16897
1.16896
1.16897
1.16896
1.16903
1.1692
1.17028
1.1758
1.19773
1.21187
1.23006
1.2558
1.27251
1.26153
1.37344
1.315
84.3732
1021.91
1027.09
1027.09
1027.09
1027.09
1027.09
1027.09
1027.09
1027.09
1027.1
1027.1
1027.1
1027.1
1027.1
1027.1
1027.1
1027.1
1027.1
1027.1
1027.1
1027.1
1027.1
1027.1
1027.1
1027.1
1027.1
1027.1
1027.1
1027.1
1027.1
1027.1
1027.1
1027.1
1027.1
1027.1
1027.1
1.1605
1.16026
1.16038
1.16041
1.16081
1.16177
1.16443
1.16832
1.1686
1.16876
1.16881
1.16886
1.1689
1.16891
1.16891
1.16892
1.16892
1.16892
1.16892
1.16892
1.16892
1.16893
1.16893
1.16893
1.16893
1.16893
1.16893
1.16893
1.16894
1.16894
1.16894
1.16894
1.16894
1.16894
1.16895
1.16895
1.16895
1.16895
1.16895
1.16895
1.16895
1.16896
1.16896
1.16896
1.16896
1.16897
1.16896
1.16902
1.16917
1.17
1.17513
1.19652
1.21372
1.23181
1.24654
1.26592
1.27063
1.46441
1.73924
56.6008
996.477
1027.09
1027.1
1027.09
1027.09
1027.1
1027.1
1027.1
1027.1
1027.1
1027.1
1027.1
1027.1
1027.1
1027.1
1027.1
1027.1
1027.1
1027.1
1027.1
1027.1
1027.1
1027.1
1027.1
1027.1
1027.1
1027.1
1027.1
1027.1
1027.1
1027.1
1027.1
1027.1
1027.1
1027.1
1027.1
1.15992
1.16031
1.16053
1.16057
1.16058
1.16055
1.16072
1.16785
1.16873
1.16884
1.16885
1.16888
1.16891
1.16892
1.16892
1.16892
1.16892
1.16892
1.16893
1.16893
1.16893
1.16893
1.16893
1.16893
1.16894
1.16894
1.16894
1.16894
1.16894
1.16894
1.16894
1.16895
1.16895
1.16895
1.16895
1.16895
1.16896
1.16896
1.16896
1.16896
1.16896
1.16897
1.16897
1.16897
1.16897
1.16898
1.16896
1.16903
1.16913
1.17008
1.17495
1.19009
1.21827
1.24034
1.25071
1.25547
1.24991
1.3943
1.40886
37.6234
993.985
1027
1027.1
1027.1
1027.1
1027.1
1027.1
1027.1
1027.1
1027.1
1027.1
1027.1
1027.1
1027.1
1027.1
1027.1
1027.1
1027.1
1027.1
1027.1
1027.1
1027.1
1027.1
1027.1
1027.1
1027.1
1027.1
1027.1
1027.1
1027.1
1027.1
1027.1
1027.1
1027.1
1027.1
1027.1
1.16354
1.16481
1.16533
1.16575
1.16616
1.16675
1.16761
1.16849
1.16875
1.1688
1.16885
1.16889
1.16891
1.16892
1.16892
1.16892
1.16892
1.16892
1.16893
1.16893
1.16893
1.16893
1.16893
1.16893
1.16893
1.16894
1.16894
1.16894
1.16894
1.16894
1.16894
1.16895
1.16895
1.16895
1.16895
1.16895
1.16896
1.16896
1.16896
1.16896
1.16896
1.16896
1.16897
1.16897
1.16896
1.16898
1.16897
1.16905
1.16925
1.16951
1.17064
1.18525
1.21901
1.2333
1.23671
1.28942
1.43295
2.00205
5.33322
99.6878
983.791
1026.9
1027.09
1027.1
1027.1
1027.1
1027.1
1027.1
1027.1
1027.1
1027.1
1027.1
1027.1
1027.1
1027.1
1027.1
1027.1
1027.1
1027.1
1027.1
1027.1
1027.1
1027.1
1027.1
1027.1
1027.1
1027.1
1027.1
1027.1
1027.1
1027.1
1027.1
1027.1
1027.1
1027.1
1027.1
1.16285
1.1647
1.16574
1.16632
1.16699
1.16771
1.16811
1.16821
1.16838
1.16853
1.1687
1.16882
1.16889
1.16891
1.16892
1.16892
1.16892
1.16892
1.16892
1.16893
1.16893
1.16893
1.16893
1.16893
1.16893
1.16894
1.16894
1.16894
1.16894
1.16894
1.16894
1.16895
1.16895
1.16895
1.16895
1.16895
1.16895
1.16896
1.16896
1.16896
1.16896
1.16896
1.16897
1.16897
1.16897
1.16898
1.16898
1.16913
1.16954
1.17067
1.17313
1.18999
1.21668
1.2287
1.23464
1.26984
1.49555
1.96099
4.15324
100.539
995.763
1027.07
1027.09
1027.09
1027.1
1027.1
1027.1
1027.1
1027.1
1027.1
1027.1
1027.1
1027.1
1027.1
1027.1
1027.1
1027.1
1027.1
1027.1
1027.1
1027.1
1027.1
1027.1
1027.1
1027.1
1027.1
1027.1
1027.1
1027.1
1027.1
1027.1
1027.1
1027.1
1027.1
1027.1
1027.1
1.16242
1.16399
1.1654
1.1661
1.16664
1.16706
1.16734
1.1676
1.16802
1.16833
1.16859
1.16878
1.16887
1.16891
1.16892
1.16892
1.16892
1.16892
1.16892
1.16892
1.16893
1.16893
1.16893
1.16893
1.16893
1.16893
1.16893
1.16894
1.16894
1.16894
1.16894
1.16894
1.16894
1.16895
1.16895
1.16895
1.16895
1.16895
1.16895
1.16896
1.16896
1.16896
1.16896
1.16897
1.16897
1.16898
1.16898
1.16914
1.16957
1.17098
1.17511
1.19216
1.21233
1.23167
1.22919
1.25331
1.42003
1.80639
2.54706
92.3013
1008.95
1027.09
1027.09
1027.09
1027.09
1027.1
1027.1
1027.1
1027.1
1027.1
1027.1
1027.1
1027.1
1027.1
1027.1
1027.1
1027.1
1027.1
1027.1
1027.1
1027.1
1027.1
1027.1
1027.1
1027.1
1027.1
1027.1
1027.1
1027.1
1027.1
1027.1
1027.1
1027.1
1027.1
1027.1
1027.1
1.1621
1.1631
1.16457
1.16535
1.16593
1.1664
1.16682
1.16725
1.16783
1.16824
1.16853
1.16875
1.16886
1.16891
1.16891
1.16892
1.16892
1.16892
1.16892
1.16892
1.16892
1.16892
1.16893
1.16893
1.16893
1.16893
1.16893
1.16893
1.16894
1.16894
1.16894
1.16894
1.16894
1.16894
1.16895
1.16895
1.16895
1.16895
1.16895
1.16895
1.16895
1.16896
1.16896
1.16896
1.16896
1.16898
1.16898
1.16914
1.16952
1.17087
1.17399
1.18
1.1915
1.22491
1.2264
1.26329
1.40444
1.72273
1.62075
100.104
1020.53
1027.09
1027.09
1027.09
1027.1
1027.1
1027.1
1027.1
1027.1
1027.1
1027.1
1027.1
1027.1
1027.1
1027.1
1027.1
1027.1
1027.1
1027.1
1027.1
1027.1
1027.1
1027.1
1027.1
1027.1
1027.1
1027.1
1027.1
1027.1
1027.1
1027.1
1027.1
1027.1
1027.1
1027.1
1027.1
1.1619
1.1624
1.16378
1.16465
1.16533
1.16598
1.16655
1.16707
1.16775
1.1682
1.16851
1.16874
1.16886
1.16891
1.16891
1.16891
1.16892
1.16892
1.16892
1.16892
1.16892
1.16892
1.16892
1.16893
1.16893
1.16893
1.16893
1.16893
1.16893
1.16894
1.16894
1.16894
1.16894
1.16894
1.16894
1.16895
1.16895
1.16895
1.16895
1.16895
1.16895
1.16896
1.16896
1.16896
1.16896
1.16897
1.16897
1.16911
1.16946
1.17073
1.1729
1.17609
1.18522
1.20997
1.23626
1.28788
1.35872
1.61722
1.27434
129.881
1015.95
1026.81
1026.94
1027.07
1027.09
1027.09
1027.09
1027.09
1027.09
1027.09
1027.09
1027.09
1027.09
1027.09
1027.09
1027.09
1027.09
1027.09
1027.09
1027.1
1027.1
1027.1
1027.1
1027.1
1027.09
1027.1
1027.1
1027.1
1027.1
1027.1
1027.1
1027.1
1027.1
1027.1
1027.1
1027.1
1.16182
1.16196
1.16314
1.16409
1.16482
1.16564
1.16637
1.16697
1.16773
1.1682
1.1685
1.16873
1.16885
1.1689
1.16891
1.16891
1.16892
1.16892
1.16892
1.16892
1.16892
1.16892
1.16892
1.16893
1.16893
1.16893
1.16893
1.16893
1.16893
1.16893
1.16894
1.16894
1.16894
1.16894
1.16894
1.16895
1.16895
1.16895
1.16895
1.16895
1.16895
1.16896
1.16896
1.16896
1.16896
1.16897
1.16897
1.16909
1.16944
1.17101
1.17395
1.18012
1.19085
1.20891
1.28344
1.3158
1.30064
1.61706
1.24161
194.066
1012.23
1023.75
1024.69
1026.13
1026.65
1026.87
1026.95
1026.98
1026.97
1026.94
1026.93
1026.93
1026.92
1026.89
1026.84
1026.78
1026.72
1026.7
1026.68
1026.66
1026.61
1026.59
1026.61
1026.59
1026.59
1026.62
1026.68
1026.74
1026.82
1026.9
1027.02
1027.07
1027.09
1027.1
1027.1
1027.1
1.16179
1.16173
1.16261
1.16355
1.16438
1.16533
1.16619
1.1669
1.16773
1.16821
1.16851
1.16873
1.16885
1.1689
1.16891
1.16891
1.16891
1.16892
1.16892
1.16892
1.16892
1.16892
1.16892
1.16892
1.16893
1.16893
1.16893
1.16893
1.16893
1.16893
1.16894
1.16894
1.16894
1.16894
1.16894
1.16895
1.16895
1.16895
1.16895
1.16895
1.16895
1.16896
1.16896
1.16896
1.16896
1.16897
1.16897
1.16908
1.16942
1.17109
1.17471
1.18241
1.20125
1.22467
1.35617
1.37853
1.38561
1.39552
1.20428
264.743
1003.71
1015.57
1016.7
1019.71
1021.98
1023.43
1024.34
1024.69
1024.61
1023.85
1023.92
1024.24
1023.65
1022.7
1022.23
1021.16
1020.08
1019.13
1018.15
1017.4
1016.81
1015.7
1013.32
1012.37
1012.55
1012.49
1013.03
1013.33
1013.51
1013.42
1017.66
1020.79
1023.6
1026.22
1026.78
1026.75
1.16176
1.16155
1.16212
1.16284
1.16384
1.16475
1.16586
1.16685
1.16774
1.16823
1.16851
1.16874
1.16885
1.1689
1.16891
1.16891
1.16891
1.16892
1.16892
1.16892
1.16892
1.16892
1.16892
1.16893
1.16893
1.16893
1.16893
1.16893
1.16893
1.16894
1.16894
1.16894
1.16894
1.16894
1.16894
1.16895
1.16895
1.16895
1.16895
1.16895
1.16895
1.16896
1.16896
1.16896
1.16896
1.16897
1.16897
1.16907
1.16942
1.17121
1.17531
1.1857
1.21465
1.23422
1.36237
1.39986
1.39977
1.27677
1.16897
279.683
998.406
1009.58
1009.45
1009.53
1010.67
1011.9
1012.84
1009.58
1006.26
1006.33
1006.85
1007.47
1007.4
1005.85
1002.87
999.494
997.428
996.428
995.609
994.686
993.234
990.035
984.988
979.922
977.189
976.603
975.933
971.477
968.079
965.073
961.438
952.694
935.34
905.71
844.468
632.112
1.1617
1.1613
1.16169
1.16216
1.16312
1.16395
1.16538
1.16676
1.16773
1.16825
1.16852
1.16874
1.16886
1.16891
1.16891
1.16891
1.16892
1.16892
1.16892
1.16892
1.16892
1.16892
1.16893
1.16893
1.16893
1.16893
1.16893
1.16893
1.16893
1.16894
1.16894
1.16894
1.16894
1.16894
1.16894
1.16895
1.16895
1.16895
1.16895
1.16895
1.16895
1.16896
1.16896
1.16896
1.16896
1.16897
1.16897
1.16907
1.16943
1.17136
1.17622
1.19316
1.23205
1.24392
1.29415
1.357
1.30783
1.23142
1.16897
213.408
997.73
1012.26
1010.5
1008.38
1008.36
1008.38
1008.43
1007.91
1006.25
1005.62
1005.64
1005.9
1006.84
1007
1007.44
1008.16
1007.2
1004.58
1007.73
1011.51
1011.9
1011.88
1012.05
1013.25
1012.05
1008.8
1007.02
1005.87
1003.38
999.3
994.329
989.053
984.057
978.016
974.208
979.719
1.16155
1.16113
1.16129
1.16166
1.16231
1.16299
1.1646
1.1666
1.16775
1.16828
1.16854
1.16876
1.16886
1.16891
1.16891
1.16892
1.16892
1.16892
1.16892
1.16892
1.16892
1.16893
1.16893
1.16893
1.16893
1.16893
1.16893
1.16893
1.16894
1.16894
1.16894
1.16894
1.16894
1.16894
1.16895
1.16895
1.16895
1.16895
1.16895
1.16895
1.16895
1.16896
1.16896
1.16897
1.16896
1.16897
1.16896
1.16905
1.16936
1.17118
1.17715
1.20701
1.24372
1.25125
1.285
1.24395
1.21251
1.20731
1.17142
178.177
1010.12
1019.74
1017.07
1016.73
1017.09
1017.1
1016.32
1013.94
1012.13
1011.85
1013.3
1015.28
1016.62
1017.57
1019.28
1021.18
1022.57
1023.78
1024.93
1025.52
1025.64
1025.56
1025.51
1025.5
1025.5
1025.49
1025.28
1025.03
1024.87
1024.75
1024.34
1023.65
1023.41
1024.63
1025.74
1026.32
1.1617
1.16106
1.16103
1.16138
1.16185
1.16248
1.1638
1.16641
1.16778
1.16831
1.16858
1.16878
1.16887
1.16891
1.16891
1.16892
1.16892
1.16892
1.16892
1.16892
1.16892
1.16893
1.16893
1.16893
1.16893
1.16893
1.16893
1.16893
1.16894
1.16894
1.16894
1.16894
1.16894
1.16895
1.16895
1.16895
1.16895
1.16895
1.16895
1.16896
1.16896
1.16896
1.16896
1.16897
1.16896
1.16897
1.16896
1.16904
1.16924
1.17095
1.17863
1.2193
1.2449
1.23991
1.22801
1.21649
1.21601
1.21815
1.17777
166.126
1018.61
1024.82
1024.79
1024.58
1023.93
1023.62
1023.37
1023.04
1022.53
1022.26
1023.06
1024.5
1025.29
1025.88
1026.4
1026.76
1026.96
1027.04
1027.06
1027.07
1027.07
1027.07
1027.06
1027.06
1027.06
1027.07
1027.07
1027.07
1027.07
1027.07
1027.08
1027.08
1027.08
1027.09
1027.1
1027.1
1.16171
1.16102
1.16091
1.16131
1.16194
1.16317
1.16426
1.16663
1.16795
1.16839
1.16863
1.16881
1.16888
1.16891
1.16891
1.16892
1.16892
1.16892
1.16892
1.16892
1.16892
1.16893
1.16893
1.16893
1.16893
1.16893
1.16893
1.16894
1.16894
1.16894
1.16894
1.16894
1.16894
1.16895
1.16895
1.16895
1.16895
1.16895
1.16895
1.16896
1.16896
1.16896
1.16896
1.16897
1.16896
1.16897
1.16896
1.16903
1.16918
1.17072
1.17931
1.20916
1.2407
1.24514
1.24817
1.25914
1.26209
1.23535
1.18898
134.442
1023.84
1026.65
1026.64
1026.66
1026.63
1026.61
1026.55
1026.52
1026.55
1026.62
1026.76
1026.92
1027.02
1027.06
1027.09
1027.09
1027.1
1027.1
1027.1
1027.1
1027.1
1027.1
1027.1
1027.1
1027.1
1027.1
1027.1
1027.1
1027.1
1027.1
1027.1
1027.1
1027.1
1027.1
1027.1
1027.1
1.16111
1.16098
1.16066
1.16118
1.16205
1.1638
1.16584
1.16753
1.16817
1.16849
1.16869
1.16883
1.16888
1.16891
1.16891
1.16892
1.16892
1.16892
1.16892
1.16892
1.16892
1.16893
1.16893
1.16893
1.16893
1.16893
1.16893
1.16894
1.16894
1.16894
1.16894
1.16894
1.16894
1.16895
1.16895
1.16895
1.16895
1.16895
1.16895
1.16896
1.16896
1.16896
1.16896
1.16897
1.16896
1.16897
1.16896
1.16903
1.16912
1.17029
1.17589
1.19548
1.21519
1.23236
1.25679
1.28809
1.31122
1.34474
1.28531
88.8154
1017.57
1027.06
1027.05
1027.05
1027.05
1027.06
1027.06
1027.07
1027.08
1027.08
1027.09
1027.09
1027.1
1027.1
1027.1
1027.1
1027.1
1027.1
1027.1
1027.1
1027.1
1027.1
1027.1
1027.1
1027.1
1027.1
1027.1
1027.1
1027.1
1027.1
1027.1
1027.1
1027.1
1027.1
1027.1
1027.1
1.16027
1.1602
1.16036
1.16058
1.16107
1.16314
1.16602
1.16761
1.16826
1.16859
1.16874
1.16884
1.16888
1.16891
1.16891
1.16891
1.16892
1.16892
1.16892
1.16892
1.16892
1.16892
1.16893
1.16893
1.16893
1.16893
1.16893
1.16893
1.16893
1.16894
1.16894
1.16894
1.16894
1.16894
1.16894
1.16894
1.16895
1.16895
1.16895
1.16895
1.16895
1.16896
1.16896
1.16896
1.16896
1.16897
1.16896
1.16902
1.1691
1.17018
1.17517
1.19443
1.21558
1.23223
1.24818
1.27132
1.26169
1.43214
1.56995
62.9644
998.201
1027.1
1027.09
1027.1
1027.1
1027.09
1027.09
1027.09
1027.1
1027.1
1027.1
1027.1
1027.1
1027.1
1027.1
1027.1
1027.1
1027.1
1027.1
1027.1
1027.1
1027.1
1027.1
1027.1
1027.1
1027.1
1027.1
1027.1
1027.1
1027.1
1027.1
1027.1
1027.1
1027.1
1027.1
1027.1
1.16003
1.15992
1.15991
1.15994
1.16007
1.16118
1.16459
1.1677
1.16836
1.16866
1.16876
1.16883
1.16887
1.16891
1.16891
1.16891
1.16891
1.16892
1.16892
1.16892
1.16892
1.16892
1.16892
1.16893
1.16893
1.16893
1.16893
1.16893
1.16893
1.16893
1.16893
1.16894
1.16894
1.16894
1.16894
1.16894
1.16894
1.16895
1.16895
1.16895
1.16895
1.16895
1.16895
1.16896
1.16896
1.16896
1.16896
1.16902
1.16912
1.17027
1.17545
1.1925
1.21638
1.23428
1.24167
1.26151
1.2776
1.53355
2.76027
65.4875
979.07
1027.1
1027.1
1027.1
1027.1
1027.1
1027.1
1027.1
1027.1
1027.1
1027.1
1027.1
1027.1
1027.1
1027.1
1027.1
1027.1
1027.1
1027.1
1027.1
1027.1
1027.1
1027.1
1027.1
1027.1
1027.1
1027.1
1027.1
1027.1
1027.1
1027.1
1027.1
1027.1
1027.1
1027.1
1027.1
1.15977
1.15989
1.15987
1.15982
1.15987
1.16018
1.16252
1.16794
1.16848
1.16871
1.16877
1.16884
1.16889
1.16891
1.16891
1.16892
1.16892
1.16892
1.16892
1.16892
1.16893
1.16893
1.16893
1.16893
1.16893
1.16893
1.16894
1.16894
1.16894
1.16894
1.16894
1.16894
1.16895
1.16895
1.16895
1.16895
1.16895
1.16895
1.16896
1.16896
1.16896
1.16896
1.16896
1.16897
1.16896
1.16898
1.16896
1.16903
1.16911
1.17026
1.17515
1.18966
1.21784
1.23986
1.24689
1.2568
1.24938
1.56617
2.84971
53.1576
982.545
1026.97
1027.1
1027.1
1027.1
1027.1
1027.1
1027.1
1027.1
1027.1
1027.1
1027.1
1027.1
1027.1
1027.1
1027.1
1027.1
1027.1
1027.1
1027.1
1027.1
1027.1
1027.1
1027.1
1027.1
1027.1
1027.1
1027.1
1027.1
1027.1
1027.1
1027.1
1027.1
1027.1
1027.1
1027.1
1.16262
1.16419
1.16506
1.16559
1.16603
1.16665
1.16757
1.1685
1.16877
1.16882
1.16886
1.16889
1.16891
1.16891
1.16891
1.16892
1.16892
1.16892
1.16892
1.16892
1.16892
1.16892
1.16893
1.16893
1.16893
1.16893
1.16893
1.16893
1.16893
1.16894
1.16894
1.16894
1.16894
1.16894
1.16895
1.16895
1.16895
1.16895
1.16895
1.16895
1.16895
1.16896
1.16896
1.16896
1.16896
1.16897
1.16895
1.16901
1.16913
1.16933
1.1701
1.1845
1.21472
1.23724
1.23975
1.28526
1.40606
2.0147
5.49214
93.4401
972.664
1026.76
1027.09
1027.1
1027.1
1027.1
1027.1
1027.1
1027.1
1027.1
1027.1
1027.1
1027.1
1027.1
1027.1
1027.1
1027.1
1027.1
1027.1
1027.1
1027.1
1027.1
1027.1
1027.1
1027.1
1027.1
1027.1
1027.1
1027.1
1027.1
1027.1
1027.1
1027.1
1027.1
1027.1
1027.1
1.16168
1.1632
1.16529
1.16594
1.16642
1.16714
1.16805
1.16847
1.16861
1.16869
1.16879
1.16886
1.1689
1.16891
1.16891
1.16891
1.16892
1.16892
1.16892
1.16892
1.16892
1.16893
1.16893
1.16893
1.16893
1.16893
1.16893
1.16894
1.16894
1.16894
1.16894
1.16894
1.16894
1.16895
1.16895
1.16895
1.16895
1.16895
1.16895
1.16896
1.16895
1.16896
1.16896
1.16896
1.16896
1.16897
1.16896
1.16908
1.16939
1.16997
1.1709
1.1845
1.21434
1.23596
1.24088
1.2786
1.48063
1.95271
4.0041
100.349
988.501
1027.06
1027.09
1027.1
1027.1
1027.1
1027.1
1027.1
1027.1
1027.1
1027.1
1027.1
1027.1
1027.1
1027.1
1027.1
1027.1
1027.1
1027.1
1027.1
1027.1
1027.1
1027.1
1027.1
1027.1
1027.1
1027.1
1027.1
1027.1
1027.1
1027.1
1027.1
1027.1
1027.1
1027.1
1027.1
1.16146
1.16243
1.16541
1.16612
1.16671
1.16744
1.16801
1.16826
1.1684
1.16856
1.16872
1.16883
1.16888
1.1689
1.16891
1.16891
1.16891
1.16891
1.16891
1.16892
1.16892
1.16892
1.16892
1.16892
1.16892
1.16893
1.16893
1.16893
1.16893
1.16893
1.16893
1.16893
1.16894
1.16894
1.16894
1.16894
1.16894
1.16894
1.16894
1.16895
1.16895
1.16895
1.16895
1.16896
1.16895
1.16897
1.16896
1.16911
1.16951
1.17051
1.17234
1.18547
1.21511
1.2369
1.2398
1.25895
1.43319
1.85231
2.04515
105.602
1018.67
1027.09
1027.09
1027.1
1027.1
1027.1
1027.1
1027.1
1027.1
1027.1
1027.1
1027.1
1027.1
1027.1
1027.1
1027.1
1027.1
1027.1
1027.1
1027.1
1027.1
1027.1
1027.1
1027.1
1027.1
1027.1
1027.1
1027.1
1027.1
1027.1
1027.1
1027.1
1027.1
1027.1
1027.1
1027.1
1.16143
1.16203
1.16522
1.16612
1.1667
1.16742
1.16786
1.16803
1.16829
1.16851
1.16869
1.16881
1.16888
1.1689
1.16891
1.16891
1.16891
1.16891
1.16891
1.16891
1.16891
1.16892
1.16892
1.16892
1.16892
1.16892
1.16892
1.16893
1.16893
1.16893
1.16893
1.16893
1.16893
1.16894
1.16894
1.16894
1.16894
1.16894
1.16894
1.16895
1.16895
1.16895
1.16895
1.16896
1.16895
1.16897
1.16898
1.16913
1.1695
1.1708
1.1737
1.1861
1.21448
1.23644
1.23802
1.27133
1.37913
1.77114
1.61995
101.914
1020.79
1027.09
1027.09
1027.09
1027.1
1027.1
1027.1
1027.1
1027.1
1027.1
1027.1
1027.1
1027.1
1027.1
1027.1
1027.1
1027.1
1027.1
1027.1
1027.1
1027.1
1027.1
1027.1
1027.1
1027.1
1027.1
1027.1
1027.1
1027.1
1027.1
1027.1
1027.1
1027.1
1027.1
1027.1
1027.1
1.16157
1.16196
1.16499
1.16622
1.16664
1.16735
1.16769
1.16791
1.16825
1.16848
1.16866
1.16879
1.16887
1.1689
1.1689
1.16891
1.16891
1.16891
1.16891
1.16892
1.16892
1.16892
1.16892
1.16892
1.16892
1.16892
1.16893
1.16893
1.16893
1.16893
1.16893
1.16893
1.16893
1.16894
1.16894
1.16894
1.16894
1.16894
1.16894
1.16894
1.16894
1.16895
1.16895
1.16896
1.16896
1.16898
1.16899
1.16911
1.16942
1.17088
1.17604
1.19213
1.21189
1.23426
1.24613
1.28727
1.35353
1.73345
1.64791
124.347
1018.29
1026.74
1026.9
1027.06
1027.09
1027.09
1027.09
1027.09
1027.09
1027.09
1027.09
1027.09
1027.1
1027.1
1027.09
1027.09
1027.1
1027.1
1027.1
1027.1
1027.09
1027.1
1027.1
1027.1
1027.1
1027.1
1027.1
1027.1
1027.1
1027.1
1027.1
1027.1
1027.1
1027.1
1027.1
1027.1
1.16159
1.16164
1.16465
1.16622
1.16657
1.16739
1.16769
1.16792
1.16825
1.16846
1.16865
1.16877
1.16885
1.16889
1.1689
1.1689
1.16891
1.16891
1.16891
1.16891
1.16892
1.16892
1.16892
1.16892
1.16892
1.16892
1.16892
1.16893
1.16893
1.16893
1.16893
1.16893
1.16893
1.16894
1.16894
1.16894
1.16894
1.16894
1.16894
1.16894
1.16894
1.16895
1.16895
1.16896
1.16896
1.16897
1.16897
1.16907
1.16942
1.17121
1.17862
1.19279
1.20178
1.22571
1.24306
1.27874
1.32298
1.66231
1.63789
161.943
1010.22
1023.44
1024.27
1025.81
1026.56
1026.89
1026.97
1026.98
1026.97
1026.96
1026.95
1026.95
1026.93
1026.89
1026.82
1026.77
1026.75
1026.75
1026.67
1026.64
1026.74
1026.77
1026.76
1026.81
1026.9
1026.97
1027.03
1027.07
1027.09
1027.1
1027.1
1027.1
1027.1
1027.1
1027.1
1027.1
1.16155
1.16154
1.16401
1.16569
1.16649
1.16731
1.16771
1.16807
1.16835
1.16842
1.16859
1.16874
1.16882
1.16888
1.1689
1.1689
1.1689
1.16891
1.16891
1.16891
1.16892
1.16892
1.16892
1.16892
1.16892
1.16893
1.16893
1.16893
1.16893
1.16893
1.16893
1.16894
1.16894
1.16894
1.16894
1.16894
1.16894
1.16894
1.16894
1.16895
1.16895
1.16895
1.16895
1.16896
1.16895
1.16897
1.16896
1.16904
1.16931
1.17089
1.17556
1.18588
1.20423
1.21073
1.25937
1.29937
1.42716
1.63346
1.59246
217.042
1002.63
1015.69
1016.12
1018.32
1020.68
1022.59
1023.74
1024.12
1024.22
1024.26
1024.04
1023.78
1023.73
1023.53
1021.57
1020.01
1019.83
1019.43
1018.92
1018.32
1018.61
1019.95
1020.69
1021.23
1021.28
1022.92
1024.7
1025.75
1026.6
1027.06
1027.1
1027.09
1027.08
1027.09
1027.1
1027.1
1.16149
1.16198
1.16346
1.16453
1.16607
1.16696
1.16755
1.16797
1.16832
1.16831
1.1685
1.16868
1.16879
1.16887
1.1689
1.1689
1.1689
1.1689
1.16891
1.16891
1.16891
1.16891
1.16892
1.16892
1.16892
1.16892
1.16892
1.16892
1.16892
1.16893
1.16893
1.16893
1.16893
1.16893
1.16893
1.16894
1.16894
1.16894
1.16894
1.16894
1.16894
1.16894
1.16894
1.16895
1.16895
1.16896
1.16896
1.16903
1.16928
1.17129
1.17709
1.18928
1.21197
1.21982
1.26453
1.38134
1.51462
1.49387
1.46238
230.06
999.476
1012.23
1010.79
1010.48
1009.9
1009.57
1012.35
1011.38
1007.74
1006.4
1006.36
1006.73
1008.59
1009.5
1006.88
1000.57
997.381
996.888
999.199
1002.28
1004.92
1007.38
1008.98
1010.47
1012.67
1015.46
1018.34
1021.2
1023.85
1026.01
1027.1
1027.1
1027.1
1027.1
1027.1
1026.26
1.16135
1.16154
1.16238
1.16274
1.16531
1.16634
1.16715
1.16772
1.16819
1.16835
1.16849
1.16865
1.16877
1.16887
1.1689
1.1689
1.1689
1.1689
1.16891
1.16891
1.16891
1.16891
1.16891
1.16892
1.16892
1.16892
1.16892
1.16892
1.16892
1.16893
1.16893
1.16893
1.16893
1.16893
1.16893
1.16894
1.16894
1.16894
1.16894
1.16894
1.16894
1.16895
1.16894
1.16895
1.16895
1.16897
1.16896
1.16908
1.16954
1.17257
1.17987
1.19126
1.21719
1.22789
1.25347
1.35251
1.41846
1.39008
1.62673
178.429
1001.46
1016.31
1016.65
1015.86
1011.27
1009.26
1009.13
1008.24
1005.99
1005.64
1006.41
1009.06
1011.55
1013.11
1013.7
1013.77
1013.61
1013.06
1014.18
1017.82
1018.53
1018.83
1020
1019.97
1018.87
1018.8
1020.9
1022.19
1023.42
1024.81
1026.19
1026.98
1026.99
1026.89
1026.84
1026.9
1.16114
1.16117
1.16141
1.16169
1.16358
1.1646
1.1664
1.16735
1.16797
1.16827
1.16846
1.16862
1.16876
1.16887
1.16889
1.1689
1.1689
1.1689
1.16891
1.16891
1.16891
1.16891
1.16891
1.16892
1.16892
1.16892
1.16892
1.16892
1.16892
1.16893
1.16893
1.16893
1.16893
1.16893
1.16894
1.16894
1.16894
1.16894
1.16894
1.16895
1.16894
1.16895
1.16895
1.16896
1.16895
1.16897
1.16897
1.16911
1.16986
1.17293
1.17977
1.19343
1.22544
1.23829
1.25735
1.31446
1.36961
1.33696
1.57633
131.404
1013.31
1024.24
1023.43
1023.14
1022.52
1021.98
1021.24
1020.32
1019.61
1019.46
1020.78
1022.07
1022.66
1023.29
1024.31
1025.25
1025.82
1026.18
1026.44
1026.58
1026.59
1026.51
1026.47
1026.38
1026.31
1026.35
1026.46
1026.51
1026.61
1026.72
1026.88
1027.01
1027.1
1027.09
1027.09
1027.09
1.16121
1.16114
1.16101
1.16096
1.16114
1.16128
1.16255
1.16525
1.16732
1.16806
1.1684
1.16862
1.16881
1.16889
1.1689
1.1689
1.1689
1.1689
1.1689
1.16891
1.16891
1.16891
1.16891
1.16891
1.16892
1.16892
1.16892
1.16892
1.16892
1.16893
1.16893
1.16893
1.16893
1.16893
1.16894
1.16894
1.16894
1.16894
1.16894
1.16895
1.16895
1.16895
1.16895
1.16896
1.16895
1.16897
1.16896
1.16906
1.16956
1.1725
1.18024
1.19573
1.23095
1.24453
1.24609
1.2822
1.30506
1.31989
1.48415
101.152
1018.14
1026.75
1026.76
1026.79
1026.76
1026.67
1026.49
1026.41
1026.4
1026.48
1026.68
1026.8
1026.91
1026.99
1027.04
1027.07
1027.09
1027.09
1027.09
1027.09
1027.09
1027.09
1027.09
1027.09
1027.09
1027.09
1027.09
1027.09
1027.09
1027.09
1027.1
1027.1
1027.1
1027.1
1027.1
1027.1
1.16136
1.16123
1.16103
1.16085
1.16086
1.16087
1.16066
1.16225
1.16616
1.16784
1.16842
1.16873
1.16886
1.1689
1.16891
1.16891
1.16891
1.16891
1.16891
1.16891
1.16892
1.16892
1.16892
1.16892
1.16892
1.16892
1.16893
1.16893
1.16893
1.16893
1.16894
1.16894
1.16894
1.16894
1.16894
1.16895
1.16895
1.16895
1.16895
1.16895
1.16895
1.16896
1.16896
1.16897
1.16896
1.16897
1.16897
1.16904
1.16941
1.17229
1.17903
1.19363
1.22236
1.23864
1.25591
1.28446
1.27974
1.31877
1.45468
93.5541
1017.35
1027.08
1027.08
1027.09
1027.09
1027.09
1027.09
1027.08
1027.08
1027.09
1027.09
1027.09
1027.1
1027.1
1027.1
1027.1
1027.1
1027.1
1027.1
1027.1
1027.1
1027.1
1027.1
1027.1
1027.1
1027.1
1027.1
1027.1
1027.1
1027.1
1027.1
1027.1
1027.1
1027.1
1027.1
1027.1
1.16068
1.16059
1.16054
1.16072
1.16083
1.16149
1.16179
1.1638
1.16656
1.16804
1.16857
1.16882
1.16889
1.16891
1.16891
1.16892
1.16892
1.16892
1.16892
1.16892
1.16892
1.16892
1.16893
1.16893
1.16893
1.16893
1.16893
1.16894
1.16894
1.16894
1.16894
1.16894
1.16894
1.16895
1.16895
1.16895
1.16895
1.16895
1.16895
1.16896
1.16896
1.16896
1.16896
1.16897
1.16897
1.16898
1.16897
1.16904
1.16924
1.171
1.17525
1.1906
1.21816
1.23508
1.24855
1.2716
1.26062
1.35698
1.68873
50.9705
964.139
1027.1
1027.09
1027.09
1027.09
1027.09
1027.09
1027.1
1027.1
1027.1
1027.1
1027.1
1027.1
1027.1
1027.1
1027.1
1027.1
1027.1
1027.1
1027.1
1027.1
1027.1
1027.1
1027.1
1027.1
1027.1
1027.1
1027.1
1027.1
1027.1
1027.1
1027.1
1027.1
1027.1
1027.1
1027.1
1.16017
1.16044
1.16066
1.16104
1.16158
1.16296
1.16388
1.16552
1.16737
1.16839
1.16873
1.16886
1.16889
1.16891
1.16892
1.16892
1.16892
1.16892
1.16892
1.16893
1.16893
1.16893
1.16893
1.16893
1.16893
1.16894
1.16894
1.16894
1.16894
1.16894
1.16894
1.16895
1.16895
1.16895
1.16895
1.16895
1.16895
1.16896
1.16896
1.16896
1.16896
1.16897
1.16896
1.16897
1.16897
1.16898
1.16897
1.16903
1.16913
1.17014
1.17338
1.18993
1.22037
1.23641
1.24207
1.26348
1.26387
1.44746
1.99917
52.8381
986.846
1027.1
1027.09
1027.09
1027.09
1027.1
1027.1
1027.1
1027.1
1027.1
1027.1
1027.1
1027.1
1027.1
1027.1
1027.1
1027.1
1027.1
1027.1
1027.1
1027.1
1027.1
1027.1
1027.1
1027.1
1027.1
1027.1
1027.1
1027.1
1027.1
1027.1
1027.1
1027.1
1027.1
1027.1
1027.1
1.15997
1.16008
1.15991
1.16002
1.16009
1.16194
1.16525
1.16638
1.16788
1.1686
1.16877
1.16883
1.16887
1.1689
1.16891
1.16892
1.16892
1.16892
1.16892
1.16892
1.16893
1.16893
1.16893
1.16893
1.16893
1.16893
1.16894
1.16894
1.16894
1.16894
1.16894
1.16895
1.16895
1.16895
1.16895
1.16895
1.16895
1.16896
1.16896
1.16896
1.16896
1.16897
1.16896
1.16897
1.16897
1.16898
1.16897
1.16902
1.16909
1.16993
1.1734
1.19027
1.2192
1.23648
1.24121
1.25557
1.28578
1.58812
2.22232
66.1041
992.03
1027.09
1027.1
1027.1
1027.1
1027.1
1027.1
1027.1
1027.1
1027.1
1027.1
1027.1
1027.1
1027.1
1027.1
1027.1
1027.1
1027.1
1027.1
1027.1
1027.1
1027.1
1027.1
1027.1
1027.1
1027.1
1027.1
1027.1
1027.1
1027.1
1027.1
1027.1
1027.1
1027.1
1027.1
1027.1
1.15968
1.15967
1.15967
1.15969
1.15975
1.15992
1.16417
1.16754
1.16824
1.16861
1.16871
1.16879
1.16885
1.1689
1.16891
1.16892
1.16892
1.16892
1.16892
1.16892
1.16892
1.16893
1.16893
1.16893
1.16893
1.16893
1.16893
1.16894
1.16894
1.16894
1.16894
1.16894
1.16895
1.16895
1.16895
1.16895
1.16895
1.16896
1.16896
1.16896
1.16896
1.16897
1.16896
1.16897
1.16896
1.16898
1.16896
1.16902
1.1691
1.17016
1.1741
1.19045
1.2194
1.23925
1.2453
1.25682
1.25486
1.627
2.71122
46.9912
968.728
1026.85
1027.1
1027.1
1027.1
1027.1
1027.1
1027.1
1027.1
1027.1
1027.1
1027.1
1027.1
1027.1
1027.1
1027.1
1027.1
1027.1
1027.1
1027.1
1027.1
1027.1
1027.1
1027.1
1027.1
1027.1
1027.1
1027.1
1027.1
1027.1
1027.1
1027.1
1027.1
1027.1
1027.1
1027.1
1.16289
1.16367
1.16446
1.16515
1.16579
1.16649
1.16739
1.16842
1.16877
1.16885
1.16889
1.16891
1.16891
1.16892
1.16892
1.16892
1.16892
1.16892
1.16892
1.16893
1.16893
1.16893
1.16893
1.16893
1.16893
1.16893
1.16894
1.16894
1.16894
1.16894
1.16894
1.16894
1.16895
1.16895
1.16895
1.16895
1.16895
1.16895
1.16895
1.16896
1.16896
1.16896
1.16896
1.16897
1.16896
1.16897
1.16896
1.16899
1.169
1.16916
1.17083
1.18972
1.21412
1.23704
1.24018
1.27864
1.41516
1.92643
3.29619
84.2222
995.27
1026.97
1027.09
1027.1
1027.1
1027.1
1027.1
1027.1
1027.1
1027.1
1027.1
1027.1
1027.1
1027.1
1027.1
1027.1
1027.1
1027.1
1027.1
1027.1
1027.1
1027.1
1027.1
1027.1
1027.1
1027.1
1027.1
1027.1
1027.1
1027.1
1027.1
1027.1
1027.1
1027.1
1027.1
1027.1
1.16248
1.1633
1.1644
1.16519
1.16583
1.16656
1.16757
1.16846
1.16876
1.16884
1.16888
1.1689
1.16891
1.16891
1.16892
1.16892
1.16892
1.16892
1.16892
1.16893
1.16893
1.16893
1.16893
1.16893
1.16893
1.16893
1.16894
1.16894
1.16894
1.16894
1.16894
1.16894
1.16895
1.16895
1.16895
1.16895
1.16895
1.16895
1.16896
1.16896
1.16896
1.16896
1.16896
1.16897
1.16896
1.16897
1.16896
1.169
1.16905
1.16925
1.17118
1.19064
1.21355
1.23507
1.23972
1.27305
1.42146
2.07853
4.60608
74.8863
978.803
1026.84
1027.09
1027.1
1027.1
1027.1
1027.1
1027.1
1027.1
1027.1
1027.1
1027.1
1027.1
1027.1
1027.1
1027.1
1027.1
1027.1
1027.1
1027.1
1027.1
1027.1
1027.1
1027.1
1027.1
1027.1
1027.1
1027.1
1027.1
1027.1
1027.1
1027.1
1027.1
1027.1
1027.1
1027.1
1.16202
1.16294
1.16434
1.16525
1.16594
1.16672
1.16772
1.16849
1.16874
1.16881
1.16886
1.16889
1.16891
1.16891
1.16891
1.16892
1.16892
1.16892
1.16892
1.16892
1.16893
1.16893
1.16893
1.16893
1.16893
1.16893
1.16893
1.16894
1.16894
1.16894
1.16894
1.16894
1.16894
1.16895
1.16895
1.16895
1.16895
1.16895
1.16895
1.16896
1.16896
1.16896
1.16896
1.16896
1.16896
1.16897
1.16896
1.16901
1.16911
1.1694
1.17167
1.19007
1.2142
1.23564
1.2398
1.26333
1.36986
1.90954
3.46562
65.9625
989.76
1026.97
1027.09
1027.09
1027.1
1027.1
1027.1
1027.1
1027.1
1027.1
1027.1
1027.1
1027.1
1027.1
1027.1
1027.1
1027.1
1027.1
1027.1
1027.1
1027.1
1027.1
1027.1
1027.1
1027.1
1027.1
1027.1
1027.1
1027.1
1027.1
1027.1
1027.1
1027.1
1027.1
1027.1
1027.1
1.16162
1.16268
1.16427
1.16534
1.16604
1.16684
1.16777
1.16847
1.16871
1.1688
1.16886
1.16889
1.1689
1.16891
1.16891
1.16892
1.16892
1.16892
1.16892
1.16892
1.16892
1.16893
1.16893
1.16893
1.16893
1.16893
1.16893
1.16893
1.16894
1.16894
1.16894
1.16894
1.16894
1.16894
1.16895
1.16895
1.16895
1.16895
1.16895
1.16896
1.16895
1.16896
1.16896
1.16896
1.16896
1.16897
1.16896
1.16902
1.16911
1.16959
1.17246
1.19054
1.21684
1.23659
1.23903
1.27362
1.32904
1.83113
3.03344
67.935
992.675
1027
1027.09
1027.09
1027.1
1027.1
1027.1
1027.1
1027.1
1027.1
1027.1
1027.1
1027.1
1027.1
1027.1
1027.1
1027.1
1027.1
1027.1
1027.1
1027.1
1027.1
1027.1
1027.1
1027.1
1027.1
1027.1
1027.1
1027.1
1027.1
1027.1
1027.1
1027.1
1027.1
1027.1
1027.1
1.1609
1.16209
1.16401
1.1653
1.16611
1.16688
1.16776
1.16846
1.1687
1.16879
1.16885
1.16888
1.1689
1.16891
1.16891
1.16891
1.16892
1.16892
1.16892
1.16892
1.16892
1.16892
1.16893
1.16893
1.16893
1.16893
1.16893
1.16893
1.16894
1.16894
1.16894
1.16894
1.16894
1.16894
1.16895
1.16895
1.16895
1.16895
1.16895
1.16895
1.16895
1.16896
1.16896
1.16896
1.16896
1.16897
1.16897
1.16902
1.16908
1.16973
1.17428
1.19388
1.21864
1.23665
1.23816
1.28242
1.30698
1.75904
2.53932
81.6757
1002.24
1026.81
1026.95
1027.06
1027.09
1027.09
1027.09
1027.1
1027.1
1027.1
1027.1
1027.1
1027.1
1027.1
1027.1
1027.1
1027.1
1027.1
1027.1
1027.1
1027.1
1027.1
1027.1
1027.1
1027.1
1027.1
1027.1
1027.1
1027.1
1027.1
1027.1
1027.1
1027.1
1027.1
1027.1
1027.1
1.16083
1.16142
1.16339
1.1651
1.16607
1.16686
1.16771
1.16844
1.16869
1.16878
1.16884
1.16888
1.1689
1.16891
1.16891
1.16891
1.16891
1.16892
1.16892
1.16892
1.16892
1.16892
1.16893
1.16893
1.16893
1.16893
1.16893
1.16893
1.16893
1.16894
1.16894
1.16894
1.16894
1.16894
1.16894
1.16895
1.16895
1.16895
1.16895
1.16895
1.16895
1.16896
1.16896
1.16896
1.16896
1.16897
1.16897
1.16902
1.16906
1.1701
1.17879
1.20117
1.21944
1.23555
1.2388
1.27523
1.28151
1.62825
2.32346
101.047
1003.04
1025.4
1025.68
1026.46
1026.89
1027.03
1027.06
1027.06
1027.05
1027.05
1027.05
1027.05
1027.05
1027.05
1027.03
1027.01
1027
1027.01
1027.02
1027.03
1027.05
1027.06
1027.07
1027.08
1027.09
1027.1
1027.1
1027.1
1027.1
1027.1
1027.1
1027.1
1027.1
1027.1
1027.1
1027.1
1.16095
1.16104
1.16234
1.16451
1.16595
1.16679
1.16763
1.16841
1.16869
1.16878
1.16884
1.16887
1.16889
1.1689
1.16891
1.16891
1.16891
1.16892
1.16892
1.16892
1.16892
1.16892
1.16892
1.16893
1.16893
1.16893
1.16893
1.16893
1.16893
1.16894
1.16894
1.16894
1.16894
1.16894
1.16894
1.16895
1.16895
1.16895
1.16895
1.16895
1.16895
1.16896
1.16895
1.16896
1.16896
1.16897
1.16897
1.16901
1.16905
1.17052
1.18083
1.2001
1.2106
1.23154
1.236
1.27189
1.29655
1.47538
2.0245
123.099
1003.54
1023.32
1023.21
1024.39
1025.29
1026
1026.21
1026.36
1026.45
1026.32
1026.23
1026.18
1026.2
1026.24
1026.14
1025.72
1025.5
1025.55
1025.92
1026.08
1026.29
1026.48
1026.73
1026.9
1026.98
1027.05
1027.08
1027.1
1027.1
1027.1
1027.1
1027.1
1027.1
1027.1
1027.1
1027.1
1.16107
1.16108
1.16157
1.16353
1.16564
1.16667
1.1675
1.16834
1.16868
1.16877
1.16883
1.16886
1.16889
1.1689
1.16891
1.16891
1.16891
1.16891
1.16892
1.16892
1.16892
1.16892
1.16892
1.16893
1.16893
1.16893
1.16893
1.16893
1.16893
1.16893
1.16894
1.16894
1.16894
1.16894
1.16894
1.16894
1.16895
1.16895
1.16895
1.16895
1.16895
1.16896
1.16895
1.16896
1.16896
1.16897
1.16896
1.16901
1.16906
1.1708
1.18129
1.19819
1.20809
1.22274
1.23033
1.28954
1.35966
1.40842
1.89512
132.418
1006.81
1022.66
1022.46
1022.63
1022.75
1022.87
1022.98
1022.99
1022.67
1022.19
1022.05
1022.1
1022.13
1022.69
1022.84
1021.92
1021.18
1021.55
1022.96
1023.68
1024.39
1025.62
1026.26
1026.58
1026.8
1026.94
1027.04
1027.08
1027.09
1027.1
1027.1
1027.1
1027.1
1027.1
1027.1
1027.1
1.16098
1.1611
1.16123
1.1624
1.16508
1.16646
1.16733
1.1682
1.16865
1.16877
1.16883
1.16886
1.16889
1.1689
1.16891
1.16891
1.16891
1.16891
1.16891
1.16892
1.16892
1.16892
1.16892
1.16892
1.16893
1.16893
1.16893
1.16893
1.16893
1.16893
1.16893
1.16894
1.16894
1.16894
1.16894
1.16894
1.16894
1.16895
1.16895
1.16895
1.16895
1.16896
1.16895
1.16896
1.16895
1.16897
1.16896
1.169
1.16907
1.17111
1.18184
1.19734
1.20621
1.21996
1.22654
1.28553
1.33509
1.37012
2.08215
98.8097
1004.19
1023.56
1023.13
1023.05
1023.13
1022.81
1022.86
1023.39
1023.48
1023.26
1022.49
1022.11
1022.21
1023.27
1023.89
1024.21
1024.11
1024.33
1025.16
1025.76
1026.07
1026.14
1026.19
1026.32
1026.48
1026.72
1026.94
1027.03
1027.07
1027.09
1027.1
1027.1
1027.1
1027.1
1027.1
1027.1
1.16077
1.1611
1.1612
1.16164
1.16403
1.16592
1.16699
1.16796
1.16858
1.16876
1.16882
1.16887
1.16889
1.1689
1.16891
1.16891
1.16891
1.16891
1.16892
1.16892
1.16892
1.16892
1.16892
1.16892
1.16893
1.16893
1.16893
1.16893
1.16893
1.16893
1.16893
1.16894
1.16894
1.16894
1.16894
1.16894
1.16894
1.16895
1.16895
1.16895
1.16895
1.16896
1.16895
1.16896
1.16896
1.16897
1.16896
1.169
1.1691
1.17158
1.18215
1.19579
1.20711
1.22546
1.2284
1.2828
1.31
1.3466
2.15582
75.1113
1001.09
1025.86
1025.67
1025.51
1025.47
1025.35
1025.27
1025.16
1025.35
1025.45
1025.37
1025.51
1025.82
1026.08
1026.34
1026.58
1026.73
1026.84
1026.93
1026.99
1027.02
1027.02
1027.03
1027.03
1027.04
1027.05
1027.07
1027.08
1027.09
1027.1
1027.1
1027.1
1027.1
1027.1
1027.1
1027.1
1.16047
1.16092
1.16107
1.16123
1.16177
1.16249
1.16386
1.16652
1.16832
1.16874
1.16882
1.16887
1.16889
1.1689
1.16891
1.16891
1.16891
1.16891
1.16892
1.16892
1.16892
1.16892
1.16892
1.16893
1.16893
1.16893
1.16893
1.16893
1.16893
1.16893
1.16894
1.16894
1.16894
1.16894
1.16894
1.16895
1.16895
1.16895
1.16895
1.16895
1.16895
1.16896
1.16895
1.16896
1.16896
1.16897
1.16897
1.16901
1.16916
1.17217
1.18282
1.19781
1.21428
1.23196
1.24726
1.26968
1.28551
1.33449
2.22525
57.4081
992.919
1026.75
1026.84
1026.85
1026.85
1026.84
1026.83
1026.84
1026.89
1026.94
1026.97
1027.01
1027.04
1027.06
1027.07
1027.09
1027.09
1027.1
1027.1
1027.1
1027.1
1027.1
1027.1
1027.1
1027.1
1027.1
1027.1
1027.1
1027.1
1027.1
1027.1
1027.1
1027.1
1027.1
1027.1
1027.1
1.16042
1.16067
1.16074
1.16081
1.16089
1.16087
1.1608
1.16176
1.16608
1.16852
1.16881
1.16886
1.16889
1.16891
1.16891
1.16891
1.16891
1.16892
1.16892
1.16892
1.16892
1.16892
1.16892
1.16893
1.16893
1.16893
1.16893
1.16893
1.16893
1.16894
1.16894
1.16894
1.16894
1.16894
1.16894
1.16895
1.16895
1.16895
1.16895
1.16895
1.16895
1.16896
1.16895
1.16896
1.16896
1.16897
1.16897
1.16902
1.16936
1.17323
1.18441
1.20013
1.21535
1.23139
1.26544
1.28323
1.27745
1.34183
2.07692
50.6137
986.814
1026.95
1027.08
1027.09
1027.09
1027.09
1027.09
1027.09
1027.09
1027.09
1027.1
1027.1
1027.1
1027.1
1027.1
1027.1
1027.1
1027.1
1027.1
1027.1
1027.1
1027.1
1027.1
1027.1
1027.1
1027.1
1027.1
1027.1
1027.1
1027.1
1027.1
1027.1
1027.1
1027.1
1027.1
1027.1
1.16008
1.16015
1.16019
1.16018
1.16015
1.16018
1.16038
1.16128
1.16545
1.16836
1.1688
1.16886
1.16889
1.16891
1.16891
1.16891
1.16891
1.16892
1.16892
1.16892
1.16892
1.16892
1.16893
1.16893
1.16893
1.16893
1.16893
1.16893
1.16893
1.16894
1.16894
1.16894
1.16894
1.16894
1.16894
1.16895
1.16895
1.16895
1.16895
1.16895
1.16895
1.16896
1.16896
1.16897
1.16896
1.16898
1.16897
1.16903
1.16937
1.17278
1.18118
1.19553
1.21552
1.23103
1.26259
1.26333
1.25265
1.39683
2.19435
48.855
969.613
1026.86
1027.09
1027.09
1027.09
1027.09
1027.1
1027.1
1027.1
1027.1
1027.1
1027.1
1027.1
1027.1
1027.1
1027.1
1027.1
1027.1
1027.1
1027.1
1027.1
1027.1
1027.1
1027.1
1027.1
1027.1
1027.1
1027.1
1027.1
1027.1
1027.1
1027.1
1027.1
1027.1
1027.1
1027.1
1.15986
1.16019
1.1602
1.16082
1.16119
1.16159
1.16115
1.16285
1.16632
1.16846
1.1688
1.16886
1.16889
1.16891
1.16891
1.16892
1.16892
1.16892
1.16892
1.16892
1.16892
1.16893
1.16893
1.16893
1.16893
1.16893
1.16893
1.16894
1.16894
1.16894
1.16894
1.16894
1.16894
1.16895
1.16895
1.16895
1.16895
1.16895
1.16895
1.16896
1.16895
1.16896
1.16896
1.16897
1.16896
1.16898
1.16897
1.16904
1.16926
1.17104
1.17486
1.18909
1.22024
1.23795
1.25095
1.26443
1.25206
1.51493
2.25934
48.1784
969.297
1026.86
1027.09
1027.09
1027.1
1027.09
1027.1
1027.1
1027.1
1027.1
1027.1
1027.1
1027.1
1027.1
1027.1
1027.1
1027.1
1027.1
1027.1
1027.1
1027.1
1027.1
1027.1
1027.1
1027.1
1027.1
1027.1
1027.1
1027.1
1027.1
1027.1
1027.1
1027.1
1027.1
1027.1
1027.1
1.15979
1.16033
1.16041
1.16066
1.16057
1.16235
1.16424
1.16514
1.16739
1.16859
1.1688
1.16886
1.16889
1.16891
1.16891
1.16892
1.16892
1.16892
1.16892
1.16892
1.16892
1.16893
1.16893
1.16893
1.16893
1.16893
1.16893
1.16893
1.16894
1.16894
1.16894
1.16894
1.16894
1.16894
1.16894
1.16895
1.16895
1.16895
1.16895
1.16895
1.16895
1.16896
1.16895
1.16897
1.16896
1.16897
1.16896
1.16901
1.16909
1.16969
1.17171
1.18829
1.2236
1.23905
1.24323
1.2581
1.28036
1.70264
2.67825
46.2936
967.905
1026.8
1027.09
1027.1
1027.1
1027.1
1027.1
1027.1
1027.1
1027.1
1027.1
1027.1
1027.1
1027.1
1027.1
1027.1
1027.1
1027.1
1027.1
1027.1
1027.1
1027.1
1027.1
1027.1
1027.1
1027.1
1027.1
1027.1
1027.1
1027.1
1027.1
1027.1
1027.1
1027.1
1027.1
1027.1
1.15946
1.15962
1.15971
1.15982
1.15992
1.16004
1.16358
1.16719
1.16811
1.1686
1.16874
1.16882
1.16886
1.1689
1.16891
1.16892
1.16892
1.16892
1.16892
1.16892
1.16892
1.16893
1.16893
1.16893
1.16893
1.16893
1.16893
1.16894
1.16894
1.16894
1.16894
1.16894
1.16894
1.16894
1.16895
1.16895
1.16895
1.16896
1.16896
1.16896
1.16897
1.16897
1.16897
1.16897
1.16897
1.16898
1.16896
1.16899
1.16907
1.16969
1.17161
1.18989
1.22379
1.24016
1.24644
1.25297
1.25367
1.48517
1.56433
49.0207
973.158
1026.87
1027.1
1027.1
1027.1
1027.1
1027.1
1027.1
1027.1
1027.1
1027.1
1027.1
1027.1
1027.1
1027.1
1027.1
1027.1
1027.1
1027.1
1027.1
1027.1
1027.1
1027.1
1027.1
1027.1
1027.1
1027.1
1027.1
1027.1
1027.1
1027.1
1027.1
1027.1
1027.1
1027.1
1027.1
)
;

boundaryField
{
    outlet
    {
        type            calculated;
        value           nonuniform List<scalar> 
64
(
1.16402
1.16361
1.16327
1.16305
1.16294
1.16291
1.16296
1.16295
1.15862
1.15862
1.15862
1.15862
1.15862
1.15862
1.15862
1.15862
1.16354
1.16285
1.16242
1.16209
1.1619
1.15862
1.15862
1.15862
1.15862
1.15862
1.15862
1.15862
1.15862
1.15862
1.15862
1.15862
1.16261
1.16168
1.16146
1.15862
1.15862
1.15862
1.15862
1.15862
1.15862
1.15862
1.15862
1.15862
1.15862
1.15862
1.15862
1.15862
1.16289
1.16248
1.15862
1.15862
1.15862
1.15862
1.15862
1.15862
1.15862
1.15862
1.15862
1.15862
1.15862
1.15862
1.15862
1.15862
)
;
    }
    inlet
    {
        type            calculated;
        value           uniform 1.21033;
    }
    walls
    {
        type            calculated;
        value           nonuniform List<scalar> 
3903
(
1.16402
1.16402
1.16491
1.16491
1.16534
1.16534
1.16578
1.16578
1.16625
1.16625
1.16679
1.16679
1.16736
1.16736
1.16825
1.16825
1.1688
1.1688
1.16888
1.16888
1.16889
1.16889
1.16889
1.16889
1.1689
1.1689
1.1689
1.1689
1.1689
1.1689
1.16891
1.16891
1.16891
1.16891
1.16891
1.16891
1.16891
1.16891
1.16891
1.16891
1.16891
1.16891
1.16891
1.16891
1.16892
1.16892
1.16892
1.16892
1.16892
1.16892
1.16892
1.16892
1.16892
1.16892
1.16892
1.16892
1.16892
1.16892
1.16893
1.16893
1.16893
1.16893
1.16893
1.16893
1.16893
1.16893
1.16893
1.16893
1.16893
1.16893
1.16894
1.16894
1.16893
1.16893
1.16894
1.16894
1.16894
1.16894
1.16894
1.16894
1.16894
1.16894
1.16894
1.16894
1.16894
1.16894
1.16895
1.16895
1.16894
1.16894
1.16895
1.16895
1.16894
1.16894
1.16897
1.16897
1.16897
1.16897
1.16918
1.16918
1.17166
1.17166
1.19038
1.19038
1.21986
1.21986
1.23091
1.23091
1.23745
1.23745
1.28801
1.28801
1.42029
1.42029
1.83311
1.83311
3.40144
3.40144
88.3849
88.3849
1006.06
1006.06
1027.03
1027.03
1027.09
1027.09
1027.1
1027.1
1027.1
1027.1
1027.1
1027.1
1027.1
1027.1
1027.1
1027.1
1027.1
1027.1
1027.1
1027.1
1027.1
1027.1
1027.1
1027.1
1027.1
1027.1
1027.1
1027.1
1027.1
1027.1
1027.1
1027.1
1027.1
1027.1
1027.1
1027.1
1027.1
1027.1
1027.1
1027.1
1027.1
1027.1
1027.1
1027.1
1027.1
1027.1
1027.1
1027.1
1027.1
1027.1
1027.1
1027.1
1027.1
1027.1
1027.1
1027.1
1027.1
1027.1
1027.1
1027.1
1027.1
1027.1
1027.1
1027.1
1027.1
1027.1
1027.1
1027.1
1027.1
1027.1
1027.1
1027.1
1027.1
1.16361
1.16475
1.16549
1.16601
1.16657
1.16708
1.16773
1.16843
1.16883
1.16888
1.16889
1.1689
1.1689
1.16891
1.16891
1.16891
1.16891
1.16891
1.16891
1.16892
1.16892
1.16892
1.16892
1.16892
1.16892
1.16893
1.16893
1.16893
1.16893
1.16893
1.16893
1.16894
1.16894
1.16894
1.16894
1.16894
1.16894
1.16895
1.16894
1.16895
1.16894
1.16896
1.16895
1.16896
1.16895
1.16897
1.16895
1.16901
1.16904
1.16933
1.1755
1.19744
1.21551
1.22807
1.24001
1.27069
1.40328
1.99829
4.15626
76.6244
1000.15
1027.02
1027.09
1027.1
1027.1
1027.1
1027.1
1027.1
1027.1
1027.1
1027.1
1027.1
1027.1
1027.1
1027.1
1027.1
1027.1
1027.1
1027.1
1027.1
1027.1
1027.1
1027.1
1027.1
1027.1
1027.1
1027.1
1027.1
1027.1
1027.1
1027.1
1027.1
1027.1
1027.1
1027.1
1027.1
1027.1
1.16327
1.16424
1.16507
1.1657
1.16639
1.16707
1.16783
1.16843
1.16872
1.1688
1.16884
1.16888
1.1689
1.16891
1.16891
1.16891
1.16891
1.16891
1.16892
1.16892
1.16892
1.16892
1.16892
1.16892
1.16892
1.16893
1.16893
1.16893
1.16893
1.16893
1.16893
1.16894
1.16894
1.16894
1.16894
1.16894
1.16894
1.16895
1.16894
1.16895
1.16895
1.16896
1.16895
1.16896
1.16895
1.16897
1.16895
1.16904
1.16912
1.16992
1.17831
1.19744
1.2123
1.22596
1.22889
1.265
1.34693
1.80675
2.67387
69.3253
1001.43
1027.05
1027.09
1027.1
1027.1
1027.1
1027.1
1027.1
1027.1
1027.1
1027.1
1027.1
1027.1
1027.1
1027.1
1027.1
1027.1
1027.1
1027.1
1027.1
1027.1
1027.1
1027.1
1027.1
1027.1
1027.1
1027.1
1027.1
1027.1
1027.1
1027.1
1027.1
1027.1
1027.1
1027.1
1027.1
1027.1
1.16306
1.16376
1.16463
1.16526
1.16596
1.16661
1.16751
1.16835
1.16868
1.16876
1.16881
1.16887
1.16889
1.1689
1.16891
1.16891
1.16891
1.16891
1.16891
1.16891
1.16892
1.16892
1.16892
1.16892
1.16892
1.16892
1.16892
1.16893
1.16893
1.16893
1.16893
1.16893
1.16893
1.16894
1.16894
1.16894
1.16894
1.16894
1.16894
1.16895
1.16894
1.16895
1.16895
1.16896
1.16895
1.16897
1.16895
1.16903
1.16915
1.17079
1.18035
1.19247
1.19764
1.21116
1.21943
1.2735
1.3218
1.74124
2.09595
75.6859
998.994
1027.05
1027.09
1027.1
1027.1
1027.1
1027.1
1027.1
1027.1
1027.1
1027.1
1027.1
1027.1
1027.1
1027.1
1027.1
1027.1
1027.1
1027.1
1027.1
1027.1
1027.1
1027.1
1027.1
1027.1
1027.1
1027.1
1027.1
1027.1
1027.1
1027.1
1027.1
1027.1
1027.1
1027.1
1027.1
1027.1
1.16294
1.16333
1.1642
1.1648
1.16554
1.16616
1.16701
1.16789
1.1686
1.16875
1.1688
1.16887
1.1689
1.16891
1.16891
1.16891
1.16891
1.16891
1.16892
1.16892
1.16892
1.16892
1.16892
1.16892
1.16893
1.16893
1.16893
1.16893
1.16893
1.16893
1.16893
1.16894
1.16894
1.16894
1.16894
1.16894
1.16894
1.16895
1.16894
1.16895
1.16894
1.16895
1.16895
1.16896
1.16895
1.16897
1.16896
1.16904
1.16935
1.17165
1.17821
1.18402
1.18648
1.19888
1.21782
1.28153
1.28575
1.622
1.3481
96.332
999.58
1027
1027.06
1027.09
1027.09
1027.09
1027.09
1027.1
1027.1
1027.1
1027.1
1027.1
1027.1
1027.1
1027.1
1027.1
1027.1
1027.1
1027.1
1027.1
1027.1
1027.1
1027.1
1027.1
1027.1
1027.1
1027.1
1027.1
1027.1
1027.1
1027.1
1027.1
1027.1
1027.1
1027.1
1027.1
1027.1
1.16291
1.16306
1.16386
1.16438
1.16514
1.16577
1.16655
1.1673
1.16834
1.16871
1.16877
1.16885
1.16889
1.1689
1.1689
1.16891
1.16891
1.16891
1.16891
1.16891
1.16891
1.16892
1.16892
1.16892
1.16892
1.16892
1.16892
1.16892
1.16893
1.16893
1.16893
1.16893
1.16893
1.16894
1.16894
1.16894
1.16894
1.16894
1.16894
1.16895
1.16894
1.16895
1.16895
1.16896
1.16895
1.16897
1.16896
1.16906
1.16942
1.17118
1.17514
1.17987
1.18487
1.1964
1.23732
1.31304
1.30035
1.50213
1.30127
132.117
999.045
1026.03
1026.38
1026.87
1026.99
1027.05
1027.07
1027.08
1027.08
1027.08
1027.08
1027.08
1027.07
1027.07
1027.07
1027.07
1027.07
1027.07
1027.08
1027.09
1027.09
1027.09
1027.09
1027.09
1027.09
1027.09
1027.09
1027.09
1027.09
1027.09
1027.1
1027.1
1027.1
1027.1
1027.1
1027.1
1027.1
1.16296
1.16296
1.16367
1.16405
1.16479
1.16541
1.16628
1.167
1.16784
1.16855
1.16873
1.16884
1.16889
1.16891
1.16891
1.16891
1.16891
1.16891
1.16891
1.16892
1.16892
1.16892
1.16892
1.16892
1.16892
1.16892
1.16892
1.16893
1.16893
1.16893
1.16893
1.16893
1.16893
1.16894
1.16894
1.16894
1.16894
1.16894
1.16894
1.16895
1.16894
1.16895
1.16895
1.16896
1.16895
1.16897
1.16896
1.16908
1.16945
1.17089
1.17436
1.18045
1.1908
1.20794
1.27703
1.36352
1.34973
1.42769
1.19244
200.281
1013.5
1022.57
1023.16
1024.85
1025.75
1026.16
1026.3
1026.48
1026.59
1026.52
1026.5
1026.53
1026.53
1026.49
1026.48
1026.47
1026.5
1026.61
1026.64
1026.58
1026.66
1026.69
1026.62
1026.52
1026.45
1026.39
1026.37
1026.34
1026.32
1026.4
1026.44
1026.79
1026.99
1027.1
1027.1
1027.1
1027.1
1.16295
1.16296
1.16362
1.16387
1.16452
1.16507
1.16605
1.16689
1.1675
1.16838
1.16867
1.16883
1.16889
1.1689
1.16891
1.16891
1.16891
1.16891
1.16891
1.16892
1.16892
1.16892
1.16892
1.16892
1.16892
1.16893
1.16893
1.16893
1.16893
1.16893
1.16893
1.16894
1.16894
1.16894
1.16894
1.16894
1.16894
1.16895
1.16895
1.16895
1.16895
1.16895
1.16895
1.16896
1.16896
1.16897
1.16896
1.16908
1.16942
1.1709
1.17396
1.18291
1.20086
1.2161
1.302
1.38833
1.36245
1.36865
1.16897
258.689
1005.75
1017.39
1017.89
1019.38
1021.04
1021.75
1021.81
1021.39
1021
1021.72
1022.03
1021.83
1021.82
1021.3
1020.09
1018.47
1017.08
1015.93
1013.11
1010.21
1008.63
1006.88
1005.34
1004.81
1004.37
1003.15
1002
1001.12
1000.3
999.282
998.581
998.42
1000.48
1002.82
1007.96
1013.6
1013.6
1.16278
1.16303
1.16371
1.1638
1.16439
1.16483
1.1658
1.16706
1.16758
1.16832
1.16865
1.16881
1.16888
1.1689
1.1689
1.1689
1.1689
1.16891
1.16891
1.16891
1.16891
1.16892
1.16892
1.16892
1.16892
1.16892
1.16892
1.16893
1.16893
1.16893
1.16893
1.16893
1.16893
1.16894
1.16894
1.16894
1.16894
1.16894
1.16894
1.16895
1.16895
1.16895
1.16895
1.16896
1.16896
1.16897
1.16897
1.1691
1.16943
1.17091
1.17386
1.18454
1.20732
1.2182
1.27208
1.37061
1.35069
1.33464
1.16897
219.367
1002.13
1014.49
1013.91
1013.65
1013.97
1015.46
1016.51
1016.87
1016.22
1014.54
1015.02
1014.16
1010.64
1010.33
1010.59
1009.74
1009.47
1010.15
1010.03
1009.85
1010.13
1006.96
1006.6
1009.9
1010.15
1010.09
1009.53
1009.35
1009.35
1009.27
1010.2
1011.68
1013.93
1017.25
1021.37
1024.57
1024.57
1.16271
1.16293
1.16367
1.16384
1.16441
1.16473
1.16557
1.16722
1.16771
1.16826
1.16862
1.16879
1.16886
1.1689
1.16891
1.16891
1.16891
1.16891
1.16891
1.16892
1.16892
1.16892
1.16892
1.16892
1.16892
1.16892
1.16893
1.16893
1.16893
1.16893
1.16893
1.16893
1.16894
1.16894
1.16894
1.16894
1.16894
1.16894
1.16894
1.16895
1.16895
1.16895
1.16895
1.16896
1.16896
1.16897
1.16896
1.1691
1.1694
1.17061
1.17354
1.18669
1.21121
1.23527
1.25007
1.32982
1.32664
1.32109
1.16897
233.495
1005.22
1015.13
1013.68
1012.32
1012.32
1012.32
1013.53
1014.72
1014.43
1013.52
1012.29
1012.28
1012.33
1013.91
1015.08
1014.21
1014.73
1017.58
1020.12
1022.34
1023.2
1023.57
1024.04
1024.35
1024.66
1024.67
1024.15
1023.97
1024.2
1024.47
1024.76
1025.15
1025.72
1026.32
1026.78
1026.97
1026.97
1.16244
1.16254
1.16343
1.1639
1.1648
1.16548
1.16599
1.16747
1.16788
1.16825
1.16854
1.16873
1.16883
1.16889
1.1689
1.16891
1.16891
1.16891
1.16891
1.16891
1.16892
1.16892
1.16892
1.16892
1.16892
1.16892
1.16893
1.16893
1.16893
1.16893
1.16893
1.16893
1.16894
1.16894
1.16894
1.16894
1.16894
1.16894
1.16894
1.16895
1.16895
1.16895
1.16895
1.16896
1.16896
1.16897
1.16896
1.16909
1.16934
1.17047
1.17435
1.19167
1.22177
1.24849
1.24522
1.28745
1.30724
1.30387
1.16897
231.135
1011.16
1019.89
1020.1
1020.28
1018.47
1016.38
1015.65
1015.48
1015.84
1016.82
1017.62
1018.88
1020.68
1022.48
1023.71
1024.45
1025.33
1026.17
1026.72
1026.97
1027.03
1027.05
1027.05
1027.05
1027.05
1027.05
1027.05
1027.05
1027.04
1027.05
1027.06
1027.07
1027.08
1027.09
1027.1
1027.1
1027.1
1.16198
1.16194
1.16289
1.16365
1.16488
1.16606
1.16668
1.16758
1.16805
1.16836
1.16858
1.16878
1.16886
1.1689
1.16891
1.16891
1.16891
1.16891
1.16891
1.16891
1.16892
1.16892
1.16892
1.16892
1.16892
1.16893
1.16893
1.16893
1.16893
1.16893
1.16893
1.16894
1.16894
1.16894
1.16894
1.16894
1.16895
1.16895
1.16895
1.16895
1.16895
1.16896
1.16896
1.16896
1.16896
1.16897
1.16896
1.16907
1.16929
1.17055
1.1753
1.19448
1.22925
1.25311
1.26426
1.27875
1.28001
1.27341
1.16897
181.462
1019.24
1024.63
1024.54
1024.22
1023.46
1023.17
1022.92
1022.81
1023.17
1024.1
1024.95
1025.79
1026.39
1026.75
1026.93
1027.03
1027.07
1027.09
1027.1
1027.1
1027.1
1027.1
1027.1
1027.1
1027.1
1027.1
1027.1
1027.1
1027.1
1027.1
1027.1
1027.1
1027.1
1027.1
1027.1
1027.1
1027.1
1.16124
1.16147
1.16217
1.16319
1.16482
1.16631
1.1675
1.16792
1.16833
1.16865
1.16877
1.16888
1.16891
1.16892
1.16892
1.16892
1.16892
1.16892
1.16892
1.16892
1.16892
1.16892
1.16892
1.16892
1.16893
1.16893
1.16893
1.16893
1.16893
1.16894
1.16894
1.16894
1.16894
1.16894
1.16894
1.16895
1.16895
1.16895
1.16895
1.16895
1.16895
1.16896
1.16896
1.16897
1.16896
1.16897
1.16896
1.16905
1.16923
1.17049
1.17558
1.1946
1.21343
1.23653
1.26264
1.27791
1.28279
1.32387
1.22255
131.93
1024.89
1026.8
1026.78
1026.78
1026.75
1026.73
1026.71
1026.72
1026.8
1026.93
1027.01
1027.06
1027.09
1027.09
1027.1
1027.1
1027.1
1027.1
1027.1
1027.1
1027.1
1027.1
1027.1
1027.1
1027.1
1027.1
1027.1
1027.1
1027.1
1027.1
1027.1
1027.1
1027.1
1027.1
1027.1
1027.1
1027.1
1.1608
1.16066
1.16101
1.16108
1.16219
1.16443
1.16718
1.1681
1.16848
1.16874
1.1688
1.16887
1.16891
1.16892
1.16892
1.16892
1.16892
1.16892
1.16892
1.16892
1.16892
1.16893
1.16893
1.16893
1.16893
1.16893
1.16893
1.16894
1.16894
1.16894
1.16894
1.16894
1.16894
1.16894
1.16895
1.16895
1.16895
1.16895
1.16895
1.16895
1.16896
1.16896
1.16896
1.16897
1.16896
1.16897
1.16896
1.16903
1.1692
1.17028
1.1758
1.19773
1.21187
1.23006
1.2558
1.27251
1.26153
1.37344
1.315
84.3732
1021.91
1027.09
1027.09
1027.09
1027.09
1027.09
1027.09
1027.09
1027.09
1027.1
1027.1
1027.1
1027.1
1027.1
1027.1
1027.1
1027.1
1027.1
1027.1
1027.1
1027.1
1027.1
1027.1
1027.1
1027.1
1027.1
1027.1
1027.1
1027.1
1027.1
1027.1
1027.1
1027.1
1027.1
1027.1
1027.1
1027.1
1.1605
1.16026
1.16038
1.16041
1.16081
1.16177
1.16443
1.16832
1.1686
1.16876
1.16881
1.16886
1.1689
1.16891
1.16891
1.16892
1.16892
1.16892
1.16892
1.16892
1.16892
1.16893
1.16893
1.16893
1.16893
1.16893
1.16893
1.16893
1.16894
1.16894
1.16894
1.16894
1.16894
1.16894
1.16895
1.16895
1.16895
1.16895
1.16895
1.16895
1.16895
1.16896
1.16896
1.16896
1.16896
1.16897
1.16896
1.16902
1.16917
1.17
1.17513
1.19652
1.21372
1.23181
1.24654
1.26592
1.27063
1.46441
1.73924
56.6008
996.477
1027.09
1027.1
1027.09
1027.09
1027.1
1027.1
1027.1
1027.1
1027.1
1027.1
1027.1
1027.1
1027.1
1027.1
1027.1
1027.1
1027.1
1027.1
1027.1
1027.1
1027.1
1027.1
1027.1
1027.1
1027.1
1027.1
1027.1
1027.1
1027.1
1027.1
1027.1
1027.1
1027.1
1027.1
1027.1
1027.1
1.15992
1.15992
1.16031
1.16031
1.16053
1.16053
1.16057
1.16057
1.16058
1.16058
1.16055
1.16055
1.16072
1.16072
1.16785
1.16785
1.16873
1.16873
1.16884
1.16884
1.16885
1.16885
1.16888
1.16888
1.16891
1.16891
1.16892
1.16892
1.16892
1.16892
1.16892
1.16892
1.16892
1.16892
1.16892
1.16892
1.16893
1.16893
1.16893
1.16893
1.16893
1.16893
1.16893
1.16893
1.16893
1.16893
1.16893
1.16893
1.16894
1.16894
1.16894
1.16894
1.16894
1.16894
1.16894
1.16894
1.16894
1.16894
1.16894
1.16894
1.16894
1.16894
1.16895
1.16895
1.16895
1.16895
1.16895
1.16895
1.16895
1.16895
1.16895
1.16895
1.16896
1.16896
1.16896
1.16896
1.16896
1.16896
1.16896
1.16896
1.16896
1.16896
1.16897
1.16897
1.16897
1.16897
1.16897
1.16897
1.16897
1.16897
1.16898
1.16898
1.16896
1.16896
1.16903
1.16903
1.16913
1.16913
1.17008
1.17008
1.17495
1.17495
1.19009
1.19009
1.21827
1.21827
1.24034
1.24034
1.25071
1.25071
1.25547
1.25547
1.24991
1.24991
1.3943
1.3943
1.40886
1.40886
37.6234
37.6234
993.985
993.985
1027
1027
1027.1
1027.1
1027.1
1027.1
1027.1
1027.1
1027.1
1027.1
1027.1
1027.1
1027.1
1027.1
1027.1
1027.1
1027.1
1027.1
1027.1
1027.1
1027.1
1027.1
1027.1
1027.1
1027.1
1027.1
1027.1
1027.1
1027.1
1027.1
1027.1
1027.1
1027.1
1027.1
1027.1
1027.1
1027.1
1027.1
1027.1
1027.1
1027.1
1027.1
1027.1
1027.1
1027.1
1027.1
1027.1
1027.1
1027.1
1027.1
1027.1
1027.1
1027.1
1027.1
1027.1
1027.1
1027.1
1027.1
1027.1
1027.1
1027.1
1027.1
1027.1
1027.1
1027.1
1027.1
1027.1
1027.1
1027.1
1027.1
1027.1
1.16354
1.16481
1.16533
1.16575
1.16616
1.16675
1.16761
1.16849
1.16875
1.1688
1.16885
1.16889
1.16891
1.16892
1.16892
1.16892
1.16892
1.16892
1.16893
1.16893
1.16893
1.16893
1.16893
1.16893
1.16893
1.16894
1.16894
1.16894
1.16894
1.16894
1.16894
1.16895
1.16895
1.16895
1.16895
1.16895
1.16896
1.16896
1.16896
1.16896
1.16896
1.16896
1.16897
1.16897
1.16896
1.16898
1.16897
1.16905
1.16925
1.16951
1.17064
1.18525
1.21901
1.2333
1.23671
1.28942
1.43295
2.00205
5.33322
99.6878
983.791
1026.9
1027.09
1027.1
1027.1
1027.1
1027.1
1027.1
1027.1
1027.1
1027.1
1027.1
1027.1
1027.1
1027.1
1027.1
1027.1
1027.1
1027.1
1027.1
1027.1
1027.1
1027.1
1027.1
1027.1
1027.1
1027.1
1027.1
1027.1
1027.1
1027.1
1027.1
1027.1
1027.1
1027.1
1027.1
1027.1
1027.1
1027.1
1027.1
1027.1
1027.1
1026.75
979.719
1026.32
1027.1
1027.1
1027.1
1027.1
1027.1
1.15977
1.15989
1.15987
1.15982
1.15987
1.16018
1.16252
1.16794
1.16848
1.16871
1.16877
1.16884
1.16889
1.16891
1.16891
1.16892
1.16892
1.16892
1.16892
1.16892
1.16893
1.16893
1.16893
1.16893
1.16893
1.16893
1.16894
1.16894
1.16894
1.16894
1.16894
1.16894
1.16895
1.16895
1.16895
1.16895
1.16895
1.16895
1.16896
1.16896
1.16896
1.16896
1.16896
1.16897
1.16896
1.16898
1.16896
1.16903
1.16911
1.17026
1.17515
1.18966
1.21784
1.23986
1.24689
1.2568
1.24938
1.56617
2.84971
53.1576
982.545
1026.97
1027.1
1027.1
1027.1
1027.1
1027.1
1027.1
1027.1
1027.1
1027.1
1027.1
1027.1
1027.1
1027.1
1027.1
1027.1
1027.1
1027.1
1027.1
1027.1
1027.1
1027.1
1027.1
1027.1
1027.1
1027.1
1027.1
1027.1
1027.1
1027.1
1027.1
1027.1
1027.1
1027.1
1027.1
1027.1
1.16262
1.16419
1.16506
1.16559
1.16603
1.16665
1.16757
1.1685
1.16877
1.16882
1.16886
1.16889
1.16891
1.16891
1.16891
1.16892
1.16892
1.16892
1.16892
1.16892
1.16892
1.16892
1.16893
1.16893
1.16893
1.16893
1.16893
1.16893
1.16893
1.16894
1.16894
1.16894
1.16894
1.16894
1.16895
1.16895
1.16895
1.16895
1.16895
1.16895
1.16895
1.16896
1.16896
1.16896
1.16896
1.16897
1.16895
1.16901
1.16913
1.16933
1.1701
1.1845
1.21472
1.23724
1.23975
1.28526
1.40606
2.0147
5.49214
93.4401
972.664
1026.76
1027.09
1027.1
1027.1
1027.1
1027.1
1027.1
1027.1
1027.1
1027.1
1027.1
1027.1
1027.1
1027.1
1027.1
1027.1
1027.1
1027.1
1027.1
1027.1
1027.1
1027.1
1027.1
1027.1
1027.1
1027.1
1027.1
1027.1
1027.1
1027.1
1027.1
1027.1
1027.1
1027.1
1027.1
1027.1
1027.1
1027.1
1027.1
1027.1
1027.1
1027.1
1026.26
1026.9
1027.09
1027.1
1027.1
1027.1
1027.1
1027.1
1.15968
1.15967
1.15967
1.15969
1.15975
1.15992
1.16417
1.16754
1.16824
1.16861
1.16871
1.16879
1.16885
1.1689
1.16891
1.16892
1.16892
1.16892
1.16892
1.16892
1.16892
1.16893
1.16893
1.16893
1.16893
1.16893
1.16893
1.16894
1.16894
1.16894
1.16894
1.16894
1.16895
1.16895
1.16895
1.16895
1.16895
1.16896
1.16896
1.16896
1.16896
1.16897
1.16896
1.16897
1.16896
1.16898
1.16896
1.16902
1.1691
1.17016
1.1741
1.19045
1.2194
1.23925
1.2453
1.25682
1.25486
1.627
2.71122
46.9912
968.728
1026.85
1027.1
1027.1
1027.1
1027.1
1027.1
1027.1
1027.1
1027.1
1027.1
1027.1
1027.1
1027.1
1027.1
1027.1
1027.1
1027.1
1027.1
1027.1
1027.1
1027.1
1027.1
1027.1
1027.1
1027.1
1027.1
1027.1
1027.1
1027.1
1027.1
1027.1
1027.1
1027.1
1027.1
1027.1
1027.1
1.16289
1.16289
1.16367
1.16367
1.16446
1.16446
1.16515
1.16515
1.16579
1.16579
1.16649
1.16649
1.16739
1.16739
1.16842
1.16842
1.16877
1.16877
1.16885
1.16885
1.16889
1.16889
1.16891
1.16891
1.16891
1.16891
1.16892
1.16892
1.16892
1.16892
1.16892
1.16892
1.16892
1.16892
1.16892
1.16892
1.16892
1.16892
1.16893
1.16893
1.16893
1.16893
1.16893
1.16893
1.16893
1.16893
1.16893
1.16893
1.16893
1.16893
1.16893
1.16893
1.16894
1.16894
1.16894
1.16894
1.16894
1.16894
1.16894
1.16894
1.16894
1.16894
1.16894
1.16894
1.16895
1.16895
1.16895
1.16895
1.16895
1.16895
1.16895
1.16895
1.16895
1.16895
1.16895
1.16895
1.16895
1.16895
1.16896
1.16896
1.16896
1.16896
1.16896
1.16896
1.16896
1.16896
1.16897
1.16897
1.16896
1.16896
1.16897
1.16897
1.16896
1.16896
1.16899
1.16899
1.169
1.169
1.16916
1.16916
1.17083
1.17083
1.18972
1.18972
1.21412
1.21412
1.23704
1.23704
1.24018
1.24018
1.27864
1.27864
1.41516
1.41516
1.92643
1.92643
3.29619
3.29619
84.2222
84.2222
995.27
995.27
1026.97
1026.97
1027.09
1027.09
1027.1
1027.1
1027.1
1027.1
1027.1
1027.1
1027.1
1027.1
1027.1
1027.1
1027.1
1027.1
1027.1
1027.1
1027.1
1027.1
1027.1
1027.1
1027.1
1027.1
1027.1
1027.1
1027.1
1027.1
1027.1
1027.1
1027.1
1027.1
1027.1
1027.1
1027.1
1027.1
1027.1
1027.1
1027.1
1027.1
1027.1
1027.1
1027.1
1027.1
1027.1
1027.1
1027.1
1027.1
1027.1
1027.1
1027.1
1027.1
1027.1
1027.1
1027.1
1027.1
1027.1
1027.1
1027.1
1027.1
1027.1
1027.1
1027.1
1027.1
1027.1
1027.1
1027.1
1027.1
1027.1
1027.1
1027.1
1.16248
1.1633
1.1644
1.16519
1.16583
1.16656
1.16757
1.16846
1.16876
1.16884
1.16888
1.1689
1.16891
1.16891
1.16892
1.16892
1.16892
1.16892
1.16892
1.16893
1.16893
1.16893
1.16893
1.16893
1.16893
1.16893
1.16894
1.16894
1.16894
1.16894
1.16894
1.16894
1.16895
1.16895
1.16895
1.16895
1.16895
1.16895
1.16896
1.16896
1.16896
1.16896
1.16896
1.16897
1.16896
1.16897
1.16896
1.169
1.16905
1.16925
1.17118
1.19064
1.21355
1.23507
1.23972
1.27305
1.42146
2.07853
4.60608
74.8863
978.803
1026.84
1027.09
1027.1
1027.1
1027.1
1027.1
1027.1
1027.1
1027.1
1027.1
1027.1
1027.1
1027.1
1027.1
1027.1
1027.1
1027.1
1027.1
1027.1
1027.1
1027.1
1027.1
1027.1
1027.1
1027.1
1027.1
1027.1
1027.1
1027.1
1027.1
1027.1
1027.1
1027.1
1027.1
1027.1
1027.1
1.16202
1.16294
1.16434
1.16525
1.16594
1.16672
1.16772
1.16849
1.16874
1.16881
1.16886
1.16889
1.16891
1.16891
1.16891
1.16892
1.16892
1.16892
1.16892
1.16892
1.16893
1.16893
1.16893
1.16893
1.16893
1.16893
1.16893
1.16894
1.16894
1.16894
1.16894
1.16894
1.16894
1.16895
1.16895
1.16895
1.16895
1.16895
1.16895
1.16896
1.16896
1.16896
1.16896
1.16896
1.16896
1.16897
1.16896
1.16901
1.16911
1.1694
1.17167
1.19007
1.2142
1.23564
1.2398
1.26333
1.36986
1.90954
3.46562
65.9625
989.76
1026.97
1027.09
1027.09
1027.1
1027.1
1027.1
1027.1
1027.1
1027.1
1027.1
1027.1
1027.1
1027.1
1027.1
1027.1
1027.1
1027.1
1027.1
1027.1
1027.1
1027.1
1027.1
1027.1
1027.1
1027.1
1027.1
1027.1
1027.1
1027.1
1027.1
1027.1
1027.1
1027.1
1027.1
1027.1
1027.1
1.16162
1.16268
1.16427
1.16534
1.16604
1.16684
1.16777
1.16847
1.16871
1.1688
1.16886
1.16889
1.1689
1.16891
1.16891
1.16892
1.16892
1.16892
1.16892
1.16892
1.16892
1.16893
1.16893
1.16893
1.16893
1.16893
1.16893
1.16893
1.16894
1.16894
1.16894
1.16894
1.16894
1.16894
1.16895
1.16895
1.16895
1.16895
1.16895
1.16896
1.16895
1.16896
1.16896
1.16896
1.16896
1.16897
1.16896
1.16902
1.16911
1.16959
1.17246
1.19054
1.21684
1.23659
1.23903
1.27362
1.32904
1.83113
3.03344
67.935
992.675
1027
1027.09
1027.09
1027.1
1027.1
1027.1
1027.1
1027.1
1027.1
1027.1
1027.1
1027.1
1027.1
1027.1
1027.1
1027.1
1027.1
1027.1
1027.1
1027.1
1027.1
1027.1
1027.1
1027.1
1027.1
1027.1
1027.1
1027.1
1027.1
1027.1
1027.1
1027.1
1027.1
1027.1
1027.1
1027.1
1.1609
1.16209
1.16401
1.1653
1.16611
1.16688
1.16776
1.16846
1.1687
1.16879
1.16885
1.16888
1.1689
1.16891
1.16891
1.16891
1.16892
1.16892
1.16892
1.16892
1.16892
1.16892
1.16893
1.16893
1.16893
1.16893
1.16893
1.16893
1.16894
1.16894
1.16894
1.16894
1.16894
1.16894
1.16895
1.16895
1.16895
1.16895
1.16895
1.16895
1.16895
1.16896
1.16896
1.16896
1.16896
1.16897
1.16897
1.16902
1.16908
1.16973
1.17428
1.19388
1.21864
1.23665
1.23816
1.28242
1.30698
1.75904
2.53932
81.6757
1002.24
1026.81
1026.95
1027.06
1027.09
1027.09
1027.09
1027.1
1027.1
1027.1
1027.1
1027.1
1027.1
1027.1
1027.1
1027.1
1027.1
1027.1
1027.1
1027.1
1027.1
1027.1
1027.1
1027.1
1027.1
1027.1
1027.1
1027.1
1027.1
1027.1
1027.1
1027.1
1027.1
1027.1
1027.1
1027.1
1027.1
1.16083
1.16142
1.16339
1.1651
1.16607
1.16686
1.16771
1.16844
1.16869
1.16878
1.16884
1.16888
1.1689
1.16891
1.16891
1.16891
1.16891
1.16892
1.16892
1.16892
1.16892
1.16892
1.16893
1.16893
1.16893
1.16893
1.16893
1.16893
1.16893
1.16894
1.16894
1.16894
1.16894
1.16894
1.16894
1.16895
1.16895
1.16895
1.16895
1.16895
1.16895
1.16896
1.16896
1.16896
1.16896
1.16897
1.16897
1.16902
1.16906
1.1701
1.17879
1.20117
1.21944
1.23555
1.2388
1.27523
1.28151
1.62825
2.32346
101.047
1003.04
1025.4
1025.68
1026.46
1026.89
1027.03
1027.06
1027.06
1027.05
1027.05
1027.05
1027.05
1027.05
1027.05
1027.03
1027.01
1027
1027.01
1027.02
1027.03
1027.05
1027.06
1027.07
1027.08
1027.09
1027.1
1027.1
1027.1
1027.1
1027.1
1027.1
1027.1
1027.1
1027.1
1027.1
1027.1
1027.1
1.16095
1.16104
1.16234
1.16451
1.16595
1.16679
1.16763
1.16841
1.16869
1.16878
1.16884
1.16887
1.16889
1.1689
1.16891
1.16891
1.16891
1.16892
1.16892
1.16892
1.16892
1.16892
1.16892
1.16893
1.16893
1.16893
1.16893
1.16893
1.16893
1.16894
1.16894
1.16894
1.16894
1.16894
1.16894
1.16895
1.16895
1.16895
1.16895
1.16895
1.16895
1.16896
1.16895
1.16896
1.16896
1.16897
1.16897
1.16901
1.16905
1.17052
1.18083
1.2001
1.2106
1.23154
1.236
1.27189
1.29655
1.47538
2.0245
123.099
1003.54
1023.32
1023.21
1024.39
1025.29
1026
1026.21
1026.36
1026.45
1026.32
1026.23
1026.18
1026.2
1026.24
1026.14
1025.72
1025.5
1025.55
1025.92
1026.08
1026.29
1026.48
1026.73
1026.9
1026.98
1027.05
1027.08
1027.1
1027.1
1027.1
1027.1
1027.1
1027.1
1027.1
1027.1
1027.1
1027.1
1.16107
1.16108
1.16157
1.16353
1.16564
1.16667
1.1675
1.16834
1.16868
1.16877
1.16883
1.16886
1.16889
1.1689
1.16891
1.16891
1.16891
1.16891
1.16892
1.16892
1.16892
1.16892
1.16892
1.16893
1.16893
1.16893
1.16893
1.16893
1.16893
1.16893
1.16894
1.16894
1.16894
1.16894
1.16894
1.16894
1.16895
1.16895
1.16895
1.16895
1.16895
1.16896
1.16895
1.16896
1.16896
1.16897
1.16896
1.16901
1.16906
1.1708
1.18129
1.19819
1.20809
1.22274
1.23033
1.28954
1.35966
1.40842
1.89512
132.418
1006.81
1022.66
1022.46
1022.63
1022.75
1022.87
1022.98
1022.99
1022.67
1022.19
1022.05
1022.1
1022.13
1022.69
1022.84
1021.92
1021.18
1021.55
1022.96
1023.68
1024.39
1025.62
1026.26
1026.58
1026.8
1026.94
1027.04
1027.08
1027.09
1027.1
1027.1
1027.1
1027.1
1027.1
1027.1
1027.1
1027.1
1.16098
1.1611
1.16123
1.1624
1.16508
1.16646
1.16733
1.1682
1.16865
1.16877
1.16883
1.16886
1.16889
1.1689
1.16891
1.16891
1.16891
1.16891
1.16891
1.16892
1.16892
1.16892
1.16892
1.16892
1.16893
1.16893
1.16893
1.16893
1.16893
1.16893
1.16893
1.16894
1.16894
1.16894
1.16894
1.16894
1.16894
1.16895
1.16895
1.16895
1.16895
1.16896
1.16895
1.16896
1.16895
1.16897
1.16896
1.169
1.16907
1.17111
1.18184
1.19734
1.20621
1.21996
1.22654
1.28553
1.33509
1.37012
2.08215
98.8097
1004.19
1023.56
1023.13
1023.05
1023.13
1022.81
1022.86
1023.39
1023.48
1023.26
1022.49
1022.11
1022.21
1023.27
1023.89
1024.21
1024.11
1024.33
1025.16
1025.76
1026.07
1026.14
1026.19
1026.32
1026.48
1026.72
1026.94
1027.03
1027.07
1027.09
1027.1
1027.1
1027.1
1027.1
1027.1
1027.1
1027.1
1.16077
1.1611
1.1612
1.16164
1.16403
1.16592
1.16699
1.16796
1.16858
1.16876
1.16882
1.16887
1.16889
1.1689
1.16891
1.16891
1.16891
1.16891
1.16892
1.16892
1.16892
1.16892
1.16892
1.16892
1.16893
1.16893
1.16893
1.16893
1.16893
1.16893
1.16893
1.16894
1.16894
1.16894
1.16894
1.16894
1.16894
1.16895
1.16895
1.16895
1.16895
1.16896
1.16895
1.16896
1.16896
1.16897
1.16896
1.169
1.1691
1.17158
1.18215
1.19579
1.20711
1.22546
1.2284
1.2828
1.31
1.3466
2.15582
75.1113
1001.09
1025.86
1025.67
1025.51
1025.47
1025.35
1025.27
1025.16
1025.35
1025.45
1025.37
1025.51
1025.82
1026.08
1026.34
1026.58
1026.73
1026.84
1026.93
1026.99
1027.02
1027.02
1027.03
1027.03
1027.04
1027.05
1027.07
1027.08
1027.09
1027.1
1027.1
1027.1
1027.1
1027.1
1027.1
1027.1
1027.1
1.16047
1.16092
1.16107
1.16123
1.16177
1.16249
1.16386
1.16652
1.16832
1.16874
1.16882
1.16887
1.16889
1.1689
1.16891
1.16891
1.16891
1.16891
1.16892
1.16892
1.16892
1.16892
1.16892
1.16893
1.16893
1.16893
1.16893
1.16893
1.16893
1.16893
1.16894
1.16894
1.16894
1.16894
1.16894
1.16895
1.16895
1.16895
1.16895
1.16895
1.16895
1.16896
1.16895
1.16896
1.16896
1.16897
1.16897
1.16901
1.16916
1.17217
1.18282
1.19781
1.21428
1.23196
1.24726
1.26968
1.28551
1.33449
2.22525
57.4081
992.919
1026.75
1026.84
1026.85
1026.85
1026.84
1026.83
1026.84
1026.89
1026.94
1026.97
1027.01
1027.04
1027.06
1027.07
1027.09
1027.09
1027.1
1027.1
1027.1
1027.1
1027.1
1027.1
1027.1
1027.1
1027.1
1027.1
1027.1
1027.1
1027.1
1027.1
1027.1
1027.1
1027.1
1027.1
1027.1
1027.1
1.16042
1.16067
1.16074
1.16081
1.16089
1.16087
1.1608
1.16176
1.16608
1.16852
1.16881
1.16886
1.16889
1.16891
1.16891
1.16891
1.16891
1.16892
1.16892
1.16892
1.16892
1.16892
1.16892
1.16893
1.16893
1.16893
1.16893
1.16893
1.16893
1.16894
1.16894
1.16894
1.16894
1.16894
1.16894
1.16895
1.16895
1.16895
1.16895
1.16895
1.16895
1.16896
1.16895
1.16896
1.16896
1.16897
1.16897
1.16902
1.16936
1.17323
1.18441
1.20013
1.21535
1.23139
1.26544
1.28323
1.27745
1.34183
2.07692
50.6137
986.814
1026.95
1027.08
1027.09
1027.09
1027.09
1027.09
1027.09
1027.09
1027.09
1027.1
1027.1
1027.1
1027.1
1027.1
1027.1
1027.1
1027.1
1027.1
1027.1
1027.1
1027.1
1027.1
1027.1
1027.1
1027.1
1027.1
1027.1
1027.1
1027.1
1027.1
1027.1
1027.1
1027.1
1027.1
1027.1
1027.1
1.16008
1.16015
1.16019
1.16018
1.16015
1.16018
1.16038
1.16128
1.16545
1.16836
1.1688
1.16886
1.16889
1.16891
1.16891
1.16891
1.16891
1.16892
1.16892
1.16892
1.16892
1.16892
1.16893
1.16893
1.16893
1.16893
1.16893
1.16893
1.16893
1.16894
1.16894
1.16894
1.16894
1.16894
1.16894
1.16895
1.16895
1.16895
1.16895
1.16895
1.16895
1.16896
1.16896
1.16897
1.16896
1.16898
1.16897
1.16903
1.16937
1.17278
1.18118
1.19553
1.21552
1.23103
1.26259
1.26333
1.25265
1.39683
2.19435
48.855
969.613
1026.86
1027.09
1027.09
1027.09
1027.09
1027.1
1027.1
1027.1
1027.1
1027.1
1027.1
1027.1
1027.1
1027.1
1027.1
1027.1
1027.1
1027.1
1027.1
1027.1
1027.1
1027.1
1027.1
1027.1
1027.1
1027.1
1027.1
1027.1
1027.1
1027.1
1027.1
1027.1
1027.1
1027.1
1027.1
1027.1
1.15986
1.16019
1.1602
1.16082
1.16119
1.16159
1.16115
1.16285
1.16632
1.16846
1.1688
1.16886
1.16889
1.16891
1.16891
1.16892
1.16892
1.16892
1.16892
1.16892
1.16892
1.16893
1.16893
1.16893
1.16893
1.16893
1.16893
1.16894
1.16894
1.16894
1.16894
1.16894
1.16894
1.16895
1.16895
1.16895
1.16895
1.16895
1.16895
1.16896
1.16895
1.16896
1.16896
1.16897
1.16896
1.16898
1.16897
1.16904
1.16926
1.17104
1.17486
1.18909
1.22024
1.23795
1.25095
1.26443
1.25206
1.51493
2.25934
48.1784
969.297
1026.86
1027.09
1027.09
1027.1
1027.09
1027.1
1027.1
1027.1
1027.1
1027.1
1027.1
1027.1
1027.1
1027.1
1027.1
1027.1
1027.1
1027.1
1027.1
1027.1
1027.1
1027.1
1027.1
1027.1
1027.1
1027.1
1027.1
1027.1
1027.1
1027.1
1027.1
1027.1
1027.1
1027.1
1027.1
1027.1
1.15979
1.16033
1.16041
1.16066
1.16057
1.16235
1.16424
1.16514
1.16739
1.16859
1.1688
1.16886
1.16889
1.16891
1.16891
1.16892
1.16892
1.16892
1.16892
1.16892
1.16892
1.16893
1.16893
1.16893
1.16893
1.16893
1.16893
1.16893
1.16894
1.16894
1.16894
1.16894
1.16894
1.16894
1.16894
1.16895
1.16895
1.16895
1.16895
1.16895
1.16895
1.16896
1.16895
1.16897
1.16896
1.16897
1.16896
1.16901
1.16909
1.16969
1.17171
1.18829
1.2236
1.23905
1.24323
1.2581
1.28036
1.70264
2.67825
46.2936
967.905
1026.8
1027.09
1027.1
1027.1
1027.1
1027.1
1027.1
1027.1
1027.1
1027.1
1027.1
1027.1
1027.1
1027.1
1027.1
1027.1
1027.1
1027.1
1027.1
1027.1
1027.1
1027.1
1027.1
1027.1
1027.1
1027.1
1027.1
1027.1
1027.1
1027.1
1027.1
1027.1
1027.1
1027.1
1027.1
1027.1
1.15946
1.15946
1.15962
1.15962
1.15971
1.15971
1.15982
1.15982
1.15992
1.15992
1.16004
1.16004
1.16358
1.16358
1.16719
1.16719
1.16811
1.16811
1.1686
1.1686
1.16874
1.16874
1.16882
1.16882
1.16886
1.16886
1.1689
1.1689
1.16891
1.16891
1.16892
1.16892
1.16892
1.16892
1.16892
1.16892
1.16892
1.16892
1.16892
1.16892
1.16892
1.16892
1.16893
1.16893
1.16893
1.16893
1.16893
1.16893
1.16893
1.16893
1.16893
1.16893
1.16893
1.16893
1.16894
1.16894
1.16894
1.16894
1.16894
1.16894
1.16894
1.16894
1.16894
1.16894
1.16894
1.16894
1.16894
1.16894
1.16895
1.16895
1.16895
1.16895
1.16895
1.16895
1.16896
1.16896
1.16896
1.16896
1.16896
1.16896
1.16897
1.16897
1.16897
1.16897
1.16897
1.16897
1.16897
1.16897
1.16897
1.16897
1.16898
1.16898
1.16896
1.16896
1.16899
1.16899
1.16907
1.16907
1.16969
1.16969
1.17161
1.17161
1.18989
1.18989
1.22379
1.22379
1.24016
1.24016
1.24644
1.24644
1.25297
1.25297
1.25367
1.25367
1.48517
1.48517
1.56433
1.56433
49.0207
49.0207
973.158
973.158
1026.87
1026.87
1027.1
1027.1
1027.1
1027.1
1027.1
1027.1
1027.1
1027.1
1027.1
1027.1
1027.1
1027.1
1027.1
1027.1
1027.1
1027.1
1027.1
1027.1
1027.1
1027.1
1027.1
1027.1
1027.1
1027.1
1027.1
1027.1
1027.1
1027.1
1027.1
1027.1
1027.1
1027.1
1027.1
1027.1
1027.1
1027.1
1027.1
1027.1
1027.1
1027.1
1027.1
1027.1
1027.1
1027.1
1027.1
1027.1
1027.1
1027.1
1027.1
1027.1
1027.1
1027.1
1027.1
1027.1
1027.1
1027.1
1027.1
1027.1
1027.1
1027.1
1027.1
1027.1
1027.1
1027.1
1027.1
1027.1
1027.1
1027.1
1027.1
)
;
    }
}


// ************************************************************************* //
