/*--------------------------------*- C++ -*----------------------------------*\
| =========                 |                                                 |
| \\      /  F ield         | OpenFOAM: The Open Source CFD Toolbox           |
|  \\    /   O peration     | Version:  2.3.0                                 |
|   \\  /    A nd           | Web:      www.OpenFOAM.org                      |
|    \\/     M anipulation  |                                                 |
\*---------------------------------------------------------------------------*/
FoamFile
{
    version     2.0;
    format      ascii;
    class       volScalarField;
    location    "30";
    object      w2;
}
// * * * * * * * * * * * * * * * * * * * * * * * * * * * * * * * * * * * * * //

dimensions      [0 0 0 0 0 0 0];

internalField   nonuniform List<scalar> 
6144
(
0.452838
0.452838
0.452838
0.452838
0.452838
0.452838
0.452838
0.452838
0.452838
0.452838
0.452838
0.452838
0.452838
0.452838
0.452838
0.452838
0.452838
0.452838
0.452838
0.452838
0.452838
0.452838
0.452838
0.452838
0.452838
0.452838
0.452838
0.452838
0.452838
0.452838
0.452838
0.452838
0.452838
0.452838
0.452838
0.452838
0.452838
0.452838
0.452838
0.452838
0.452838
0.452838
0.452838
0.452838
0.452838
0.452838
0.452838
0.452838
0.452838
0.452838
0.452838
0.452838
0.452838
0.452838
0.452838
0.452839
0.452841
0.453035
0.486416
0.487597
0.108902
0.000342909
4.23916e-06
0.000812658
0.000745253
0.00620708
0.00919159
0.0102443
0.00597021
0.0106451
0.0221676
0.0172705
0.0069077
0.0097471
0.0091358
0.00490929
0.0114583
0.00705761
0.0351276
0.00615598
0.0155024
0.246176
0.0233101
0.0353118
0.00723895
0.00521038
0.00725063
0.0134303
0.0223316
0.00745253
0.00659508
0.0149254
0.0172948
0.0113859
0.00107035
0.000119928
0.452838
0.452838
0.452838
0.452838
0.452838
0.452838
0.452838
0.452838
0.452838
0.452838
0.452838
0.452838
0.452838
0.452838
0.452838
0.452838
0.452838
0.452838
0.452838
0.452838
0.452838
0.452838
0.452838
0.452838
0.452838
0.452838
0.452838
0.452838
0.452838
0.452838
0.452838
0.452838
0.452838
0.452838
0.452838
0.452838
0.452838
0.452838
0.452838
0.452838
0.452838
0.452838
0.452838
0.452838
0.452838
0.452838
0.452838
0.452838
0.452838
0.452838
0.452838
0.452838
0.452838
0.452838
0.452838
0.452838
0.452846
0.454133
0.505771
0.484665
0.135081
0.000409521
4.4913e-06
0.000560126
0.00181903
0.0010114
0.0030568
0.0101949
0.00940168
0.00864493
0.00814024
0.0053441
0.00369386
0.0324385
0.0138342
0.0109832
0.00777053
0.0926972
0.0444323
0.0134901
0.00872334
0.0541828
0.0354374
0.00392858
0.0039935
0.00630784
0.0084661
0.0297492
0.0113626
0.00634711
0.00780842
0.0354002
0.0538233
0.0089361
0.00204668
0.000125768
0.452838
0.452838
0.452838
0.452838
0.452838
0.452838
0.452838
0.452838
0.452838
0.452838
0.452838
0.452838
0.452838
0.452838
0.452838
0.452838
0.452838
0.452838
0.452838
0.452838
0.452838
0.452838
0.452838
0.452838
0.452838
0.452838
0.452838
0.452838
0.452838
0.452838
0.452838
0.452838
0.452838
0.452838
0.452838
0.452838
0.452838
0.452838
0.452838
0.452838
0.452838
0.452838
0.452838
0.452838
0.452838
0.452838
0.452838
0.452838
0.452838
0.452838
0.452838
0.452838
0.452838
0.452838
0.452838
0.452838
0.452839
0.453038
0.47376
0.436648
0.836662
0.00027748
4.67158e-06
0.000358927
0.00165919
0.0026829
0.00120952
0.00155441
0.00628492
0.0239536
0.00666177
0.00758495
0.00792528
0.00516328
0.00522014
0.0025244
0.0184257
0.00212018
0.0115088
0.00619401
0.00954525
0.0034138
0.00826947
0.0119797
0.0063095
0.0107656
0.0281615
0.0118032
0.0150336
0.00225667
0.00376241
0.0373271
0.0132486
0.00438638
0.000900186
0.00012111
0.452838
0.452838
0.452838
0.452838
0.452838
0.452838
0.452838
0.452838
0.452838
0.452838
0.452838
0.452838
0.452838
0.452838
0.452838
0.452838
0.452838
0.452838
0.452838
0.452838
0.452838
0.452838
0.452838
0.452838
0.452838
0.452838
0.452838
0.452838
0.452838
0.452838
0.452838
0.452838
0.452838
0.452838
0.452838
0.452838
0.452838
0.452838
0.452838
0.452838
0.452838
0.452838
0.452838
0.452838
0.452838
0.452838
0.452838
0.452838
0.452838
0.452838
0.452838
0.452838
0.452838
0.452838
0.452838
0.452838
0.45284
0.452847
0.456149
0.500818
0.92236
0.000746486
4.6677e-06
0.00100028
0.00101425
0.00157807
0.000800948
0.00423101
0.024119
0.00517328
0.00259423
0.00151354
0.0022294
0.0168011
0.0103761
0.00635788
0.00203297
0.00427581
0.00526546
0.00305626
0.00228868
0.00775261
0.0112676
0.00424153
0.003473
0.00435345
0.0045694
0.00321074
0.00281803
0.00304222
0.00766635
0.0129402
0.00660949
0.0185157
0.00109094
0.00011277
0.452838
0.452838
0.452838
0.452838
0.452838
0.452838
0.452838
0.452838
0.452838
0.452838
0.452838
0.452838
0.452838
0.452838
0.452838
0.452838
0.452838
0.452838
0.452838
0.452838
0.452838
0.452838
0.452838
0.452838
0.452838
0.452838
0.452838
0.452838
0.452838
0.452838
0.452838
0.452838
0.452838
0.452838
0.452838
0.452838
0.452838
0.452838
0.452838
0.452838
0.452838
0.452838
0.452838
0.452838
0.452838
0.452838
0.452838
0.452838
0.452838
0.452838
0.452838
0.452838
0.452838
0.452838
0.452838
0.452838
0.452839
0.45284
0.45281
0.475668
0.149624
0.00471114
0.00456832
0.000103186
1.16855e-05
2.99965e-05
0.000125636
6.73846e-06
0.0001084
0.000123926
0.000153647
0.00022886
0.000442364
0.00559756
0.000324439
0.000536985
0.000278402
0.000155064
0.000126629
0.000161933
0.000228831
0.000236037
0.000285845
0.00076894
0.000500758
0.000862409
0.00029515
0.000293972
0.000575797
0.00344337
0.00036208
0.000253625
0.0155126
0.00285732
0.000849038
0.000118516
0.452838
0.452838
0.452838
0.452838
0.452838
0.452838
0.452838
0.452838
0.452838
0.452838
0.452838
0.452838
0.452838
0.452838
0.452838
0.452838
0.452838
0.452838
0.452838
0.452838
0.452838
0.452838
0.452838
0.452838
0.452838
0.452838
0.452838
0.452838
0.452838
0.452838
0.452838
0.452838
0.452838
0.452838
0.452838
0.452838
0.452838
0.452838
0.452838
0.452838
0.452838
0.452838
0.452838
0.452838
0.452838
0.452838
0.452838
0.452838
0.452838
0.452838
0.452838
0.452838
0.452838
0.452838
0.452839
0.452838
0.452839
0.452839
0.452848
0.47776
0.22447
0.0378682
0.943067
0.970758
0.017433
0.0281956
0.003466
0.0289463
0.00233571
0.00173937
0.00254176
0.00632007
0.0175987
0.0767626
0.0471577
0.0116556
0.0268392
0.110186
0.00266376
0.00119209
0.00111182
0.0014167
0.00366554
0.00488546
0.00677327
0.00490021
0.00223097
0.00154099
0.00236908
0.000150802
1.76766e-05
9.54806e-06
9.35199e-06
0.0080033
0.000954443
0.000110065
0.452838
0.452838
0.452838
0.452838
0.452838
0.452838
0.452838
0.452838
0.452838
0.452838
0.452838
0.452838
0.452838
0.452838
0.452838
0.452838
0.452838
0.452838
0.452838
0.452838
0.452838
0.452838
0.452838
0.452838
0.452838
0.452838
0.452838
0.452838
0.452838
0.452838
0.452838
0.452838
0.452838
0.452838
0.452838
0.452838
0.452838
0.452838
0.452838
0.452838
0.452838
0.452838
0.452838
0.452838
0.452838
0.452838
0.452838
0.452838
0.452838
0.452838
0.452838
0.452838
0.452838
0.452838
0.452839
0.452838
0.452839
0.452811
0.449953
0.538261
0.0670361
0.142519
0.848474
0.856417
0.0859365
0.0622767
0.0226735
0.0106903
0.0770219
0.0921856
0.0880131
0.204342
0.0806063
0.141829
0.855157
0.178452
0.43413
0.959727
0.564667
0.0878909
0.107648
0.264889
0.153511
0.0844137
0.634992
0.69706
0.834816
0.342778
0.177128
0.32445
0.0886945
0.999506
0.00098614
4.75113e-05
1
0.000102193
0.452838
0.452838
0.452838
0.452838
0.452838
0.452838
0.452838
0.452838
0.452838
0.452838
0.452838
0.452838
0.452838
0.452838
0.452838
0.452838
0.452838
0.452838
0.452838
0.452838
0.452838
0.452838
0.452838
0.452838
0.452838
0.452838
0.452838
0.452838
0.452838
0.452838
0.452838
0.452838
0.452838
0.452838
0.452838
0.452838
0.452838
0.452838
0.452838
0.452838
0.452838
0.452838
0.452838
0.452838
0.452838
0.452838
0.452838
0.452838
0.452838
0.452838
0.452838
0.452838
0.452838
0.452838
0.452839
0.452838
0.452838
0.452764
0.454632
0.519164
0.10602
0.876791
0.995596
0.388809
0.929116
0.555133
0.143627
0.103154
0.111557
0.821746
0.959674
0.998438
1
0.155231
0.236021
0.905906
0.85607
0.810895
0.0950538
0.514062
0.997381
0.312813
0.23149
0.447286
0.372101
0.182642
0.553692
0.856655
0.912331
0.892
0.580504
0.839219
0.999958
0.999875
0.616923
0.958642
0.452838
0.452838
0.452838
0.452838
0.452838
0.452838
0.452838
0.452838
0.452838
0.452838
0.452838
0.452838
0.452838
0.452838
0.452838
0.452838
0.452838
0.452838
0.452838
0.452838
0.452838
0.452838
0.452838
0.452838
0.452838
0.452838
0.452838
0.452838
0.452838
0.452838
0.452838
0.452838
0.452838
0.452838
0.452838
0.452838
0.452838
0.452838
0.452838
0.452838
0.452838
0.452838
0.452838
0.452838
0.452838
0.452838
0.452838
0.452838
0.452838
0.452838
0.452838
0.452838
0.452838
0.452838
0.452839
0.452838
0.45284
0.452835
0.453414
0.532658
0.245726
0.897121
0.999997
0.00803743
0.853706
0.805619
0.309735
0.849779
0.977112
0.997871
0.281021
4.0482e-05
0.0347734
0.961127
0.00251833
0.139667
0.980049
0.756342
0.853491
0.874923
0.862707
0.621053
0.771555
0.999287
0.797352
0.999962
0.914144
0.209438
0.299871
0.470825
0.431678
0.615796
0.393977
0.502034
0.783236
0.00518889
0.452838
0.452838
0.452838
0.452838
0.452838
0.452838
0.452838
0.452838
0.452838
0.452838
0.452838
0.452838
0.452838
0.452838
0.452838
0.452838
0.452838
0.452838
0.452838
0.452838
0.452838
0.452838
0.452838
0.452838
0.452838
0.452838
0.452838
0.452838
0.452838
0.452838
0.452838
0.452838
0.452838
0.452838
0.452838
0.452838
0.452838
0.452838
0.452838
0.452838
0.452838
0.452838
0.452838
0.452838
0.452838
0.452838
0.452838
0.452838
0.452838
0.452838
0.452838
0.452838
0.452838
0.452838
0.452839
0.452839
0.452839
0.452829
0.453135
0.528693
0.0667002
0.266437
0.99471
0.870687
0.604381
0.843136
0.999146
0.972167
0.0168497
0.994116
0.248033
0.86526
0.923719
0.0124308
0.00363375
0.352623
0.804848
0.435487
0.00962296
0.992675
0.829406
0.50619
0.190393
0.98195
0.817151
0.744696
0.250235
0.323055
0.00800485
0.919073
0.617599
0.302547
0.621086
0.187787
0.76994
0.0008302
0.452838
0.452838
0.452838
0.452838
0.452838
0.452838
0.452838
0.452838
0.452838
0.452838
0.452838
0.452838
0.452838
0.452838
0.452838
0.452838
0.452838
0.452838
0.452838
0.452838
0.452838
0.452838
0.452838
0.452838
0.452838
0.452838
0.452838
0.452838
0.452838
0.452838
0.452838
0.452838
0.452838
0.452838
0.452838
0.452838
0.452838
0.452838
0.452838
0.452838
0.452838
0.452838
0.452838
0.452838
0.452838
0.452838
0.452838
0.452838
0.452838
0.452838
0.452838
0.452838
0.452838
0.452838
0.452838
0.452838
0.452838
0.450663
0.493948
0.503806
0.929063
0.258068
0.859306
4.94061e-05
0.968862
0.495397
0.999349
0.372221
0.945898
0.950597
0.272299
0.812584
0.976576
0.749531
0.743252
0.229454
0.191475
0.885934
0.819838
0.0127194
0.0555421
0.0240473
0.0119264
0.0229698
0.0189471
0.0201118
0.0123281
0.0319131
0.993048
0.00671384
0.00666339
0.00661616
0.00649777
0.000733607
1.67159e-05
6.89255e-06
0.452838
0.452838
0.452838
0.452838
0.452838
0.452838
0.452838
0.452838
0.452838
0.452838
0.452838
0.452838
0.452838
0.452838
0.452838
0.452838
0.452838
0.452838
0.452838
0.452838
0.452838
0.452838
0.452838
0.452838
0.452838
0.452838
0.452838
0.452838
0.452838
0.452838
0.452838
0.452838
0.452838
0.452838
0.452838
0.452838
0.452838
0.452838
0.452838
0.452838
0.452838
0.452838
0.452838
0.452838
0.452838
0.452838
0.452838
0.452838
0.452838
0.452838
0.452838
0.452838
0.452838
0.452838
0.452838
0.452838
0.452838
0.452793
0.454134
0.51474
0.0468802
0.060727
0.710665
0.170916
0.499309
0.954043
0.66016
0.202539
0.974569
0.870043
0.112164
0.991087
0.432636
0.218944
0.962358
0.012386
0.00185009
0.000102652
8.82056e-06
3.78619e-06
0.000140658
0.000163014
0.00019652
0.00101621
0.000264722
0.00011768
8.3046e-05
0.000107068
0.000361233
0.000133846
0.000106754
0.000165289
0.000209897
0.000305056
0.000757111
0.000118185
0.452838
0.452838
0.452838
0.452838
0.452838
0.452838
0.452838
0.452838
0.452838
0.452838
0.452838
0.452838
0.452838
0.452838
0.452838
0.452838
0.452838
0.452838
0.452838
0.452838
0.452838
0.452838
0.452838
0.452838
0.452838
0.452838
0.452838
0.452838
0.452838
0.452838
0.452838
0.452838
0.452838
0.452838
0.452838
0.452838
0.452838
0.452838
0.452838
0.452838
0.452838
0.452838
0.452838
0.452838
0.452838
0.452838
0.452838
0.452838
0.452838
0.452838
0.452838
0.452838
0.452838
0.452838
0.452838
0.452838
0.452839
0.452848
0.452475
0.535753
0.00766344
0.0309882
0.102689
0.0386634
0.0557298
0.633541
0.137288
0.352311
0.863882
0.0533055
0.0270234
0.945599
0.00111736
5.60094e-05
0.999992
7.03581e-06
0.000717595
0.00147058
0.00138659
0.00853429
0.00251064
0.00517514
0.0140531
0.00418643
0.00282709
0.00262021
0.00163246
0.00104973
0.000973474
0.000762139
0.000542883
0.00867472
0.00173972
0.0017249
0.0118978
0.000143417
0.452838
0.452838
0.452838
0.452838
0.452838
0.452838
0.452838
0.452838
0.452838
0.452838
0.452838
0.452838
0.452838
0.452838
0.452838
0.452838
0.452838
0.452838
0.452838
0.452838
0.452838
0.452838
0.452838
0.452838
0.452838
0.452838
0.452838
0.452838
0.452838
0.452838
0.452838
0.452838
0.452838
0.452838
0.452838
0.452838
0.452838
0.452838
0.452838
0.452838
0.452838
0.452838
0.452838
0.452838
0.452838
0.452838
0.452838
0.452838
0.452838
0.452838
0.452838
0.452838
0.452838
0.452838
0.452839
0.452838
0.452839
0.452839
0.45285
0.516222
0.0234775
0.000216425
0.00184033
0.00140644
0.00129027
0.00140435
0.00210925
0.000303821
6.231e-05
9.43336e-06
8.88059e-06
0.00186444
0.000700916
0.00227951
0.000445698
0.0015454
0.00352933
0.00230182
0.00411205
0.00351685
0.0135193
0.00592923
0.00222008
0.00206623
0.00165679
0.00249529
0.00225027
0.00158446
0.00128038
0.0148889
0.000436043
0.00198248
0.00156934
0.000667038
0.00102385
0.000129742
0.452838
0.452838
0.452838
0.452838
0.452838
0.452838
0.452838
0.452838
0.452838
0.452838
0.452838
0.452838
0.452838
0.452838
0.452838
0.452838
0.452838
0.452838
0.452838
0.452838
0.452838
0.452838
0.452838
0.452838
0.452838
0.452838
0.452838
0.452838
0.452838
0.452838
0.452838
0.452838
0.452838
0.452838
0.452838
0.452838
0.452838
0.452838
0.452838
0.452838
0.452838
0.452838
0.452838
0.452838
0.452838
0.452838
0.452838
0.452838
0.452838
0.452838
0.452838
0.452838
0.452838
0.452838
0.452838
0.452838
0.452839
0.452839
0.45467
0.554969
0.0572535
5.22536e-05
1.18267e-05
1.17249e-05
1.39248e-05
5.09301e-06
0.000105558
0.00015093
0.00012929
0.000295662
0.00146612
0.00136796
0.00149939
0.00199329
0.00274689
0.00233483
0.00662329
0.00804003
0.0657576
0.0139197
0.00505312
0.00446618
0.00255679
0.00297077
0.019261
0.00158119
0.00161087
0.0049709
0.00284429
0.0160231
0.000569299
0.00114053
0.00106131
0.000885765
0.000798516
0.000113093
0.452838
0.452838
0.452838
0.452838
0.452838
0.452838
0.452838
0.452838
0.452838
0.452838
0.452838
0.452838
0.452838
0.452838
0.452838
0.452838
0.452838
0.452838
0.452838
0.452838
0.452838
0.452838
0.452838
0.452838
0.452838
0.452838
0.452838
0.452838
0.452838
0.452838
0.452838
0.452838
0.452838
0.452838
0.452838
0.452838
0.452838
0.452838
0.452838
0.452838
0.452838
0.452838
0.452838
0.452838
0.452838
0.452838
0.452838
0.452838
0.452838
0.452838
0.452838
0.452838
0.452838
0.452838
0.452838
0.452838
0.452839
0.452837
0.458394
0.513131
0.128703
0.00757527
2.35222e-06
0.00011191
0.000128255
0.000712991
0.00333428
0.00286173
0.000979086
0.000876143
0.00133462
0.00453554
0.0137121
0.0351925
0.0129342
0.0790423
0.0405125
0.0111528
0.00568588
0.0028702
0.00314521
0.00890488
0.00268485
0.00382209
0.00706672
0.00350119
0.00271427
0.0014794
0.00157745
0.00501292
0.000625348
0.000711294
0.00450919
0.000999272
0.00198197
0.00013176
0.452838
0.452838
0.452838
0.452838
0.452838
0.452838
0.452838
0.452838
0.452838
0.452838
0.452838
0.452838
0.452838
0.452838
0.452838
0.452838
0.452838
0.452838
0.452838
0.452838
0.452838
0.452838
0.452838
0.452838
0.452838
0.452838
0.452838
0.452838
0.452838
0.452838
0.452838
0.452838
0.452838
0.452838
0.452838
0.452838
0.452838
0.452838
0.452838
0.452838
0.452838
0.452838
0.452838
0.452838
0.452838
0.452838
0.452838
0.452838
0.452838
0.452838
0.452838
0.452838
0.452838
0.452838
0.452838
0.452839
0.452839
0.454082
0.487835
0.49927
0.168293
0.00131104
4.30487e-06
0.000748623
0.00129208
0.00392794
0.00297025
0.00622806
0.233892
0.0992516
0.0258938
0.0298998
0.0174695
0.104604
0.0146785
0.0603291
0.00689503
0.00350972
0.00475317
0.0166543
0.00688482
0.00348243
0.00228771
0.00156186
0.00116565
0.0015155
0.00827912
0.0994386
0.00466265
0.00195205
0.00287435
0.0139184
0.0285487
0.0107331
0.00175122
0.00012288
0.452838
0.452838
0.452838
0.452838
0.452838
0.452838
0.452838
0.452838
0.452838
0.452838
0.452838
0.452838
0.452838
0.452838
0.452838
0.452838
0.452838
0.452838
0.452838
0.452838
0.452838
0.452838
0.452838
0.452838
0.452838
0.452838
0.452838
0.452838
0.452838
0.452838
0.452838
0.452838
0.452838
0.452838
0.452838
0.452838
0.452838
0.452838
0.452838
0.452838
0.452838
0.452838
0.452838
0.452838
0.452838
0.452838
0.452838
0.452838
0.452838
0.452838
0.452838
0.452838
0.452838
0.452838
0.452838
0.452839
0.452841
0.452883
0.453282
0.504148
0.134929
0.000145265
4.80493e-06
0.000371885
0.00119416
0.000952884
0.00291268
0.0060471
0.00664567
0.00503788
0.00534973
0.00906236
0.0137387
0.0232083
0.011957
0.00965421
0.0317743
0.00379643
0.00407252
0.00240297
0.000934188
0.000614002
0.00112294
0.00378526
0.0149987
0.00414322
0.00252568
0.00206143
0.00148221
0.00109423
0.00248914
0.00464626
0.00476449
0.00974766
0.00198707
0.000126776
0.452838
0.452838
0.452838
0.452838
0.452838
0.452838
0.452838
0.452838
0.452838
0.452838
0.452838
0.452838
0.452838
0.452838
0.452838
0.452838
0.452838
0.452838
0.452838
0.452838
0.452838
0.452838
0.452838
0.452838
0.452838
0.452838
0.452838
0.452838
0.452838
0.452838
0.452838
0.452838
0.452838
0.452838
0.452838
0.452838
0.452838
0.452838
0.452838
0.452838
0.452838
0.452838
0.452838
0.452838
0.452838
0.452838
0.452838
0.452838
0.452838
0.452838
0.452838
0.452838
0.452838
0.452838
0.452838
0.452839
0.45284
0.452855
0.431829
0.533508
0.32271
5.72326e-06
0.000261327
0.00128918
0.000732773
0.00242295
0.0121124
0.00558009
0.00551309
0.00446302
0.00308921
0.00630154
0.00911258
0.047794
0.00839218
0.00726286
0.00278226
0.00183563
0.00116777
0.000633729
0.000557677
0.000880544
0.00323935
0.00324259
0.0021284
0.00293014
0.00583747
0.00490967
0.00153649
0.00133841
0.00263093
0.00491809
0.00405647
0.00331666
0.00105062
0.000118397
0.452838
0.452838
0.452838
0.452838
0.452838
0.452838
0.452838
0.452838
0.452838
0.452838
0.452838
0.452838
0.452838
0.452838
0.452838
0.452838
0.452838
0.452838
0.452838
0.452838
0.452838
0.452838
0.452838
0.452838
0.452838
0.452838
0.452838
0.452838
0.452838
0.452838
0.452838
0.452838
0.452838
0.452838
0.452838
0.452838
0.452838
0.452838
0.452838
0.452838
0.452838
0.452838
0.452838
0.452838
0.452838
0.452838
0.452838
0.452838
0.452838
0.452838
0.452838
0.452838
0.452838
0.452838
0.452838
0.452838
0.45284
0.452842
0.453487
0.500367
0.715095
8.30507e-05
4.27041e-05
8.81126e-06
0.000216428
0.000112617
0.000107948
0.000124431
0.000129025
0.000131567
0.000147626
0.000181681
0.00028599
0.000472372
0.000420937
0.000306386
0.000272959
0.000420435
0.000801943
0.00113705
0.000595743
0.0025047
0.00411891
0.000312516
0.000303397
0.000414476
0.00346716
0.00274587
0.0029114
0.00137785
0.00626679
0.003948
0.00398089
0.003925
0.000968536
0.000117915
0.452838
0.452838
0.452838
0.452838
0.452838
0.452838
0.452838
0.452838
0.452838
0.452838
0.452838
0.452838
0.452838
0.452838
0.452838
0.452838
0.452838
0.452838
0.452838
0.452838
0.452838
0.452838
0.452838
0.452838
0.452838
0.452838
0.452838
0.452838
0.452838
0.452838
0.452838
0.452838
0.452838
0.452838
0.452838
0.452838
0.452838
0.452838
0.452838
0.452838
0.452838
0.452838
0.452838
0.452838
0.452838
0.452838
0.452838
0.452838
0.452838
0.452838
0.452838
0.452838
0.452838
0.452838
0.452838
0.452838
0.45284
0.452841
0.45281
0.515737
0.111715
0.0095948
0.0270064
0.00183219
0.00082088
0.000713049
0.000558685
0.000328374
0.00029894
0.000319067
0.000398304
0.000447582
0.00107542
0.0299032
0.000493166
0.00205479
0.000506486
0.00173866
0.00142451
6.79354e-05
8.12459e-06
7.44238e-06
8.47975e-06
1.15908e-05
0.000105144
1.71516e-05
7.03083e-06
3.16387e-05
1.23266e-05
3.29668e-05
1.03601e-05
9.48029e-05
0.000124572
0.00128327
0.000717168
0.000109883
0.452838
0.452838
0.452838
0.452838
0.452838
0.452838
0.452838
0.452838
0.452838
0.452838
0.452838
0.452838
0.452838
0.452838
0.452838
0.452838
0.452838
0.452838
0.452838
0.452838
0.452838
0.452838
0.452838
0.452838
0.452838
0.452838
0.452838
0.452838
0.452838
0.452838
0.452838
0.452838
0.452838
0.452838
0.452838
0.452838
0.452838
0.452838
0.452838
0.452838
0.452838
0.452838
0.452838
0.452838
0.452838
0.452838
0.452838
0.452838
0.452838
0.452838
0.452838
0.452838
0.452838
0.452838
0.452839
0.452839
0.452839
0.452843
0.452866
0.553692
0.972849
0.909204
0.916667
0.169636
0.898556
0.0359182
0.0141893
0.0153908
0.0176235
0.035208
0.0796788
0.0325056
0.818897
0.0214288
0.268302
0.971837
0.113946
0.756916
0.0467722
0.0382761
0.5162
0.0913097
0.991671
0.00607516
0.999859
0.063247
0.658534
0.790455
0.995066
0.0887671
0.0160977
0.999713
3.00584e-05
4.49302e-06
6.31686e-05
4.43776e-05
0.452838
0.452838
0.452838
0.452838
0.452838
0.452838
0.452838
0.452838
0.452838
0.452838
0.452838
0.452838
0.452838
0.452838
0.452838
0.452838
0.452838
0.452838
0.452838
0.452838
0.452838
0.452838
0.452838
0.452838
0.452838
0.452838
0.452838
0.452838
0.452838
0.452838
0.452838
0.452838
0.452838
0.452838
0.452838
0.452838
0.452838
0.452838
0.452838
0.452838
0.452838
0.452838
0.452838
0.452838
0.452838
0.452838
0.452838
0.452838
0.452838
0.452838
0.452838
0.452838
0.452838
0.452838
0.452839
0.452839
0.45284
0.452859
0.448745
0.583351
0.974036
1.10703e-05
0.000707451
0.893432
0.999952
0.891418
0.988463
0.152119
0.255346
0.0574535
0.226493
0.0894075
0.37959
0.418534
0.325156
0.889889
0.980263
0.570919
0.203559
0.999872
0.999612
0.752913
0.7558
0.442141
0.959929
0.986156
0.51938
0.180516
0.0251223
0.198641
0.921661
0.999368
0.321844
0.0254307
0.0153858
0.00145069
0.452838
0.452838
0.452838
0.452838
0.452838
0.452838
0.452838
0.452838
0.452838
0.452838
0.452838
0.452838
0.452838
0.452838
0.452838
0.452838
0.452838
0.452838
0.452838
0.452838
0.452838
0.452838
0.452838
0.452838
0.452838
0.452838
0.452838
0.452838
0.452838
0.452838
0.452838
0.452838
0.452838
0.452838
0.452838
0.452838
0.452838
0.452838
0.452838
0.452838
0.452838
0.452838
0.452838
0.452838
0.452838
0.452838
0.452838
0.452838
0.452838
0.452838
0.452838
0.452838
0.452838
0.452838
0.452839
0.452838
0.452835
0.452848
0.452784
0.542126
0.305748
1.02561e-11
0.250389
2.5236e-07
0.556734
0.490081
0.409152
0.42309
0.471045
0.981241
0.999911
0.818014
0.877304
0.471948
0.473534
0.444856
0.99829
0.885913
0.550991
0.96767
0.617115
0.172326
0.512212
0.873172
0.634859
0.68062
0.727171
0.831699
0.992104
0.736448
0.923036
0.293911
0.222767
0.967548
0.982747
0.999762
0.452838
0.452838
0.452838
0.452838
0.452838
0.452838
0.452838
0.452838
0.452838
0.452838
0.452838
0.452838
0.452838
0.452838
0.452838
0.452838
0.452838
0.452838
0.452838
0.452838
0.452838
0.452838
0.452838
0.452838
0.452838
0.452838
0.452838
0.452838
0.452838
0.452838
0.452838
0.452838
0.452838
0.452838
0.452838
0.452838
0.452838
0.452838
0.452838
0.452838
0.452838
0.452838
0.452838
0.452838
0.452838
0.452838
0.452838
0.452838
0.452838
0.452838
0.452838
0.452838
0.452838
0.452838
0.452838
0.452838
0.452838
0.452833
0.452738
0.523488
0.992499
1.27241e-08
0.000690381
0.856895
0.995789
0.856936
0.555436
0.916237
0.598438
0.740235
0.727477
0.925825
0.786886
0.542866
0.641391
0.914332
0.923041
0.532439
0.80246
0.9509
0.255348
0.841402
0.999489
0.99681
1
0.793526
0.780945
0.999524
0.608791
0.406651
0.564069
0.731075
0.45014
0.367176
0.995036
0.907462
0.452838
0.452838
0.452838
0.452838
0.452838
0.452838
0.452838
0.452838
0.452838
0.452838
0.452838
0.452838
0.452838
0.452838
0.452838
0.452838
0.452838
0.452838
0.452838
0.452838
0.452838
0.452838
0.452838
0.452838
0.452838
0.452838
0.452838
0.452838
0.452838
0.452838
0.452838
0.452838
0.452838
0.452838
0.452838
0.452838
0.452838
0.452838
0.452838
0.452838
0.452838
0.452838
0.452838
0.452838
0.452838
0.452838
0.452838
0.452838
0.452838
0.452838
0.452838
0.452838
0.452838
0.452838
0.452838
0.452838
0.452838
0.452831
0.452697
0.529516
0.760632
1.27644e-08
1.55752e-06
0.219533
0.903618
0.819271
0.999688
0.928711
0.9659
0.998613
0.00149833
0.341854
0.000466725
0.848374
0.66021
0.963347
0.406436
0.861914
0.526709
0.779818
0.314026
0.401708
0.250014
0.995775
0.269534
0.59262
0.982621
0.980568
0.653958
0.974647
0.165912
0.164411
0.334288
0.918178
0.977276
0.00559438
0.452838
0.452838
0.452838
0.452838
0.452838
0.452838
0.452838
0.452838
0.452838
0.452838
0.452838
0.452838
0.452838
0.452838
0.452838
0.452838
0.452838
0.452838
0.452838
0.452838
0.452838
0.452838
0.452838
0.452838
0.452838
0.452838
0.452838
0.452838
0.452838
0.452838
0.452838
0.452838
0.452838
0.452838
0.452838
0.452838
0.452838
0.452838
0.452838
0.452838
0.452838
0.452838
0.452838
0.452838
0.452838
0.452838
0.452838
0.452838
0.452838
0.452838
0.452838
0.452838
0.452839
0.452838
0.452838
0.452838
0.452838
0.452896
0.435729
0.542629
0.973118
0.901097
0.219605
0.936607
0.297151
1
0.945511
0.998716
0.867562
0.592231
0.231751
0.283869
0.336606
0.0620296
0.145455
0.203322
0.872219
0.989621
0.0076562
0.00639672
0.00419601
0.00465646
0.007694
0.23879
0.0732816
0.0343334
0.247553
0.0233111
0.0317944
0.00425995
0.00961561
0.0237638
0.00548906
0.00273842
0.000671767
6.98977e-06
0.452838
0.452838
0.452838
0.452838
0.452838
0.452838
0.452838
0.452838
0.452838
0.452838
0.452838
0.452838
0.452838
0.452838
0.452838
0.452838
0.452838
0.452838
0.452838
0.452838
0.452838
0.452838
0.452838
0.452838
0.452838
0.452838
0.452838
0.452838
0.452838
0.452838
0.452838
0.452838
0.452838
0.452838
0.452838
0.452838
0.452838
0.452838
0.452838
0.452838
0.452838
0.452838
0.452838
0.452838
0.452838
0.452838
0.452838
0.452838
0.452838
0.452838
0.452838
0.452838
0.452838
0.452838
0.452838
0.452838
0.452839
0.452851
0.409543
0.536877
0.993457
0.0183746
0.0855404
0.0397457
0.0571028
0.116305
0.140234
0.049645
0.120618
0.138329
0.0623108
0.117662
0.0038363
0.00168413
0.00084702
0.000113156
0.999992
1.91608e-05
0.000165178
0.000204261
0.000249528
0.000294595
0.000359133
0.0016101
0.000642374
0.000274381
0.000216079
0.000363708
0.000708744
0.000277919
0.000586758
0.000233815
0.000309572
7.56819e-05
3.749e-05
8.0948e-05
0.452838
0.452838
0.452838
0.452838
0.452838
0.452838
0.452838
0.452838
0.452838
0.452838
0.452838
0.452838
0.452838
0.452838
0.452838
0.452838
0.452838
0.452838
0.452838
0.452838
0.452838
0.452838
0.452838
0.452838
0.452838
0.452838
0.452838
0.452838
0.452838
0.452838
0.452838
0.452838
0.452838
0.452838
0.452838
0.452838
0.452838
0.452838
0.452838
0.452838
0.452838
0.452838
0.452838
0.452838
0.452838
0.452838
0.452838
0.452838
0.452838
0.452838
0.452838
0.452838
0.452838
0.452838
0.452839
0.452838
0.452839
0.452866
0.488808
0.524633
0.018952
0.000711618
0.0090003
0.00742599
0.00667539
0.0405566
0.0753492
0.0436281
0.0252205
0.0183414
0.00065526
5.75485e-05
8.90767e-06
7.77435e-06
0.000664279
0.00070848
0.000408806
0.0135135
0.00240853
0.00231153
0.00443941
0.0185418
0.00554737
0.00171096
0.00133811
0.00143493
0.00148462
0.00159765
0.00322013
0.00161751
0.000673064
0.0145803
0.000250774
0.00020936
0.00233342
9.33796e-05
0.452838
0.452838
0.452838
0.452838
0.452838
0.452838
0.452838
0.452838
0.452838
0.452838
0.452838
0.452838
0.452838
0.452838
0.452838
0.452838
0.452838
0.452838
0.452838
0.452838
0.452838
0.452838
0.452838
0.452838
0.452838
0.452838
0.452838
0.452838
0.452838
0.452838
0.452838
0.452838
0.452838
0.452838
0.452838
0.452838
0.452838
0.452838
0.452838
0.452838
0.452838
0.452838
0.452838
0.452838
0.452838
0.452838
0.452838
0.452838
0.452838
0.452838
0.452838
0.452838
0.452838
0.452838
0.452838
0.452838
0.452839
0.452861
0.45245
0.498753
0.67107
7.87461e-05
0.00409032
6.28669e-06
9.77714e-06
9.29335e-06
3.58927e-05
1.01252e-05
6.67802e-06
0.000664029
0.00102792
0.00117794
0.00680548
0.00155537
0.0020685
0.00196114
0.00493765
0.576031
0.0091331
0.00807173
0.0545766
0.00680453
0.00275327
0.00152382
0.00120395
0.00142121
0.000984408
0.00103526
0.00154312
0.0039717
0.000796992
0.00100355
0.000629295
0.000258771
0.000309172
9.8062e-05
0.452838
0.452838
0.452838
0.452838
0.452838
0.452838
0.452838
0.452838
0.452838
0.452838
0.452838
0.452838
0.452838
0.452838
0.452838
0.452838
0.452838
0.452838
0.452838
0.452838
0.452838
0.452838
0.452838
0.452838
0.452838
0.452838
0.452838
0.452838
0.452838
0.452838
0.452838
0.452838
0.452838
0.452838
0.452838
0.452838
0.452838
0.452838
0.452838
0.452838
0.452838
0.452838
0.452838
0.452838
0.452838
0.452838
0.452838
0.452838
0.452838
0.452838
0.452838
0.452838
0.452838
0.452838
0.452838
0.452838
0.452839
0.453087
0.47579
0.470117
0.654896
4.06589e-06
7.70751e-05
0.000248257
0.00157703
0.00122054
0.00772582
0.000409285
0.000868335
0.00115585
0.00266115
0.00989658
0.00949965
0.0589535
0.00769227
0.0054681
0.00565723
0.00457732
0.00323374
0.00251955
0.00335753
0.00482264
0.0938832
0.0510724
0.00785026
0.0062305
0.00285054
0.00149191
0.00585123
0.00395309
0.000896152
0.000894012
0.00190342
0.000478036
0.00033859
0.000100981
0.452838
0.452838
0.452838
0.452838
0.452838
0.452838
0.452838
0.452838
0.452838
0.452838
0.452838
0.452838
0.452838
0.452838
0.452838
0.452838
0.452838
0.452838
0.452838
0.452838
0.452838
0.452838
0.452838
0.452838
0.452838
0.452838
0.452838
0.452838
0.452838
0.452838
0.452838
0.452838
0.452838
0.452838
0.452838
0.452838
0.452838
0.452838
0.452838
0.452838
0.452838
0.452838
0.452838
0.452838
0.452838
0.452838
0.452838
0.452838
0.452838
0.452838
0.452838
0.452838
0.452838
0.452838
0.452838
0.452838
0.452839
0.452919
0.457356
0.545117
0.130832
0.0017285
2.39455e-06
0.000290489
0.000436231
0.00143492
0.00453675
0.029004
0.00277407
0.00160545
0.00165358
0.00250994
0.00353361
0.00578424
0.0153547
0.0110789
0.00415301
0.00438913
0.00475879
0.00750537
0.0170028
0.0052529
0.00526187
0.00814658
0.00800866
0.00289814
0.00112966
0.000785964
0.00214116
0.00639295
0.000610678
0.00097404
0.010138
0.000817015
0.00075333
0.000111456
0.452838
0.452838
0.452838
0.452838
0.452838
0.452838
0.452838
0.452838
0.452838
0.452838
0.452838
0.452838
0.452838
0.452838
0.452838
0.452838
0.452838
0.452838
0.452838
0.452838
0.452838
0.452838
0.452838
0.452838
0.452838
0.452838
0.452838
0.452838
0.452838
0.452838
0.452838
0.452838
0.452838
0.452838
0.452838
0.452838
0.452838
0.452838
0.452838
0.452838
0.452838
0.452838
0.452838
0.452838
0.452838
0.452838
0.452838
0.452838
0.452838
0.452838
0.452838
0.452838
0.452838
0.452838
0.452838
0.452839
0.452841
0.452854
0.453036
0.567225
0.154213
0.0013279
6.0493e-06
0.169573
0.00166909
0.00327331
0.00364365
0.0984453
0.00529825
0.00633241
0.00725329
0.0116002
0.0156458
0.0137507
0.0129004
0.09492
0.0167352
0.00745261
0.0486841
0.0392205
0.00512969
0.00204635
0.00130976
0.000806011
0.000815609
0.0026748
0.0226513
0.00803639
0.00162835
0.000825844
0.00128313
0.0109051
0.0103528
0.00392627
0.00147032
0.00012232
0.452838
0.452838
0.452838
0.452838
0.452838
0.452838
0.452838
0.452838
0.452838
0.452838
0.452838
0.452838
0.452838
0.452838
0.452838
0.452838
0.452838
0.452838
0.452838
0.452838
0.452838
0.452838
0.452838
0.452838
0.452838
0.452838
0.452838
0.452838
0.452838
0.452838
0.452838
0.452838
0.452838
0.452838
0.452838
0.452838
0.452838
0.452838
0.452838
0.452838
0.452838
0.452838
0.452838
0.452838
0.452838
0.452838
0.452838
0.452838
0.452838
0.452838
0.452838
0.452838
0.452838
0.452838
0.452838
0.452839
0.45284
0.45285
0.455474
0.517426
0.152081
0.00183732
4.80956e-06
0.000359611
0.00111209
0.00103749
0.00970585
0.0139759
0.0188456
0.0323535
0.0654199
0.0299917
0.00657159
0.00356942
0.00487086
0.00530759
0.00461649
0.00882901
0.00676747
0.00114408
0.000861746
0.00123981
0.0020031
0.00219998
0.00324072
0.00463407
0.0112398
0.00204524
0.000781302
0.000648229
0.00108819
0.0681466
0.00469939
0.00880512
0.00171848
0.000125992
0.452838
0.452838
0.452838
0.452838
0.452838
0.452838
0.452838
0.452838
0.452838
0.452838
0.452838
0.452838
0.452838
0.452838
0.452838
0.452838
0.452838
0.452838
0.452838
0.452838
0.452838
0.452838
0.452838
0.452838
0.452838
0.452838
0.452838
0.452838
0.452838
0.452838
0.452838
0.452838
0.452838
0.452838
0.452838
0.452838
0.452838
0.452838
0.452838
0.452838
0.452838
0.452838
0.452838
0.452838
0.452838
0.452838
0.452838
0.452838
0.452838
0.452838
0.452838
0.452838
0.452838
0.452838
0.452838
0.452838
0.452841
0.452845
0.45082
0.527825
0.0452835
2.84504e-05
5.31784e-06
0.000409625
0.00096129
0.00342714
0.00258811
0.00329383
0.00996243
0.0140076
0.00745613
0.0175031
0.0106852
0.00595452
0.0938364
0.00520423
0.00353155
0.00150072
0.00293287
0.00275066
0.000933309
0.000939478
0.00137598
0.00217358
0.0029772
0.00462228
0.050436
0.00157242
0.000665315
0.000595788
0.00113218
0.0189785
0.0141992
0.00389597
0.000849423
0.000114742
0.452838
0.452838
0.452838
0.452838
0.452838
0.452838
0.452838
0.452838
0.452838
0.452838
0.452838
0.452838
0.452838
0.452838
0.452838
0.452838
0.452838
0.452838
0.452838
0.452838
0.452838
0.452838
0.452838
0.452838
0.452838
0.452838
0.452838
0.452838
0.452838
0.452838
0.452838
0.452838
0.452838
0.452838
0.452838
0.452838
0.452838
0.452838
0.452838
0.452838
0.452838
0.452838
0.452838
0.452838
0.452838
0.452838
0.452838
0.452838
0.452838
0.452838
0.452838
0.452838
0.452838
0.452838
0.452838
0.452838
0.45284
0.452843
0.451392
0.517224
0.675767
0.000117275
0.00248023
7.30039e-06
8.49628e-05
7.75612e-05
9.31754e-05
0.000113681
0.000128297
0.000134603
0.000155383
0.000230409
0.000535493
0.000942072
0.000458145
0.000394335
0.000783926
0.00105017
0.00285763
0.00217069
0.000496226
0.000644875
0.00188815
0.0025305
0.00205136
0.00165329
0.00204284
0.0164114
0.0010804
0.000518379
0.00106734
0.01845
0.00917652
0.00766497
0.000846154
0.000116437
0.452838
0.452838
0.452838
0.452838
0.452838
0.452838
0.452838
0.452838
0.452838
0.452838
0.452838
0.452838
0.452838
0.452838
0.452838
0.452838
0.452838
0.452838
0.452838
0.452838
0.452838
0.452838
0.452838
0.452838
0.452838
0.452838
0.452838
0.452838
0.452838
0.452838
0.452838
0.452838
0.452838
0.452838
0.452838
0.452838
0.452838
0.452838
0.452838
0.452838
0.452838
0.452838
0.452838
0.452838
0.452838
0.452838
0.452838
0.452838
0.452838
0.452838
0.452838
0.452838
0.452838
0.452838
0.452838
0.452839
0.45284
0.45284
0.451177
0.506179
0.975919
0.0400675
0.75905
0.997691
0.0236628
0.000331338
0.000278408
0.000228712
0.000222236
0.00032303
0.000398292
0.000354248
0.00040376
0.00267798
0.000985869
0.000148212
1.37057e-05
8.39974e-06
1.0157e-05
1.03855e-05
4.18045e-05
1.50865e-05
6.87703e-06
0.000563567
0.000324661
0.000460341
0.00117102
0.0010261
0.000973392
0.000559859
0.00064675
0.000242475
0.0124255
0.00147794
0.000893808
0.000113113
0.452838
0.452838
0.452838
0.452838
0.452838
0.452838
0.452838
0.452838
0.452838
0.452838
0.452838
0.452838
0.452838
0.452838
0.452838
0.452838
0.452838
0.452838
0.452838
0.452838
0.452838
0.452838
0.452838
0.452838
0.452838
0.452838
0.452838
0.452838
0.452838
0.452838
0.452838
0.452838
0.452838
0.452838
0.452838
0.452838
0.452838
0.452838
0.452838
0.452838
0.452838
0.452838
0.452838
0.452838
0.452838
0.452838
0.452838
0.452838
0.452838
0.452838
0.452838
0.452838
0.452838
0.452838
0.452838
0.452838
0.452841
0.452836
0.408324
0.53216
0.953019
0.148702
0.96255
0.987969
0.000235371
0.0163138
0.0145918
0.0116002
0.0546418
0.0772622
0.179007
0.902296
0.878093
0.999069
0.0730247
0.32053
0.0367064
0.0124953
0.035654
0.0110603
0.122332
0.137605
0.0939039
0.250782
0.0744304
0.0118333
0.00442876
0.000850853
4.5573e-05
0.000340267
1.30804e-05
1.01848e-05
7.88292e-06
6.02906e-05
5.57534e-05
0.000122246
0.452838
0.452838
0.452838
0.452838
0.452838
0.452838
0.452838
0.452838
0.452838
0.452838
0.452838
0.452838
0.452838
0.452838
0.452838
0.452838
0.452838
0.452838
0.452838
0.452838
0.452838
0.452838
0.452838
0.452838
0.452838
0.452838
0.452838
0.452838
0.452838
0.452838
0.452838
0.452838
0.452838
0.452838
0.452838
0.452838
0.452838
0.452838
0.452838
0.452838
0.452838
0.452838
0.452838
0.452838
0.452838
0.452838
0.452838
0.452838
0.452838
0.452838
0.452838
0.452838
0.452838
0.452838
0.452839
0.452838
0.452841
0.4528
0.451723
0.524605
0.0916081
0.978794
0.811931
0.849365
0.751367
0.163521
0.13016
0.84687
0.882965
0.906583
0.954027
0.875974
0.000826041
0.963943
0.288105
0.986039
0.689688
0.409075
0.136607
0.708247
0.820888
0.98488
0.126528
0.920028
0.268445
0.847963
0.972651
0.11666
0.0107648
0.000323766
8.19994e-06
0.999909
0.00946444
0.000201787
1.77734e-05
3.52074e-06
0.452838
0.452838
0.452838
0.452838
0.452838
0.452838
0.452838
0.452838
0.452838
0.452838
0.452838
0.452838
0.452838
0.452838
0.452838
0.452838
0.452838
0.452838
0.452838
0.452838
0.452838
0.452838
0.452838
0.452838
0.452838
0.452838
0.452838
0.452838
0.452838
0.452838
0.452838
0.452838
0.452838
0.452838
0.452838
0.452838
0.452838
0.452838
0.452838
0.452838
0.452838
0.452838
0.452838
0.452838
0.452838
0.452838
0.452838
0.452838
0.452838
0.452838
0.452838
0.452838
0.452838
0.452838
0.452839
0.452838
0.452842
0.452848
0.437493
0.558987
0.903614
0.866692
0.00267716
0.991021
0.796358
0.889213
0.442609
0.491576
0.672362
0.958202
0.223247
0.533281
0.62766
1
0.9999
0.807858
0.833895
0.835219
0.774659
0.26792
0.863701
0.246071
0.19896
0.878374
0.828446
0.759029
0.991712
0.964643
0.581799
0.00956143
0.999819
1
0.998296
0.497346
1
0.00881748
0.452838
0.452838
0.452838
0.452838
0.452838
0.452838
0.452838
0.452838
0.452838
0.452838
0.452838
0.452838
0.452838
0.452838
0.452838
0.452838
0.452838
0.452838
0.452838
0.452838
0.452838
0.452838
0.452838
0.452838
0.452838
0.452838
0.452838
0.452838
0.452838
0.452838
0.452838
0.452838
0.452838
0.452838
0.452838
0.452838
0.452838
0.452838
0.452838
0.452838
0.452838
0.452838
0.452838
0.452838
0.452838
0.452838
0.452838
0.452838
0.452838
0.452838
0.452838
0.452838
0.452838
0.452838
0.452839
0.452839
0.452838
0.452815
0.436483
0.493176
0.186636
0.995451
0.823265
0.748164
0.986355
0.876423
0.65682
0.368162
0.506469
0.652243
0.998319
0.819077
0.735295
0.987342
0.87827
0.00200181
0.0106287
0.188632
0.969831
0.467173
0.745892
0.262366
0.274664
0.995883
0.910373
0.975155
0.614535
0.665594
0.29373
0.865058
0.926162
0.994586
0.0201216
0.049691
0.0199975
0.000831936
0.452838
0.452838
0.452838
0.452838
0.452838
0.452838
0.452838
0.452838
0.452838
0.452838
0.452838
0.452838
0.452838
0.452838
0.452838
0.452838
0.452838
0.452838
0.452838
0.452838
0.452838
0.452838
0.452838
0.452838
0.452838
0.452838
0.452838
0.452838
0.452838
0.452838
0.452838
0.452838
0.452838
0.452838
0.452838
0.452838
0.452838
0.452838
0.452838
0.452838
0.452838
0.452838
0.452838
0.452838
0.452838
0.452838
0.452838
0.452838
0.452838
0.452838
0.452838
0.452838
0.452838
0.452838
0.452839
0.452838
0.452839
0.452826
0.452462
0.527339
0.0618817
0.777812
0.875838
0.273176
0.710852
0.87239
0.124689
0.000450046
0.0847628
0.968311
0.956809
0.148472
0.101082
0.0323665
0.22685
0.958438
0.981361
0.189195
0.123667
0.0864388
0.105047
0.55715
0.858797
0.202149
0.999431
0.967235
0.996863
0.465957
0.016241
0.470394
0.206385
0.000717009
2.31108e-05
5.64633e-05
0.000538939
1.75007e-05
0.452838
0.452838
0.452838
0.452838
0.452838
0.452838
0.452838
0.452838
0.452838
0.452838
0.452838
0.452838
0.452838
0.452838
0.452838
0.452838
0.452838
0.452838
0.452838
0.452838
0.452838
0.452838
0.452838
0.452838
0.452838
0.452838
0.452838
0.452838
0.452838
0.452838
0.452838
0.452838
0.452838
0.452838
0.452838
0.452838
0.452838
0.452838
0.452838
0.452838
0.452838
0.452838
0.452838
0.452838
0.452838
0.452838
0.452838
0.452838
0.452838
0.452838
0.452838
0.452838
0.452838
0.452838
0.452838
0.452838
0.452838
0.452906
0.450698
0.531389
0.0279601
0.0266978
0.0449194
0.145415
0.0376704
0.986365
0.286529
0.194079
0.108822
0.0332307
0.0123724
0.0593705
0.0185619
0.0136206
0.00212946
0.192521
0.00328475
0.00741324
0.000972242
0.00193013
0.00181968
0.00210664
0.00312883
0.00750822
0.00199463
0.00127314
0.00147183
0.0489233
0.0010887
0.000306306
6.107e-05
1.10046e-05
9.43728e-06
0.000144287
1.72974e-05
1.54878e-05
0.452838
0.452838
0.452838
0.452838
0.452838
0.452838
0.452838
0.452838
0.452838
0.452838
0.452838
0.452838
0.452838
0.452838
0.452838
0.452838
0.452838
0.452838
0.452838
0.452838
0.452838
0.452838
0.452838
0.452838
0.452838
0.452838
0.452838
0.452838
0.452838
0.452838
0.452838
0.452838
0.452838
0.452838
0.452838
0.452838
0.452838
0.452838
0.452838
0.452838
0.452838
0.452838
0.452838
0.452838
0.452838
0.452838
0.452838
0.452838
0.452838
0.452838
0.452838
0.452838
0.452838
0.452838
0.452838
0.452839
0.452838
0.452567
0.431718
0.555007
0.0180311
0.000619941
0.00150025
0.00216972
0.0012511
0.00792943
0.00696257
0.0561697
0.026772
0.00299419
0.000508093
9.12172e-05
1.79334e-05
9.39566e-06
1.64267e-05
0.000331256
0.000542374
0.000316481
0.000199474
0.000214586
0.000218637
0.000266162
0.000377322
0.0150951
0.000269763
0.000141651
0.000131846
0.00194502
0.000106057
6.68842e-05
8.87241e-05
0.00011612
0.000825134
0.00069088
0.000379716
9.53684e-05
0.452838
0.452838
0.452838
0.452838
0.452838
0.452838
0.452838
0.452838
0.452838
0.452838
0.452838
0.452838
0.452838
0.452838
0.452838
0.452838
0.452838
0.452838
0.452838
0.452838
0.452838
0.452838
0.452838
0.452838
0.452838
0.452838
0.452838
0.452838
0.452838
0.452838
0.452838
0.452838
0.452838
0.452838
0.452838
0.452838
0.452838
0.452838
0.452838
0.452838
0.452838
0.452838
0.452838
0.452838
0.452838
0.452838
0.452838
0.452838
0.452838
0.452838
0.452838
0.452838
0.452838
0.452838
0.452838
0.452838
0.452839
0.452828
0.454068
0.535351
0.481801
5.97766e-05
0.000191821
3.0117e-05
9.74013e-06
3.91136e-05
1.16628e-05
7.09282e-06
0.000565809
0.000520639
0.000652356
0.00102867
0.00141763
0.00124429
0.00294249
0.00544409
0.0100926
0.00312791
0.00224875
0.00320067
0.00744567
0.00898081
0.00222483
0.00139824
0.00084968
0.000735503
0.000643748
0.00133229
0.00210352
0.013333
0.00149068
0.00232035
0.000789069
0.000568784
0.000373546
0.000104167
0.452838
0.452838
0.452838
0.452838
0.452838
0.452838
0.452838
0.452838
0.452838
0.452838
0.452838
0.452838
0.452838
0.452838
0.452838
0.452838
0.452838
0.452838
0.452838
0.452838
0.452838
0.452838
0.452838
0.452838
0.452838
0.452838
0.452838
0.452838
0.452838
0.452838
0.452838
0.452838
0.452838
0.452838
0.452838
0.452838
0.452838
0.452838
0.452838
0.452838
0.452838
0.452838
0.452838
0.452838
0.452838
0.452838
0.452838
0.452838
0.452838
0.452838
0.452838
0.452838
0.452838
0.452838
0.452838
0.452838
0.452839
0.45299
0.454054
0.50536
0.624076
3.77598e-06
0.000157337
0.0202187
0.000274272
0.00123075
0.000629026
0.00234452
0.0062797
0.00585563
0.00398606
0.00378388
0.00406232
0.00524214
0.0105032
0.026385
0.0165992
0.0213263
0.024333
0.0625881
0.00736108
0.00970252
0.0031429
0.00162814
0.000917209
0.00095786
0.000643088
0.000906819
0.00143674
0.00217162
0.00156131
0.00420574
0.000934624
0.000722818
0.000311294
9.72651e-05
0.452838
0.452838
0.452838
0.452838
0.452838
0.452838
0.452838
0.452838
0.452838
0.452838
0.452838
0.452838
0.452838
0.452838
0.452838
0.452838
0.452838
0.452838
0.452838
0.452838
0.452838
0.452838
0.452838
0.452838
0.452838
0.452838
0.452838
0.452838
0.452838
0.452838
0.452838
0.452838
0.452838
0.452838
0.452838
0.452838
0.452838
0.452838
0.452838
0.452838
0.452838
0.452838
0.452838
0.452838
0.452838
0.452838
0.452838
0.452838
0.452838
0.452838
0.452838
0.452838
0.452838
0.452838
0.452838
0.452838
0.452839
0.452859
0.489291
0.532503
0.0753546
4.87899e-05
2.88873e-06
0.000333397
0.000410551
0.00123444
0.00601146
0.00474647
0.00279961
0.00251253
0.00284806
0.00466904
0.00981969
0.0620425
0.0916856
0.0441055
0.0155841
0.00925793
0.00697536
0.00582023
0.0037397
0.00785169
0.00575877
0.00268688
0.00518565
0.00361758
0.00079333
0.000962963
0.00530237
0.00294686
0.00467021
0.00260407
0.00131087
0.000824739
0.000446004
0.00010376
0.452838
0.452838
0.452838
0.452838
0.452838
0.452838
0.452838
0.452838
0.452838
0.452838
0.452838
0.452838
0.452838
0.452838
0.452838
0.452838
0.452838
0.452838
0.452838
0.452838
0.452838
0.452838
0.452838
0.452838
0.452838
0.452838
0.452838
0.452838
0.452838
0.452838
0.452838
0.452838
0.452838
0.452838
0.452838
0.452838
0.452838
0.452838
0.452838
0.452838
0.452838
0.452838
0.452838
0.452838
0.452838
0.452838
0.452838
0.452838
0.452838
0.452838
0.452838
0.452838
0.452838
0.452838
0.452838
0.452838
0.452839
0.453711
0.454648
0.515915
0.19185
0.995553
2.59578e-06
0.000358215
0.000458634
0.00311947
0.00637156
0.00666526
0.0128819
0.0189483
0.00626834
0.00412374
0.00349535
0.00467225
0.00474635
0.0104775
0.00606011
0.0031853
0.00405182
0.00321208
0.00473461
0.00278566
0.00453777
0.0113327
0.00283262
0.00265276
0.000646628
0.000837465
0.00344954
0.00161579
0.00226794
0.00223326
0.00116105
0.000571368
0.000456636
0.000110652
0.452838
0.452838
0.452838
0.452838
0.452838
0.452838
0.452838
0.452838
0.452838
0.452838
0.452838
0.452838
0.452838
0.452838
0.452838
0.452838
0.452838
0.452838
0.452838
0.452838
0.452838
0.452838
0.452838
0.452838
0.452838
0.452838
0.452838
0.452838
0.452838
0.452838
0.452838
0.452838
0.452838
0.452838
0.452838
0.452838
0.452838
0.452838
0.452838
0.452838
0.452838
0.452838
0.452838
0.452838
0.452838
0.452838
0.452838
0.452838
0.452838
0.452838
0.452838
0.452838
0.452838
0.452838
0.452838
0.452838
0.452841
0.452949
0.470296
0.550195
0.0699183
0.000658185
4.21198e-06
0.00142182
0.000644633
0.0053071
0.00249148
0.00464167
0.0202952
0.0163291
0.0162629
0.024105
0.104121
0.0148075
0.0259426
0.459868
0.00746353
0.00755935
0.180721
0.0180182
0.00233511
0.00136968
0.000899592
0.00072797
0.00144784
0.26329
0.0050532
0.00309987
0.0012871
0.000790042
0.00140885
0.012955
0.00249088
0.00251055
0.00131363
0.000117403
0.452838
0.452838
0.452838
0.452838
0.452838
0.452838
0.452838
0.452838
0.452838
0.452838
0.452838
0.452838
0.452838
0.452838
0.452838
0.452838
0.452838
0.452838
0.452838
0.452838
0.452838
0.452838
0.452838
0.452838
0.452838
0.452838
0.452838
0.452838
0.452838
0.452838
0.452838
0.452838
0.452838
0.452838
0.452838
0.452838
0.452838
0.452838
0.452838
0.452838
0.452838
0.452838
0.452838
0.452838
0.452838
0.452838
0.452838
0.452838
0.452838
0.452838
0.452838
0.452838
0.452838
0.452838
0.452838
0.452838
0.452853
0.453561
0.481849
0.497561
0.179792
0.00219657
4.71964e-06
0.000799057
0.00770984
0.0016127
0.00168679
0.0107192
0.0180577
0.0312884
0.0288161
0.0216926
0.00358027
0.00433696
0.374375
0.00821103
0.00499392
0.0223959
0.00192924
0.0010712
0.000507673
0.000601227
0.00259069
0.0322983
0.00790451
0.0085567
0.0220949
0.00171919
0.000754934
0.000552355
0.00104943
0.00707971
0.0173117
0.0405274
0.00180378
0.000123636
0.452838
0.452838
0.452838
0.452838
0.452838
0.452838
0.452838
0.452838
0.452838
0.452838
0.452838
0.452838
0.452838
0.452838
0.452838
0.452838
0.452838
0.452838
0.452838
0.452838
0.452838
0.452838
0.452838
0.452838
0.452838
0.452838
0.452838
0.452838
0.452838
0.452838
0.452838
0.452838
0.452838
0.452838
0.452838
0.452838
0.452838
0.452838
0.452838
0.452838
0.452838
0.452838
0.452838
0.452838
0.452838
0.452838
0.452838
0.452838
0.452838
0.452838
0.452838
0.452838
0.452838
0.452838
0.452838
0.452838
0.452842
0.452859
0.451071
0.517636
0.137586
0.000584278
4.42291e-06
0.000126395
0.00181737
0.00212144
0.00374847
0.00231751
0.00705088
0.00723912
0.00444113
0.0141703
0.0127294
0.0374134
0.0053832
0.050571
0.00208771
0.00185675
0.00138965
0.00123576
0.00153023
0.00190647
0.00985316
0.00373071
0.00637084
0.00183991
0.00142619
0.00227234
0.000740557
0.000609883
0.00115728
0.747117
0.00462081
0.00204034
0.000745645
0.000109677
0.452838
0.452838
0.452838
0.452838
0.452838
0.452838
0.452838
0.452838
0.452838
0.452838
0.452838
0.452838
0.452838
0.452838
0.452838
0.452838
0.452838
0.452838
0.452838
0.452838
0.452838
0.452838
0.452838
0.452838
0.452838
0.452838
0.452838
0.452838
0.452838
0.452838
0.452838
0.452838
0.452838
0.452838
0.452838
0.452838
0.452838
0.452838
0.452838
0.452838
0.452838
0.452838
0.452838
0.452838
0.452838
0.452838
0.452838
0.452838
0.452838
0.452838
0.452838
0.452838
0.452838
0.452838
0.452838
0.452838
0.45284
0.452789
0.506298
0.456906
0.463096
0.00211768
2.8068e-05
8.81849e-06
5.81189e-06
3.43769e-05
5.5919e-05
9.17637e-05
0.000116633
0.000138322
0.000181375
0.000345962
0.000555294
0.00041877
0.000324567
0.0141728
0.00182328
0.00320439
0.000348352
0.000523345
0.000819058
0.00167321
0.00500218
0.00670029
0.00200611
0.000947991
0.000849593
0.00217087
0.00150057
0.000861797
0.000712626
0.00157444
0.00428415
0.00319849
0.000948884
0.000116624
0.452838
0.452838
0.452838
0.452838
0.452838
0.452838
0.452838
0.452838
0.452838
0.452838
0.452838
0.452838
0.452838
0.452838
0.452838
0.452838
0.452838
0.452838
0.452838
0.452838
0.452838
0.452838
0.452838
0.452838
0.452838
0.452838
0.452838
0.452838
0.452838
0.452838
0.452838
0.452838
0.452838
0.452838
0.452838
0.452838
0.452838
0.452838
0.452838
0.452838
0.452838
0.452838
0.452838
0.452838
0.452838
0.452838
0.452838
0.452838
0.452838
0.452838
0.452838
0.452838
0.452838
0.452838
0.452838
0.452838
0.45284
0.452835
0.454551
0.521985
0.11051
0.0136415
0.876473
0.00752936
0.000611403
0.00148607
0.000289213
0.000177348
0.000181729
0.000235314
0.000287336
0.000321957
0.000287791
5.5913e-05
8.95022e-06
7.12074e-06
0.000240561
1.05674e-05
9.59086e-06
4.39979e-05
9.28684e-06
7.63839e-06
0.000630175
0.0299525
0.000963191
0.00126736
0.00082828
0.000548658
0.00128437
0.00107462
0.00147449
0.000659283
0.0142967
0.00101314
0.000825524
0.00011779
0.452838
0.452838
0.452838
0.452838
0.452838
0.452838
0.452838
0.452838
0.452838
0.452838
0.452838
0.452838
0.452838
0.452838
0.452838
0.452838
0.452838
0.452838
0.452838
0.452838
0.452838
0.452838
0.452838
0.452838
0.452838
0.452838
0.452838
0.452838
0.452838
0.452838
0.452838
0.452838
0.452838
0.452838
0.452838
0.452838
0.452838
0.452838
0.452838
0.452838
0.452838
0.452838
0.452838
0.452838
0.452838
0.452838
0.452838
0.452838
0.452838
0.452838
0.452838
0.452838
0.452838
0.452838
0.452838
0.452838
0.452839
0.452792
0.456538
0.486972
0.927738
0.965346
0.980749
0.998381
0.00759548
0.00469989
0.00244586
0.0059082
0.00883641
0.0311497
0.0691016
0.971664
0.0870615
0.0104202
0.00461762
0.149843
0.0125377
0.0497859
0.0270496
0.0191356
0.0093222
0.0134924
0.00656617
0.00260357
0.000256303
3.86858e-05
8.84246e-06
7.58861e-06
9.86891e-05
0.000925433
0.000129151
0.000134381
0.000387893
0.0125818
0.000662982
0.000118872
0.452838
0.452838
0.452838
0.452838
0.452838
0.452838
0.452838
0.452838
0.452838
0.452838
0.452838
0.452838
0.452838
0.452838
0.452838
0.452838
0.452838
0.452838
0.452838
0.452838
0.452838
0.452838
0.452838
0.452838
0.452838
0.452838
0.452838
0.452838
0.452838
0.452838
0.452838
0.452838
0.452838
0.452838
0.452838
0.452838
0.452838
0.452838
0.452838
0.452838
0.452838
0.452838
0.452838
0.452838
0.452838
0.452838
0.452838
0.452838
0.452838
0.452838
0.452838
0.452838
0.452838
0.452838
0.452838
0.452838
0.45285
0.453555
0.43751
0.509771
0.521712
0.437084
0.999899
0.920251
0.35772
0.987572
0.0399438
0.0111775
0.409575
0.0892942
0.999365
0.0424772
0.992351
0.112316
0.91179
0.183916
0.902265
0.265755
0.856581
0.0163097
0.064958
0.0440182
0.0304208
0.120077
0.201762
0.00355924
0.000301337
2.59689e-05
4.09456e-06
7.9141e-05
0.00317827
7.96194e-05
0.000102822
0.000427823
0.00028641
0.000125046
0.452838
0.452838
0.452838
0.452838
0.452838
0.452838
0.452838
0.452838
0.452838
0.452838
0.452838
0.452838
0.452838
0.452838
0.452838
0.452838
0.452838
0.452838
0.452838
0.452838
0.452838
0.452838
0.452838
0.452838
0.452838
0.452838
0.452838
0.452838
0.452838
0.452838
0.452838
0.452838
0.452838
0.452838
0.452838
0.452838
0.452838
0.452838
0.452838
0.452838
0.452838
0.452838
0.452838
0.452838
0.452838
0.452838
0.452838
0.452838
0.452838
0.452838
0.452838
0.452838
0.452838
0.452838
0.452838
0.452839
0.452841
0.452946
0.476554
0.500453
0.630108
0.151085
0.173749
0.751385
0.718472
0.0279488
0.688879
0.999852
0.305273
0.414277
0.654833
0.0620806
0.0831355
0.20376
0.128237
0.0880296
0.245917
0.305828
0.878848
0.789409
0.692221
0.743468
0.923071
0.0217468
0.975165
0.0216921
0.00471195
0.00289998
3.29693e-05
7.6247e-06
0.00169142
0.000404762
0.0022199
0.00109708
0.00254599
1.73798e-05
0.452838
0.452838
0.452838
0.452838
0.452838
0.452838
0.452838
0.452838
0.452838
0.452838
0.452838
0.452838
0.452838
0.452838
0.452838
0.452838
0.452838
0.452838
0.452838
0.452838
0.452838
0.452838
0.452838
0.452838
0.452838
0.452838
0.452838
0.452838
0.452838
0.452838
0.452838
0.452838
0.452838
0.452838
0.452838
0.452838
0.452838
0.452838
0.452838
0.452838
0.452838
0.452838
0.452838
0.452838
0.452838
0.452838
0.452838
0.452838
0.452838
0.452838
0.452838
0.452838
0.452838
0.452838
0.452838
0.452838
0.452839
0.452843
0.472323
0.501783
0.477394
0.207809
0.930486
0.205005
0.992006
8.85391e-08
0.242462
0.822592
0.485789
0.000538186
0.00185055
0.659737
0.105396
5.57576e-05
0.997832
0.983919
0.987047
0.123996
0.388917
0.746466
0.954566
0.0330453
0.261177
0.976644
0.779883
0.00947212
0.183826
0.0173379
0.00219098
0.000194816
7.337e-06
3.64327e-06
8.71274e-05
8.37733e-05
3.31037e-05
1.75198e-05
0.452838
0.452838
0.452838
0.452838
0.452838
0.452838
0.452838
0.452838
0.452838
0.452838
0.452838
0.452838
0.452838
0.452838
0.452838
0.452838
0.452838
0.452838
0.452838
0.452838
0.452838
0.452838
0.452838
0.452838
0.452838
0.452838
0.452838
0.452838
0.452838
0.452838
0.452838
0.452838
0.452838
0.452838
0.452838
0.452838
0.452838
0.452838
0.452838
0.452838
0.452838
0.452838
0.452838
0.452838
0.452838
0.452838
0.452838
0.452838
0.452838
0.452838
0.452838
0.452838
0.452838
0.452838
0.452838
0.452838
0.45285
0.452495
0.451304
0.544822
0.0376457
0.079325
0.12991
0.161376
0.103637
0.997708
0.272558
0.927676
0.787188
0.966512
0.076358
0.0795438
0.488488
0.408795
0.0335639
0.893785
0.98364
0.151859
0.0676686
0.163145
0.0445506
0.0705921
0.00933292
0.0319016
0.00478174
0.0262452
0.00986213
0.00132279
0.000421512
0.000107191
6.50139e-06
3.79896e-06
0.00189778
0.000148499
8.14716e-05
2.99863e-05
0.452838
0.452838
0.452838
0.452838
0.452838
0.452838
0.452838
0.452838
0.452838
0.452838
0.452838
0.452838
0.452838
0.452838
0.452838
0.452838
0.452838
0.452838
0.452838
0.452838
0.452838
0.452838
0.452838
0.452838
0.452838
0.452838
0.452838
0.452838
0.452838
0.452838
0.452838
0.452838
0.452838
0.452838
0.452838
0.452838
0.452838
0.452838
0.452838
0.452838
0.452838
0.452838
0.452838
0.452838
0.452838
0.452838
0.452838
0.452838
0.452838
0.452838
0.452838
0.452838
0.452838
0.452838
0.452838
0.452838
0.452839
0.452858
0.430334
0.46796
0.833403
0.0147536
0.0148485
0.110468
0.209207
0.0631786
0.0427636
0.0433028
0.0841803
0.0444304
0.0164076
0.00599842
0.0124985
0.00224333
0.000431649
0.000650853
0.999933
1.37346e-05
9.57167e-06
1.58374e-05
9.68213e-06
2.99523e-05
1.30757e-05
6.48859e-06
0.000220473
0.000259674
0.000389051
0.00181803
0.000236482
0.00013814
9.56613e-05
0.000214567
0.00125366
0.00130912
0.00033694
9.03896e-05
0.452838
0.452838
0.452838
0.452838
0.452838
0.452838
0.452838
0.452838
0.452838
0.452838
0.452838
0.452838
0.452838
0.452838
0.452838
0.452838
0.452838
0.452838
0.452838
0.452838
0.452838
0.452838
0.452838
0.452838
0.452838
0.452838
0.452838
0.452838
0.452838
0.452838
0.452838
0.452838
0.452838
0.452838
0.452838
0.452838
0.452838
0.452838
0.452838
0.452838
0.452838
0.452838
0.452838
0.452838
0.452838
0.452838
0.452838
0.452838
0.452838
0.452838
0.452838
0.452838
0.452838
0.452838
0.452839
0.452838
0.452838
0.452853
0.453805
0.498839
0.289757
0.00778359
0.00155928
0.00250856
0.00158726
0.00709306
0.87961
0.927357
0.000607426
6.92298e-05
1.00972e-05
9.6086e-06
3.37367e-05
0.00054775
2.62029e-05
0.000693021
0.000463822
0.000562252
0.0148699
0.0035551
0.00109785
0.000453611
0.000189643
0.000637575
0.00282298
0.00209451
0.00157295
0.00138316
0.00142522
0.00150308
0.000753282
0.00197795
0.00277539
0.00103513
0.000497479
8.48817e-05
0.452838
0.452838
0.452838
0.452838
0.452838
0.452838
0.452838
0.452838
0.452838
0.452838
0.452838
0.452838
0.452838
0.452838
0.452838
0.452838
0.452838
0.452838
0.452838
0.452838
0.452838
0.452838
0.452838
0.452838
0.452838
0.452838
0.452838
0.452838
0.452838
0.452838
0.452838
0.452838
0.452838
0.452838
0.452838
0.452838
0.452838
0.452838
0.452838
0.452838
0.452838
0.452838
0.452838
0.452838
0.452838
0.452838
0.452838
0.452838
0.452838
0.452838
0.452838
0.452838
0.452838
0.452838
0.452838
0.452838
0.452839
0.452897
0.454903
0.516187
0.193332
0.000813588
4.13075e-06
0.000203526
9.85948e-06
1.22339e-05
1.1839e-05
8.02393e-06
0.000533719
0.000787751
0.00186877
0.00246723
0.0299443
0.000459683
0.010056
0.0281059
0.0119479
0.00692713
0.00310981
0.00293994
0.0185099
0.00440078
0.00106857
0.000437885
0.000543801
0.00166799
0.00145867
0.0065413
0.00100401
0.000828816
0.000768512
0.00132416
0.00505254
0.00077589
0.00052217
0.000106578
0.452838
0.452838
0.452838
0.452838
0.452838
0.452838
0.452838
0.452838
0.452838
0.452838
0.452838
0.452838
0.452838
0.452838
0.452838
0.452838
0.452838
0.452838
0.452838
0.452838
0.452838
0.452838
0.452838
0.452838
0.452838
0.452838
0.452838
0.452838
0.452838
0.452838
0.452838
0.452838
0.452838
0.452838
0.452838
0.452838
0.452838
0.452838
0.452838
0.452838
0.452838
0.452838
0.452838
0.452838
0.452838
0.452838
0.452838
0.452838
0.452838
0.452838
0.452838
0.452838
0.452838
0.452838
0.452838
0.452838
0.452839
0.452848
0.470473
0.505687
0.201399
0.00341347
4.59513e-06
0.000535362
0.00598259
0.000461106
0.000915097
0.0137957
0.00705318
0.0190046
0.00526812
0.0044901
0.0111553
0.0283127
0.138564
0.0167215
0.0103991
0.0414312
0.0413579
0.0841566
0.0160178
0.00385853
0.00563969
0.000697357
0.000339049
0.0010331
0.00158472
0.0420294
0.00147184
0.00101621
0.000729611
0.00110756
0.0390411
0.000986878
0.000374191
9.64678e-05
0.452838
0.452838
0.452838
0.452838
0.452838
0.452838
0.452838
0.452838
0.452838
0.452838
0.452838
0.452838
0.452838
0.452838
0.452838
0.452838
0.452838
0.452838
0.452838
0.452838
0.452838
0.452838
0.452838
0.452838
0.452838
0.452838
0.452838
0.452838
0.452838
0.452838
0.452838
0.452838
0.452838
0.452838
0.452838
0.452838
0.452838
0.452838
0.452838
0.452838
0.452838
0.452838
0.452838
0.452838
0.452838
0.452838
0.452838
0.452838
0.452838
0.452838
0.452838
0.452838
0.452838
0.452838
0.452838
0.452838
0.452839
0.452888
0.476683
0.503919
0.211407
0.00186779
4.30505e-06
0.000546737
0.00184235
0.00330587
0.00218683
0.00227682
0.00301123
0.0105777
0.0123307
0.0165835
0.00974837
0.0131285
0.0139675
0.0140774
0.0341715
0.080455
0.0150965
0.088992
0.0191874
0.00953033
0.0024172
0.00108124
0.000533692
0.000427884
0.00209913
0.0133371
0.00112644
0.000821973
0.00066949
0.00121242
0.0745033
0.00140155
0.000434589
0.000101488
0.452838
0.452838
0.452838
0.452838
0.452838
0.452838
0.452838
0.452838
0.452838
0.452838
0.452838
0.452838
0.452838
0.452838
0.452838
0.452838
0.452838
0.452838
0.452838
0.452838
0.452838
0.452838
0.452838
0.452838
0.452838
0.452838
0.452838
0.452838
0.452838
0.452838
0.452838
0.452838
0.452838
0.452838
0.452838
0.452838
0.452838
0.452838
0.452838
0.452838
0.452838
0.452838
0.452838
0.452838
0.452838
0.452838
0.452838
0.452838
0.452838
0.452838
0.452838
0.452838
0.452838
0.452838
0.452838
0.452838
0.452839
0.452805
0.461491
0.640912
0.90687
0.999285
2.90486e-06
0.000473223
0.00356831
0.0032333
0.00579983
0.0022217
0.00147537
0.00142425
0.0015416
0.0017467
0.00282331
0.00346615
0.00516144
0.00893546
0.0055691
0.00936521
0.0545847
0.0310072
0.0390642
0.0344556
0.0205471
0.00631803
0.000706428
0.000424409
0.0108058
0.00536081
0.00126495
0.000686344
0.000569622
0.00101889
0.00539589
0.00147298
0.00062295
0.000109626
)
;

boundaryField
{
    outlet
    {
        type            zeroGradient;
    }
    inlet
    {
        type            fixedValue;
        value           uniform 0.45;
    }
    walls
    {
        type            zeroGradient;
    }
}


// ************************************************************************* //
