/*--------------------------------*- C++ -*----------------------------------*\
| =========                 |                                                 |
| \\      /  F ield         | OpenFOAM: The Open Source CFD Toolbox           |
|  \\    /   O peration     | Version:  2.3.0                                 |
|   \\  /    A nd           | Web:      www.OpenFOAM.org                      |
|    \\/     M anipulation  |                                                 |
\*---------------------------------------------------------------------------*/
FoamFile
{
    version     2.0;
    format      ascii;
    class       volScalarField;
    location    "61";
    object      p;
}
// * * * * * * * * * * * * * * * * * * * * * * * * * * * * * * * * * * * * * //

dimensions      [1 -1 -2 0 0 0 0];

internalField   nonuniform List<scalar> 
6144
(
100000
100000
100000
100000
100001
100001
100001
100001
100001
100001
100002
100002
100002
100002
100002
100002
100002
100003
100003
100003
100003
100003
100003
100003
100004
100004
100004
100004
100004
100004
100004
100005
100005
100005
100005
100005
100005
100005
100006
100006
100006
100006
100006
100006
100006
100007
100007
100007
100007
100007
100007
100007
100008
100008
100008
100008
100008
100008
100009
100010
100033
100214
100316
100441
100567
100695
100823
100951
101076
101200
101321
101442
101563
101687
101813
101940
102069
102198
102327
102456
102584
102710
102835
102960
103086
103211
103337
103462
103588
103714
103840
103966
104092
104218
104344
104470
100000
100000
100000
100000
100001
100001
100001
100001
100001
100001
100002
100002
100002
100002
100002
100002
100002
100003
100003
100003
100003
100003
100003
100003
100004
100004
100004
100004
100004
100004
100004
100005
100005
100005
100005
100005
100005
100005
100006
100006
100006
100006
100006
100006
100006
100007
100007
100007
100007
100007
100007
100007
100008
100008
100008
100008
100008
100008
100009
100010
100032
100204
100298
100444
100565
100693
100823
100952
101077
101199
101319
101439
101560
101685
101811
101938
102067
102197
102328
102458
102586
102710
102834
102959
103085
103210
103336
103462
103587
103713
103839
103965
104092
104218
104344
104471
100000
100000
100000
100000
100001
100001
100001
100001
100001
100001
100002
100002
100002
100002
100002
100002
100002
100003
100003
100003
100003
100003
100003
100003
100004
100004
100004
100004
100004
100004
100004
100005
100005
100005
100005
100005
100005
100005
100006
100006
100006
100006
100006
100006
100006
100007
100007
100007
100007
100007
100007
100007
100008
100008
100008
100008
100008
100008
100009
100010
100035
100206
100307
100443
100565
100695
100824
100952
101076
101198
101318
101439
101561
101686
101813
101940
102068
102197
102325
102454
102581
102706
102831
102957
103082
103208
103334
103460
103586
103712
103838
103964
104091
104218
104345
104471
100000
100000
100000
100000
100001
100001
100001
100001
100001
100001
100002
100002
100002
100002
100002
100002
100002
100003
100003
100003
100003
100003
100003
100003
100004
100004
100004
100004
100004
100004
100004
100005
100005
100005
100005
100005
100005
100005
100006
100006
100006
100006
100006
100006
100006
100007
100007
100007
100007
100007
100007
100007
100008
100008
100008
100008
100008
100008
100009
100009
100040
100206
100309
100441
100565
100692
100820
100947
101071
101195
101317
101440
101564
101689
101814
101941
102068
102196
102324
102451
102578
102703
102829
102955
103081
103207
103333
103460
103586
103712
103839
103965
104091
104218
104345
104472
100000
100000
100000
100000
100001
100001
100001
100001
100001
100001
100002
100002
100002
100002
100002
100002
100002
100003
100003
100003
100003
100003
100003
100003
100004
100004
100004
100004
100004
100004
100004
100005
100005
100005
100005
100005
100005
100005
100006
100006
100006
100006
100006
100006
100006
100007
100007
100007
100007
100007
100007
100007
100008
100008
100008
100008
100008
100008
100008
100009
100045
100207
100314
100443
100567
100692
100817
100942
101067
101192
101316
101440
101565
101690
101815
101941
102067
102194
102322
102449
102576
102703
102830
102956
103083
103209
103335
103461
103587
103714
103840
103966
104092
104218
104345
104472
100000
100000
100000
100000
100001
100001
100001
100001
100001
100001
100002
100002
100002
100002
100002
100002
100002
100003
100003
100003
100003
100003
100003
100003
100004
100004
100004
100004
100004
100004
100004
100005
100005
100005
100005
100005
100005
100005
100006
100006
100006
100006
100006
100006
100006
100007
100007
100007
100007
100007
100007
100007
100008
100008
100008
100008
100008
100008
100009
100009
100051
100203
100315
100442
100566
100691
100814
100938
101063
101190
101316
101441
101566
101691
101816
101942
102068
102194
102321
102449
102576
102703
102830
102957
103084
103210
103336
103462
103588
103715
103841
103967
104093
104219
104346
104473
100000
100000
100000
100000
100001
100001
100001
100001
100001
100001
100002
100002
100002
100002
100002
100002
100002
100003
100003
100003
100003
100003
100003
100003
100004
100004
100004
100004
100004
100004
100004
100005
100005
100005
100005
100005
100005
100005
100006
100006
100006
100006
100006
100006
100006
100007
100007
100007
100007
100007
100007
100007
100008
100008
100008
100008
100008
100008
100009
100010
100049
100204
100314
100443
100565
100690
100813
100936
101062
101189
101317
101443
101568
101693
101818
101943
102069
102195
102322
102448
102576
102703
102830
102957
103084
103210
103336
103462
103588
103714
103840
103966
104092
104218
104345
104473
100000
100000
100000
100000
100001
100001
100001
100001
100001
100001
100002
100002
100002
100002
100002
100002
100002
100003
100003
100003
100003
100003
100003
100003
100004
100004
100004
100004
100004
100004
100004
100005
100005
100005
100005
100005
100005
100005
100006
100006
100006
100006
100006
100006
100006
100007
100007
100007
100007
100007
100007
100007
100008
100008
100008
100008
100008
100008
100009
100010
100042
100201
100311
100443
100563
100688
100812
100937
101063
101190
101318
101445
101571
101695
101820
101944
102069
102194
102321
102447
102574
102702
102830
102957
103084
103210
103337
103463
103589
103715
103840
103964
104089
104215
104341
104470
100000
100000
100000
100000
100001
100001
100001
100001
100001
100001
100001
100002
100002
100002
100002
100002
100002
100003
100003
100003
100003
100003
100003
100003
100004
100004
100004
100004
100004
100004
100004
100005
100005
100005
100005
100005
100005
100005
100006
100006
100006
100006
100006
100006
100006
100007
100007
100007
100007
100007
100007
100007
100008
100008
100008
100008
100008
100008
100009
100010
100033
100202
100309
100444
100562
100688
100812
100937
101062
101190
101318
101445
101572
101696
101820
101944
102069
102195
102321
102447
102574
102702
102829
102957
103084
103211
103338
103463
103589
103714
103839
103964
104088
104215
104341
104469
100000
100000
100000
100000
100001
100001
100001
100001
100001
100001
100001
100002
100002
100002
100002
100002
100002
100003
100003
100003
100003
100003
100003
100003
100004
100004
100004
100004
100004
100004
100004
100005
100005
100005
100005
100005
100005
100005
100006
100006
100006
100006
100006
100006
100006
100007
100007
100007
100007
100007
100007
100007
100008
100008
100008
100008
100008
100008
100009
100009
100027
100203
100309
100444
100562
100689
100812
100937
101063
101189
101317
101446
101571
101696
101821
101945
102069
102195
102320
102447
102574
102702
102829
102956
103083
103211
103337
103463
103589
103714
103839
103963
104088
104214
104341
104468
100000
100000
100000
100000
100001
100001
100001
100001
100001
100001
100001
100002
100002
100002
100002
100002
100002
100003
100003
100003
100003
100003
100003
100003
100004
100004
100004
100004
100004
100004
100004
100005
100005
100005
100005
100005
100005
100005
100006
100006
100006
100006
100006
100006
100006
100007
100007
100007
100007
100007
100007
100007
100008
100008
100008
100008
100008
100008
100009
100009
100024
100204
100311
100443
100563
100691
100814
100938
101063
101189
101316
101444
101571
101697
101821
101944
102068
102193
102319
102446
102573
102701
102829
102956
103083
103210
103337
103463
103589
103714
103839
103963
104088
104215
104342
104469
100000
100000
100000
100000
100001
100001
100001
100001
100001
100001
100001
100002
100002
100002
100002
100002
100002
100003
100003
100003
100003
100003
100003
100003
100004
100004
100004
100004
100004
100004
100004
100005
100005
100005
100005
100005
100005
100005
100006
100006
100006
100006
100006
100006
100006
100007
100007
100007
100007
100007
100007
100007
100008
100008
100008
100008
100008
100008
100009
100009
100022
100205
100311
100443
100566
100692
100815
100939
101064
101189
101315
101442
101569
101695
101820
101943
102067
102191
102317
102444
102572
102700
102828
102956
103083
103210
103337
103464
103589
103714
103840
103964
104090
104216
104343
104470
100000
100000
100000
100000
100001
100001
100001
100001
100001
100001
100001
100002
100002
100002
100002
100002
100002
100003
100003
100003
100003
100003
100003
100003
100004
100004
100004
100004
100004
100004
100004
100005
100005
100005
100005
100005
100005
100005
100006
100006
100006
100006
100006
100006
100006
100007
100007
100007
100007
100007
100007
100007
100008
100008
100008
100008
100008
100008
100009
100009
100023
100206
100312
100443
100565
100694
100816
100940
101065
101190
101315
101440
101566
101693
101819
101943
102067
102192
102318
102444
102572
102700
102828
102956
103083
103210
103337
103464
103590
103715
103840
103965
104091
104217
104344
104470
100000
100000
100000
100000
100001
100001
100001
100001
100001
100001
100001
100002
100002
100002
100002
100002
100002
100003
100003
100003
100003
100003
100003
100003
100004
100004
100004
100004
100004
100004
100004
100005
100005
100005
100005
100005
100005
100005
100006
100006
100006
100006
100006
100006
100006
100007
100007
100007
100007
100007
100007
100007
100008
100008
100008
100008
100008
100008
100009
100009
100022
100209
100314
100443
100565
100692
100817
100941
101065
101191
101316
101441
101566
101691
101817
101942
102067
102193
102318
102445
102573
102701
102829
102956
103083
103210
103338
103464
103590
103715
103840
103966
104092
104218
104344
104471
100000
100000
100000
100000
100001
100001
100001
100001
100001
100001
100001
100002
100002
100002
100002
100002
100002
100003
100003
100003
100003
100003
100003
100003
100004
100004
100004
100004
100004
100004
100004
100005
100005
100005
100005
100005
100005
100005
100006
100006
100006
100006
100006
100006
100006
100007
100007
100007
100007
100007
100007
100007
100008
100008
100008
100008
100008
100008
100009
100009
100024
100211
100315
100444
100567
100692
100817
100941
101066
101191
101316
101441
101566
101691
101816
101942
102067
102193
102319
102446
102574
102702
102830
102957
103084
103211
103339
103465
103590
103715
103841
103966
104092
104219
104345
104471
100000
100000
100000
100000
100001
100001
100001
100001
100001
100001
100001
100002
100002
100002
100002
100002
100002
100003
100003
100003
100003
100003
100003
100003
100004
100004
100004
100004
100004
100004
100004
100005
100005
100005
100005
100005
100005
100005
100006
100006
100006
100006
100006
100006
100006
100007
100007
100007
100007
100007
100007
100007
100008
100008
100008
100008
100008
100008
100009
100009
100026
100212
100320
100446
100569
100693
100817
100942
101066
101191
101317
101442
101567
101692
101817
101942
102068
102194
102320
102447
102575
102703
102830
102958
103085
103213
103340
103466
103591
103716
103841
103967
104093
104219
104345
104471
100000
100000
100000
100000
100001
100001
100001
100001
100001
100001
100002
100002
100002
100002
100002
100002
100002
100003
100003
100003
100003
100003
100003
100003
100004
100004
100004
100004
100004
100004
100004
100005
100005
100005
100005
100005
100005
100005
100006
100006
100006
100006
100006
100006
100006
100007
100007
100007
100007
100007
100007
100007
100008
100008
100008
100008
100008
100008
100009
100009
100031
100211
100312
100442
100567
100694
100822
100949
101075
101199
101321
101442
101564
101688
101813
101940
102068
102197
102327
102455
102582
102709
102834
102959
103085
103211
103336
103461
103588
103714
103840
103966
104092
104218
104344
104470
100000
100000
100000
100000
100001
100001
100001
100001
100001
100001
100002
100002
100002
100002
100002
100002
100002
100003
100003
100003
100003
100003
100003
100003
100004
100004
100004
100004
100004
100004
100004
100005
100005
100005
100005
100005
100005
100005
100006
100006
100006
100006
100006
100006
100006
100007
100007
100007
100007
100007
100007
100007
100008
100008
100008
100008
100008
100008
100009
100009
100035
100202
100300
100443
100565
100693
100822
100951
101077
101199
101320
101440
101561
101685
101811
101937
102066
102196
102326
102457
102585
102710
102834
102958
103083
103209
103334
103460
103587
103713
103838
103965
104091
104218
104343
104470
100000
100000
100000
100000
100001
100001
100001
100001
100001
100001
100002
100002
100002
100002
100002
100002
100002
100003
100003
100003
100003
100003
100003
100003
100004
100004
100004
100004
100004
100004
100004
100005
100005
100005
100005
100005
100005
100005
100006
100006
100006
100006
100006
100006
100006
100007
100007
100007
100007
100007
100007
100007
100008
100008
100008
100008
100008
100008
100009
100009
100035
100207
100306
100441
100561
100694
100824
100953
101076
101198
101319
101440
101562
101686
101812
101938
102067
102197
102326
102453
102580
102704
102829
102954
103079
103205
103331
103457
103583
103709
103836
103962
104089
104217
104344
104470
100000
100000
100000
100000
100001
100001
100001
100001
100001
100001
100002
100002
100002
100002
100002
100002
100002
100003
100003
100003
100003
100003
100003
100003
100004
100004
100004
100004
100004
100004
100004
100005
100005
100005
100005
100005
100005
100005
100006
100006
100006
100006
100006
100006
100006
100007
100007
100007
100007
100007
100007
100007
100008
100008
100008
100008
100008
100008
100008
100009
100043
100202
100309
100439
100564
100692
100821
100947
101071
101194
101317
101440
101564
101688
101812
101938
102065
102193
102321
102447
102573
102699
102825
102952
103078
103203
103330
103456
103583
103710
103837
103963
104088
104215
104343
104470
100000
100000
100000
100000
100001
100001
100001
100001
100001
100001
100002
100002
100002
100002
100002
100002
100002
100003
100003
100003
100003
100003
100003
100003
100004
100004
100004
100004
100004
100004
100004
100005
100005
100005
100005
100005
100005
100005
100006
100006
100006
100006
100006
100006
100006
100007
100007
100007
100007
100007
100007
100007
100008
100008
100008
100008
100008
100008
100008
100009
100051
100201
100315
100441
100566
100692
100818
100943
101068
101192
101315
101439
101563
101688
101813
101938
102063
102189
102316
102444
102572
102700
102827
102954
103081
103207
103333
103459
103586
103712
103838
103964
104090
104215
104342
104470
100000
100000
100000
100000
100001
100001
100001
100001
100001
100001
100001
100002
100002
100002
100002
100002
100002
100003
100003
100003
100003
100003
100003
100003
100004
100004
100004
100004
100004
100004
100004
100005
100005
100005
100005
100005
100005
100005
100006
100006
100006
100006
100006
100006
100006
100007
100007
100007
100007
100007
100007
100007
100008
100008
100008
100008
100008
100008
100008
100009
100058
100199
100316
100441
100566
100691
100815
100939
101064
101190
101314
101438
101562
101687
101812
101937
102062
102189
102317
102445
102574
102702
102829
102956
103082
103208
103335
103461
103587
103713
103840
103965
104091
104216
104342
104470
100000
100000
100000
100000
100001
100001
100001
100001
100001
100001
100001
100002
100002
100002
100002
100002
100002
100003
100003
100003
100003
100003
100003
100003
100004
100004
100004
100004
100004
100004
100004
100005
100005
100005
100005
100005
100005
100005
100006
100006
100006
100006
100006
100006
100006
100007
100007
100007
100007
100007
100007
100007
100008
100008
100008
100008
100008
100008
100008
100009
100061
100198
100316
100441
100565
100689
100812
100937
101062
101188
101315
101439
101564
101689
101815
101940
102065
102191
102319
102448
102577
102704
102830
102955
103080
103206
103333
103460
103587
103713
103839
103964
104090
104216
104342
104468
100000
100000
100000
100000
100001
100001
100001
100001
100001
100001
100001
100002
100002
100002
100002
100002
100002
100003
100003
100003
100003
100003
100003
100003
100004
100004
100004
100004
100004
100004
100004
100005
100005
100005
100005
100005
100005
100005
100006
100006
100006
100006
100006
100006
100006
100007
100007
100007
100007
100007
100007
100007
100008
100008
100008
100008
100008
100008
100008
100009
100056
100196
100313
100440
100562
100686
100810
100935
101062
101189
101316
101442
101566
101692
101817
101942
102067
102193
102321
102448
102576
102703
102830
102956
103081
103206
103330
103457
103584
103711
103837
103962
104087
104213
104340
104461
100000
100000
100000
100000
100001
100001
100001
100001
100001
100001
100001
100002
100002
100002
100002
100002
100002
100003
100003
100003
100003
100003
100003
100003
100004
100004
100004
100004
100004
100004
100004
100005
100005
100005
100005
100005
100005
100005
100006
100006
100006
100006
100006
100006
100006
100007
100007
100007
100007
100007
100007
100007
100008
100008
100008
100008
100008
100008
100008
100009
100045
100195
100309
100440
100561
100685
100809
100933
101059
101187
101316
101443
101569
101693
101818
101942
102067
102193
102320
102446
102574
102702
102829
102957
103084
103209
103334
103458
103582
103707
103833
103959
104084
104210
104337
104464
100000
100000
100000
100000
100001
100001
100001
100001
100001
100001
100001
100002
100002
100002
100002
100002
100002
100003
100003
100003
100003
100003
100003
100003
100004
100004
100004
100004
100004
100004
100004
100005
100005
100005
100005
100005
100005
100005
100006
100006
100006
100006
100006
100006
100006
100007
100007
100007
100007
100007
100007
100007
100008
100008
100008
100008
100008
100008
100008
100009
100037
100194
100308
100441
100560
100686
100810
100934
101059
101185
101314
101443
101570
101694
101819
101943
102067
102193
102319
102446
102573
102701
102828
102955
103083
103210
103338
103464
103588
103711
103835
103960
104086
104213
104341
104470
100000
100000
100000
100000
100001
100001
100001
100001
100001
100001
100001
100002
100002
100002
100002
100002
100002
100003
100003
100003
100003
100003
100003
100003
100004
100004
100004
100004
100004
100004
100004
100005
100005
100005
100005
100005
100005
100005
100006
100006
100006
100006
100006
100006
100006
100007
100007
100007
100007
100007
100007
100007
100008
100008
100008
100008
100008
100008
100008
100009
100033
100195
100308
100442
100560
100688
100811
100935
101059
101184
101312
101441
101570
101696
101818
101942
102066
102191
102317
102444
102572
102700
102827
102954
103082
103210
103337
103463
103589
103715
103839
103963
104089
104215
104343
104471
100000
100000
100000
100000
100001
100001
100001
100001
100001
100001
100001
100002
100002
100002
100002
100002
100002
100003
100003
100003
100003
100003
100003
100003
100004
100004
100004
100004
100004
100004
100004
100005
100005
100005
100005
100005
100005
100005
100006
100006
100006
100006
100006
100006
100006
100007
100007
100007
100007
100007
100007
100007
100008
100008
100008
100008
100008
100008
100008
100009
100033
100196
100308
100443
100561
100690
100812
100937
101061
101184
101310
101438
101567
101694
101818
101941
102064
102189
102315
102443
102572
102700
102827
102954
103081
103209
103336
103463
103589
103714
103839
103965
104091
104217
104344
104471
100000
100000
100000
100000
100001
100001
100001
100001
100001
100001
100001
100002
100002
100002
100002
100002
100002
100003
100003
100003
100003
100003
100003
100003
100004
100004
100004
100004
100004
100004
100004
100005
100005
100005
100005
100005
100005
100005
100006
100006
100006
100006
100006
100006
100006
100007
100007
100007
100007
100007
100007
100007
100008
100008
100008
100008
100008
100008
100008
100009
100034
100197
100307
100441
100563
100692
100814
100938
101063
101187
101311
101436
101563
101690
101816
101940
102065
102190
102317
102444
102572
102700
102828
102954
103081
103209
103336
103463
103589
103714
103840
103965
104091
104217
104344
104471
100000
100000
100000
100000
100001
100001
100001
100001
100001
100001
100001
100002
100002
100002
100002
100002
100002
100003
100003
100003
100003
100003
100003
100003
100004
100004
100004
100004
100004
100004
100004
100005
100005
100005
100005
100005
100005
100005
100006
100006
100006
100006
100006
100006
100006
100007
100007
100007
100007
100007
100007
100007
100008
100008
100008
100008
100008
100008
100008
100009
100030
100200
100302
100444
100567
100692
100816
100940
101064
101189
101313
101437
101562
101688
101814
101940
102066
102192
102319
102446
102574
102702
102829
102954
103081
103209
103337
103464
103589
103715
103840
103966
104092
104218
104345
104471
100000
100000
100000
100000
100001
100001
100001
100001
100001
100001
100001
100002
100002
100002
100002
100002
100002
100003
100003
100003
100003
100003
100003
100003
100004
100004
100004
100004
100004
100004
100004
100005
100005
100005
100005
100005
100005
100005
100006
100006
100006
100006
100006
100006
100006
100007
100007
100007
100007
100007
100007
100007
100008
100008
100008
100008
100008
100008
100008
100009
100035
100198
100303
100448
100567
100692
100816
100940
101065
101191
101316
101440
101563
101688
101813
101939
102065
102192
102319
102447
102575
102703
102830
102955
103082
103210
103338
103464
103590
103715
103840
103966
104092
104218
104345
104471
100000
100000
100000
100000
100001
100001
100001
100001
100001
100001
100001
100002
100002
100002
100002
100002
100002
100003
100003
100003
100003
100003
100003
100003
100004
100004
100004
100004
100004
100004
100004
100005
100005
100005
100005
100005
100005
100005
100006
100006
100006
100006
100006
100006
100006
100007
100007
100007
100007
100007
100007
100007
100008
100008
100008
100008
100008
100008
100008
100009
100034
100201
100303
100450
100569
100692
100817
100942
101066
101191
101316
101441
101566
101690
101815
101941
102066
102193
102319
102447
102575
102703
102830
102955
103082
103211
103339
103465
103590
103715
103841
103967
104093
104219
104345
104471
100000
100000
100000
100000
100001
100001
100001
100001
100001
100001
100002
100002
100002
100002
100002
100002
100002
100003
100003
100003
100003
100003
100003
100003
100004
100004
100004
100004
100004
100004
100004
100005
100005
100005
100005
100005
100005
100005
100006
100006
100006
100006
100006
100006
100006
100007
100007
100007
100007
100007
100007
100007
100008
100008
100008
100008
100008
100008
100009
100009
100029
100210
100315
100441
100567
100693
100821
100948
101074
101197
101320
101442
101565
101688
101813
101940
102067
102196
102325
102455
102582
102709
102834
102959
103085
103210
103336
103461
103587
103714
103840
103966
104092
104218
104344
104470
100000
100000
100000
100000
100001
100001
100001
100001
100001
100001
100002
100002
100002
100002
100002
100002
100002
100003
100003
100003
100003
100003
100003
100003
100004
100004
100004
100004
100004
100004
100004
100005
100005
100005
100005
100005
100005
100005
100006
100006
100006
100006
100006
100006
100006
100007
100007
100007
100007
100007
100007
100007
100008
100008
100008
100008
100008
100008
100009
100009
100030
100199
100299
100442
100563
100690
100818
100947
101074
101198
101319
101441
101563
101687
101812
101938
102065
102193
102324
102454
102583
102709
102833
102957
103082
103208
103334
103460
103586
103713
103839
103965
104092
104218
104344
104470
100000
100000
100000
100000
100001
100001
100001
100001
100001
100001
100002
100002
100002
100002
100002
100002
100002
100003
100003
100003
100003
100003
100003
100003
100004
100004
100004
100004
100004
100004
100004
100005
100005
100005
100005
100005
100005
100005
100006
100006
100006
100006
100006
100006
100006
100007
100007
100007
100007
100007
100007
100007
100008
100008
100008
100008
100008
100008
100009
100009
100033
100201
100305
100441
100561
100691
100821
100950
101074
101195
101317
101439
101561
101686
101812
101937
102062
102191
102322
102451
102578
102704
102829
102954
103080
103205
103332
103458
103584
103710
103837
103964
104091
104217
104343
104470
100000
100000
100000
100000
100001
100001
100001
100001
100001
100001
100002
100002
100002
100002
100002
100002
100002
100003
100003
100003
100003
100003
100003
100003
100004
100004
100004
100004
100004
100004
100004
100005
100005
100005
100005
100005
100005
100005
100006
100006
100006
100006
100006
100006
100006
100007
100007
100007
100007
100007
100007
100007
100008
100008
100008
100008
100008
100008
100008
100009
100039
100198
100309
100440
100564
100691
100819
100945
101069
101192
101316
101440
101565
101689
101813
101936
102061
102188
102317
102445
102573
102699
102825
102952
103078
103205
103332
103458
103584
103710
103837
103965
104090
104216
104343
104470
100000
100000
100000
100000
100001
100001
100001
100001
100001
100001
100002
100002
100002
100002
100002
100002
100002
100003
100003
100003
100003
100003
100003
100003
100004
100004
100004
100004
100004
100004
100004
100005
100005
100005
100005
100005
100005
100005
100006
100006
100006
100006
100006
100006
100006
100007
100007
100007
100007
100007
100007
100007
100008
100008
100008
100008
100008
100008
100008
100009
100046
100197
100312
100441
100566
100692
100818
100943
101067
101191
101315
101439
101563
101688
101813
101937
102061
102187
102315
102443
102571
102699
102826
102954
103082
103208
103335
103460
103586
103712
103839
103966
104091
104215
104341
104469
100000
100000
100000
100000
100001
100001
100001
100001
100001
100001
100001
100002
100002
100002
100002
100002
100002
100003
100003
100003
100003
100003
100003
100003
100004
100004
100004
100004
100004
100004
100004
100005
100005
100005
100005
100005
100005
100005
100006
100006
100006
100006
100006
100006
100006
100007
100007
100007
100007
100007
100007
100007
100008
100008
100008
100008
100008
100008
100008
100010
100050
100194
100311
100441
100566
100691
100815
100940
101065
101190
101314
101438
101563
101687
101812
101937
102062
102189
102317
102446
102575
102704
102832
102958
103084
103210
103336
103462
103588
103714
103840
103966
104091
104216
104341
104469
100000
100000
100000
100000
100001
100001
100001
100001
100001
100001
100001
100002
100002
100002
100002
100002
100002
100003
100003
100003
100003
100003
100003
100003
100004
100004
100004
100004
100004
100004
100004
100005
100005
100005
100005
100005
100005
100005
100006
100006
100006
100006
100006
100006
100006
100007
100007
100007
100007
100007
100007
100007
100008
100008
100008
100008
100008
100008
100008
100009
100053
100193
100310
100440
100565
100689
100813
100939
101064
101189
101314
101438
101563
101690
101815
101940
102065
102192
102320
102450
102579
102708
102835
102959
103082
103207
103334
103461
103588
103714
103840
103966
104090
104216
104341
104469
100000
100000
100000
100000
100001
100001
100001
100001
100001
100001
100001
100002
100002
100002
100002
100002
100002
100003
100003
100003
100003
100003
100003
100003
100004
100004
100004
100004
100004
100004
100004
100005
100005
100005
100005
100005
100005
100005
100006
100006
100006
100006
100006
100006
100006
100007
100007
100007
100007
100007
100007
100007
100008
100008
100008
100008
100008
100008
100008
100009
100050
100191
100308
100438
100562
100687
100812
100937
101062
101188
101314
101439
101564
101691
101816
101942
102067
102194
102322
102450
102577
102705
102831
102956
103081
103204
103330
103458
103586
103712
103838
103962
104086
104212
104340
104467
100000
100000
100000
100000
100001
100001
100001
100001
100001
100001
100001
100002
100002
100002
100002
100002
100002
100003
100003
100003
100003
100003
100003
100003
100004
100004
100004
100004
100004
100004
100004
100005
100005
100005
100005
100005
100005
100005
100006
100006
100006
100006
100006
100006
100006
100007
100007
100007
100007
100007
100007
100007
100008
100008
100008
100008
100008
100008
100008
100010
100043
100191
100305
100437
100561
100686
100810
100935
101060
101186
101313
101439
101566
101692
101817
101942
102067
102194
102320
102447
102575
102702
102829
102956
103081
103205
103330
103457
103584
103710
103836
103961
104084
104210
104339
104466
100000
100000
100000
100000
100001
100001
100001
100001
100001
100001
100001
100002
100002
100002
100002
100002
100002
100003
100003
100003
100003
100003
100003
100003
100004
100004
100004
100004
100004
100004
100004
100005
100005
100005
100005
100005
100005
100005
100006
100006
100006
100006
100006
100006
100006
100007
100007
100007
100007
100007
100007
100007
100008
100008
100008
100008
100008
100008
100008
100009
100037
100192
100304
100438
100560
100687
100810
100935
101059
101185
101312
101440
101567
101692
101817
101942
102068
102194
102320
102447
102574
102701
102828
102955
103081
103207
103334
103459
103585
103710
103836
103961
104087
104213
104340
104467
100000
100000
100000
100000
100001
100001
100001
100001
100001
100001
100001
100002
100002
100002
100002
100002
100002
100003
100003
100003
100003
100003
100003
100003
100004
100004
100004
100004
100004
100004
100004
100005
100005
100005
100005
100005
100005
100005
100006
100006
100006
100006
100006
100006
100006
100007
100007
100007
100007
100007
100007
100007
100008
100008
100008
100008
100008
100008
100008
100009
100033
100193
100303
100439
100559
100688
100811
100936
101060
101185
101311
101439
101567
101693
101817
101941
102066
102192
102318
102446
102573
102701
102828
102954
103081
103208
103335
103461
103587
103712
103837
103963
104088
104215
104342
104468
100000
100000
100000
100000
100001
100001
100001
100001
100001
100001
100001
100002
100002
100002
100002
100002
100002
100003
100003
100003
100003
100003
100003
100003
100004
100004
100004
100004
100004
100004
100004
100005
100005
100005
100005
100005
100005
100005
100006
100006
100006
100006
100006
100006
100006
100007
100007
100007
100007
100007
100007
100007
100008
100008
100008
100008
100008
100008
100008
100009
100032
100194
100304
100440
100559
100690
100812
100937
101062
101186
101310
101438
101565
101692
101816
101939
102063
102189
102317
102444
102572
102701
102828
102954
103080
103208
103335
103462
103588
103713
103838
103964
104090
104216
104343
104469
100000
100000
100000
100000
100001
100001
100001
100001
100001
100001
100001
100002
100002
100002
100002
100002
100002
100003
100003
100003
100003
100003
100003
100003
100004
100004
100004
100004
100004
100004
100004
100005
100005
100005
100005
100005
100005
100005
100006
100006
100006
100006
100006
100006
100006
100007
100007
100007
100007
100007
100007
100007
100008
100008
100008
100008
100008
100008
100008
100009
100032
100195
100303
100440
100560
100692
100815
100939
101064
101188
101312
101437
101563
101688
101813
101938
102064
102190
102317
102445
102573
102702
102830
102955
103080
103208
103336
103462
103588
103714
103839
103964
104090
104217
104343
104469
100000
100000
100000
100000
100001
100001
100001
100001
100001
100001
100001
100002
100002
100002
100002
100002
100002
100003
100003
100003
100003
100003
100003
100003
100004
100004
100004
100004
100004
100004
100004
100005
100005
100005
100005
100005
100005
100005
100006
100006
100006
100006
100006
100006
100006
100007
100007
100007
100007
100007
100007
100007
100008
100008
100008
100008
100008
100008
100009
100009
100028
100201
100302
100443
100564
100694
100817
100940
101065
101191
101315
101438
101563
101688
101813
101939
102066
102192
102319
102446
102575
102703
102831
102957
103081
103208
103336
103463
103589
103714
103840
103965
104091
104217
104344
104470
100000
100000
100000
100000
100001
100001
100001
100001
100001
100001
100001
100002
100002
100002
100002
100002
100002
100003
100003
100003
100003
100003
100003
100003
100004
100004
100004
100004
100004
100004
100004
100005
100005
100005
100005
100005
100005
100005
100006
100006
100006
100006
100006
100006
100006
100007
100007
100007
100007
100007
100007
100007
100008
100008
100008
100008
100008
100008
100008
100009
100034
100195
100299
100446
100568
100692
100816
100941
101066
101192
101318
101442
101565
101689
101814
101939
102065
102191
102318
102447
102575
102704
102831
102957
103081
103209
103337
103463
103589
103715
103840
103966
104091
104217
104344
104470
100000
100000
100000
100000
100001
100001
100001
100001
100001
100001
100001
100002
100002
100002
100002
100002
100002
100003
100003
100003
100003
100003
100003
100003
100004
100004
100004
100004
100004
100004
100004
100005
100005
100005
100005
100005
100005
100005
100006
100006
100006
100006
100006
100006
100006
100007
100007
100007
100007
100007
100007
100007
100008
100008
100008
100008
100008
100008
100008
100009
100042
100196
100303
100452
100568
100693
100818
100942
101066
101191
101316
101441
101566
101692
101817
101941
102066
102192
102319
102447
102575
102703
102831
102957
103081
103209
103337
103464
103590
103715
103841
103966
104092
104218
104345
104471
100000
100000
100000
100000
100001
100001
100001
100001
100001
100001
100002
100002
100002
100002
100002
100002
100002
100003
100003
100003
100003
100003
100003
100003
100004
100004
100004
100004
100004
100004
100004
100005
100005
100005
100005
100005
100005
100005
100006
100006
100006
100006
100006
100006
100006
100007
100007
100007
100007
100007
100007
100007
100008
100008
100008
100008
100008
100008
100009
100009
100031
100223
100325
100442
100566
100692
100821
100948
101073
101197
101320
101443
101566
101690
101814
101940
102067
102195
102325
102454
102582
102709
102834
102960
103085
103211
103336
103462
103588
103715
103842
103967
104093
104219
104345
104471
100000
100000
100000
100000
100001
100001
100001
100001
100001
100001
100002
100002
100002
100002
100002
100002
100002
100003
100003
100003
100003
100003
100003
100003
100004
100004
100004
100004
100004
100004
100004
100005
100005
100005
100005
100005
100005
100005
100006
100006
100006
100006
100006
100006
100006
100007
100007
100007
100007
100007
100007
100007
100008
100008
100008
100008
100008
100008
100009
100009
100026
100211
100315
100442
100565
100691
100818
100945
101072
101197
101320
101443
101566
101689
101814
101939
102064
102192
102322
102452
102582
102709
102834
102959
103084
103210
103335
103461
103588
103714
103841
103966
104092
104218
104344
104470
100000
100000
100000
100000
100001
100001
100001
100001
100001
100001
100002
100002
100002
100002
100002
100002
100002
100003
100003
100003
100003
100003
100003
100003
100004
100004
100004
100004
100004
100004
100004
100005
100005
100005
100005
100005
100005
100005
100006
100006
100006
100006
100006
100006
100006
100007
100007
100007
100007
100007
100007
100007
100008
100008
100008
100008
100008
100008
100009
100009
100027
100208
100313
100443
100565
100692
100821
100949
101073
101196
101318
101441
101565
101689
101812
101937
102062
102190
102321
102451
102579
102706
102831
102957
103082
103208
103334
103460
103586
103712
103839
103965
104092
104218
104344
104470
100000
100000
100000
100000
100001
100001
100001
100001
100001
100001
100002
100002
100002
100002
100002
100002
100002
100003
100003
100003
100003
100003
100003
100003
100004
100004
100004
100004
100004
100004
100004
100005
100005
100005
100005
100005
100005
100005
100006
100006
100006
100006
100006
100006
100006
100007
100007
100007
100007
100007
100007
100007
100008
100008
100008
100008
100008
100008
100009
100009
100031
100205
100312
100445
100567
100693
100820
100945
101069
101193
101317
101442
101567
101691
101815
101940
102065
102192
102320
102448
102576
102702
102828
102955
103081
103207
103333
103459
103586
103712
103839
103965
104091
104217
104343
104470
100000
100000
100000
100000
100001
100001
100001
100001
100001
100001
100002
100002
100002
100002
100002
100002
100002
100003
100003
100003
100003
100003
100003
100003
100004
100004
100004
100004
100004
100004
100004
100005
100005
100005
100005
100005
100005
100005
100006
100006
100006
100006
100006
100006
100006
100007
100007
100007
100007
100007
100007
100007
100008
100008
100008
100008
100008
100008
100009
100009
100036
100205
100315
100445
100568
100693
100818
100943
101067
101192
101316
101441
101565
101690
101815
101940
102065
102192
102319
102447
102574
102702
102830
102957
103084
103210
103335
103461
103587
103713
103839
103966
104091
104217
104342
104469
100000
100000
100000
100000
100001
100001
100001
100001
100001
100001
100001
100002
100002
100002
100002
100002
100002
100003
100003
100003
100003
100003
100003
100003
100004
100004
100004
100004
100004
100004
100004
100005
100005
100005
100005
100005
100005
100005
100006
100006
100006
100006
100006
100006
100006
100007
100007
100007
100007
100007
100007
100007
100008
100008
100008
100008
100008
100008
100009
100009
100037
100203
100317
100444
100567
100691
100816
100941
101066
101191
101315
101440
101565
101689
101814
101939
102065
102191
102319
102447
102576
102705
102833
102960
103086
103211
103336
103461
103588
103714
103840
103966
104092
104216
104342
104469
100000
100000
100000
100000
100001
100001
100001
100001
100001
100001
100001
100002
100002
100002
100002
100002
100002
100003
100003
100003
100003
100003
100003
100003
100004
100004
100004
100004
100004
100004
100004
100005
100005
100005
100005
100005
100005
100005
100006
100006
100006
100006
100006
100006
100006
100007
100007
100007
100007
100007
100007
100007
100008
100008
100008
100008
100008
100008
100009
100009
100040
100201
100315
100442
100566
100690
100814
100940
101066
101191
101315
101439
101564
101690
101815
101940
102066
102192
102320
102449
102579
102707
102835
102960
103084
103209
103335
103461
103588
103714
103840
103966
104091
104216
104341
104468
100000
100000
100000
100000
100001
100001
100001
100001
100001
100001
100001
100002
100002
100002
100002
100002
100002
100003
100003
100003
100003
100003
100003
100003
100004
100004
100004
100004
100004
100004
100004
100005
100005
100005
100005
100005
100005
100005
100006
100006
100006
100006
100006
100006
100006
100007
100007
100007
100007
100007
100007
100007
100008
100008
100008
100008
100008
100008
100009
100010
100037
100198
100311
100440
100565
100689
100813
100939
101065
101190
101315
101439
101565
101691
101816
101941
102067
102194
102322
102450
102578
102706
102833
102959
103083
103208
103333
103459
103586
103712
103838
103962
104087
104213
104340
104465
100000
100000
100000
100000
100001
100001
100001
100001
100001
100001
100001
100002
100002
100002
100002
100002
100002
100003
100003
100003
100003
100003
100003
100003
100004
100004
100004
100004
100004
100004
100004
100005
100005
100005
100005
100005
100005
100005
100006
100006
100006
100006
100006
100006
100006
100007
100007
100007
100007
100007
100007
100007
100008
100008
100008
100008
100008
100008
100009
100009
100031
100199
100310
100440
100564
100688
100812
100937
101062
101188
101314
101440
101565
101691
101817
101942
102068
102195
102322
102449
102577
102704
102831
102957
103083
103208
103333
103459
103585
103711
103836
103960
104084
104209
104338
104466
100000
100000
100000
100000
100001
100001
100001
100001
100001
100001
100001
100002
100002
100002
100002
100002
100002
100003
100003
100003
100003
100003
100003
100003
100004
100004
100004
100004
100004
100004
100004
100005
100005
100005
100005
100005
100005
100005
100006
100006
100006
100006
100006
100006
100006
100007
100007
100007
100007
100007
100007
100007
100008
100008
100008
100008
100008
100008
100009
100009
100025
100200
100311
100440
100564
100689
100812
100936
101061
101187
101314
101440
101566
101691
101817
101943
102069
102195
102322
102449
102576
102702
102829
102956
103083
103209
103335
103460
103586
103711
103836
103961
104086
104212
104340
104467
100000
100000
100000
100000
100001
100001
100001
100001
100001
100001
100001
100002
100002
100002
100002
100002
100002
100003
100003
100003
100003
100003
100003
100003
100004
100004
100004
100004
100004
100004
100004
100005
100005
100005
100005
100005
100005
100005
100006
100006
100006
100006
100006
100006
100006
100007
100007
100007
100007
100007
100007
100007
100008
100008
100008
100008
100008
100008
100009
100009
100022
100202
100312
100440
100564
100689
100813
100937
101061
101187
101313
101439
101566
101691
101817
101942
102067
102194
102320
102448
102575
102702
102828
102955
103082
103209
103335
103461
103587
103712
103837
103962
104088
104215
104342
104468
100000
100000
100000
100000
100001
100001
100001
100001
100001
100001
100001
100002
100002
100002
100002
100002
100002
100003
100003
100003
100003
100003
100003
100003
100004
100004
100004
100004
100004
100004
100004
100005
100005
100005
100005
100005
100005
100005
100006
100006
100006
100006
100006
100006
100006
100007
100007
100007
100007
100007
100007
100007
100008
100008
100008
100008
100008
100008
100009
100009
100021
100203
100315
100441
100564
100690
100813
100938
101062
101187
101313
101439
101565
101690
101815
101939
102065
102191
102319
102446
102574
102701
102828
102955
103082
103209
103336
103462
103588
103713
103838
103964
104090
104216
104343
104469
100000
100000
100000
100000
100001
100001
100001
100001
100001
100001
100001
100002
100002
100002
100002
100002
100002
100003
100003
100003
100003
100003
100003
100003
100004
100004
100004
100004
100004
100004
100004
100005
100005
100005
100005
100005
100005
100005
100006
100006
100006
100006
100006
100006
100006
100007
100007
100007
100007
100007
100007
100007
100008
100008
100008
100008
100008
100008
100009
100009
100022
100204
100315
100441
100566
100691
100815
100939
101065
101189
101313
101439
101564
101689
101814
101939
102065
102192
102319
102447
102575
102702
102829
102955
103082
103209
103336
103462
103588
103714
103839
103964
104090
104217
104343
104470
100000
100000
100000
100000
100001
100001
100001
100001
100001
100001
100001
100002
100002
100002
100002
100002
100002
100003
100003
100003
100003
100003
100003
100003
100004
100004
100004
100004
100004
100004
100004
100005
100005
100005
100005
100005
100005
100005
100006
100006
100006
100006
100006
100006
100006
100007
100007
100007
100007
100007
100007
100007
100008
100008
100008
100008
100008
100008
100009
100009
100024
100210
100317
100444
100568
100693
100817
100941
101065
101191
101315
101439
101564
101689
101815
101941
102067
102194
102321
102448
102576
102703
102829
102955
103082
103209
103336
103463
103589
103714
103840
103965
104091
104217
104344
104470
100000
100000
100000
100000
100001
100001
100001
100001
100001
100001
100001
100002
100002
100002
100002
100002
100002
100003
100003
100003
100003
100003
100003
100003
100004
100004
100004
100004
100004
100004
100004
100005
100005
100005
100005
100005
100005
100005
100006
100006
100006
100006
100006
100006
100006
100007
100007
100007
100007
100007
100007
100007
100008
100008
100008
100008
100008
100008
100009
100009
100025
100201
100313
100446
100570
100693
100817
100941
101066
101192
101317
101441
101565
101690
101816
101941
102067
102193
102320
102447
102576
102704
102830
102956
103083
103210
103337
103464
103589
103715
103840
103966
104092
104218
104344
104471
100000
100000
100000
100000
100001
100001
100001
100001
100001
100001
100001
100002
100002
100002
100002
100002
100002
100003
100003
100003
100003
100003
100003
100003
100004
100004
100004
100004
100004
100004
100004
100005
100005
100005
100005
100005
100005
100005
100006
100006
100006
100006
100006
100006
100006
100007
100007
100007
100007
100007
100007
100007
100008
100008
100008
100008
100008
100008
100008
100009
100034
100197
100302
100453
100571
100694
100819
100943
101067
101191
101316
101442
101567
101692
101817
101943
102068
102193
102320
102447
102575
102704
102829
102956
103083
103210
103338
103464
103590
103715
103840
103966
104093
104219
104345
104471
)
;

boundaryField
{
    outlet
    {
        type            fixedValue;
        value           uniform 100000;
    }
    inlet
    {
        type            fixedFluxPressure;
        gradient        uniform 11.8731;
        value           uniform 104461;
    }
    walls
    {
        type            fixedFluxPressure;
        gradient        nonuniform List<scalar> 
3903
(
0
0
0
0
0
0
0
0
0
0
0
0
0
0
0
0
0
0
0
0
0
0
0
0
0
0
0
0
0
0
0
0
0
0
0
0
0
0
0
0
0
0
0
0
0
0
0
0
0
0
0
0
0
0
0
0
0
0
0
0
0
0
0
0
0
0
0
0
0
0
0
0
0
0
0
0
0
0
0
0
0
0
0
0
0
0
0
0
0
0
0
0
0
0
0
0
0
0
0
0
0
0
0
0
0
0
0
0
0
0
0
0
0
0
0
0
0
0
0
0
0
0
0
0
0
0
0
0
0
0
0
0
0
0
0
0
0
0
0
0
0
0
0
0
0
0
0
0
0
0
0
0
0
0
0
0
0
0
0
0
0
0
0
0
0
0
0
0
0
0
0
0
0
0
0
0
0
0
0
0
0
0
0
0
0
0
0
0
0
0
0
0
10075.8
0
0
0
0
0
0
0
0
0
0
0
0
0
0
0
0
0
0
0
0
0
0
0
0
0
0
0
0
0
0
0
0
0
0
0
0
0
0
0
0
0
0
0
0
0
0
0
0
0
0
0
0
0
0
0
0
0
0
0
0
0
0
0
0
0
0
0
0
0
0
0
0
0
0
0
0
0
0
0
0
0
0
0
0
0
0
0
0
0
0
0
0
0
0
0
0
10075.8
0
0
0
0
0
0
0
0
0
0
0
0
0
0
0
0
0
0
0
0
0
0
0
0
0
0
0
0
0
0
0
0
0
0
0
0
0
0
0
0
0
0
0
0
0
0
0
0
0
0
0
0
0
0
0
0
0
0
0
0
0
0
0
0
0
0
0
0
0
0
0
0
0
0
0
0
0
0
0
0
0
0
0
0
0
0
0
0
0
0
0
0
0
0
0
0
10075.8
0
0
0
0
0
0
0
0
0
0
0
0
0
0
0
0
0
0
0
0
0
0
0
0
0
0
0
0
0
0
0
0
0
0
0
0
0
0
0
0
0
0
0
0
0
0
0
0
0
0
0
0
0
0
0
0
0
0
0
0
0
0
0
0
0
0
0
0
0
0
0
0
0
0
0
0
0
0
0
0
0
0
0
0
0
0
0
0
0
0
0
0
0
0
0
0
10075.8
0
0
0
0
0
0
0
0
0
0
0
0
0
0
0
0
0
0
0
0
0
0
0
0
0
0
0
0
0
0
0
0
0
0
0
0
0
0
0
0
0
0
0
0
0
0
0
0
0
0
0
0
0
0
0
0
0
0
0
0
0
0
0
0
0
0
0
0
0
0
0
0
0
0
0
0
0
0
0
0
0
0
0
0
0
0
0
0
0
0
0
0
0
0
0
0
10075.8
0
0
0
0
0
0
0
0
0
0
0
0
0
0
0
0
0
0
0
0
0
0
0
0
0
0
0
0
0
0
0
0
0
0
0
0
0
0
0
0
0
0
0
0
0
0
0
0
0
0
0
0
0
0
0
0
0
0
0
0
0
0
0
0
0
0
0
0
0
0
0
0
0
0
0
0
0
0
0
0
0
0
0
0
0
0
0
0
0
0
0
0
0
0
0
0
10075.8
0
0
0
0
0
0
0
0
0
0
0
0
0
0
0
0
0
0
0
0
0
0
0
0
0
0
0
0
0
0
0
0
0
0
0
0
0
0
0
0
0
0
0
0
0
0
0
0
0
0
0
0
0
0
0
0
0
0
0
0
0
0
0
0
0
0
0
0
0
0
0
0
0
0
0
0
0
0
0
0
0
0
0
0
0
0
0
0
0
0
0
0
0
0
0
0
10075.8
0
0
0
0
0
0
0
0
0
0
0
0
0
0
0
0
0
0
0
0
0
0
0
0
0
0
0
0
0
0
0
0
0
0
0
0
0
0
0
0
0
0
0
0
0
0
0
0
0
0
0
0
0
0
0
0
0
0
0
0
0
0
0
0
0
0
0
0
0
0
0
0
0
0
0
0
0
0
0
0
0
0
0
0
0
0
0
0
0
0
0
0
0
0
0
0
10075.8
0
0
0
0
0
0
0
0
0
0
0
0
0
0
0
0
0
0
0
0
0
0
0
0
0
0
0
0
0
0
0
0
0
0
0
0
0
0
0
0
0
0
0
0
0
0
0
0
0
0
0
0
0
0
0
0
0
0
0
0
0
0
0
0
0
0
0
0
0
0
0
0
0
0
0
0
0
0
0
0
0
0
0
0
0
0
0
0
0
0
0
0
0
0
0
0
10075.7
0
0
0
0
0
0
0
0
0
0
0
0
0
0
0
0
0
0
0
0
0
0
0
0
0
0
0
0
0
0
0
0
0
0
0
0
0
0
0
0
0
0
0
0
0
0
0
0
0
0
0
0
0
0
0
0
0
0
0
0
0
0
0
0
0
0
0
0
0
0
0
0
0
0
0
0
0
0
0
0
0
0
0
0
0
0
0
0
0
0
0
0
0
0
0
0
10075.8
0
0
0
0
0
0
0
0
0
0
0
0
0
0
0
0
0
0
0
0
0
0
0
0
0
0
0
0
0
0
0
0
0
0
0
0
0
0
0
0
0
0
0
0
0
0
0
0
0
0
0
0
0
0
0
0
0
0
0
0
0
0
0
0
0
0
0
0
0
0
0
0
0
0
0
0
0
0
0
0
0
0
0
0
0
0
0
0
0
0
0
0
0
0
0
0
10075.8
0
0
0
0
0
0
0
0
0
0
0
0
0
0
0
0
0
0
0
0
0
0
0
0
0
0
0
0
0
0
0
0
0
0
0
0
0
0
0
0
0
0
0
0
0
0
0
0
0
0
0
0
0
0
0
0
0
0
0
0
0
0
0
0
0
0
0
0
0
0
0
0
0
0
0
0
0
0
0
0
0
0
0
0
0
0
0
0
0
0
0
0
0
0
0
0
10075.8
0
0
0
0
0
0
0
0
0
0
0
0
0
0
0
0
0
0
0
0
0
0
0
0
0
0
0
0
0
0
0
0
0
0
0
0
0
0
0
0
0
0
0
0
0
0
0
0
0
0
0
0
0
0
0
0
0
0
0
0
0
0
0
0
0
0
0
0
0
0
0
0
0
0
0
0
0
0
0
0
0
0
0
0
0
0
0
0
0
0
0
0
0
0
0
0
10075.8
0
0
0
0
0
0
0
0
0
0
0
0
0
0
0
0
0
0
0
0
0
0
0
0
0
0
0
0
0
0
0
0
0
0
0
0
0
0
0
0
0
0
0
0
0
0
0
0
0
0
0
0
0
0
0
0
0
0
0
0
0
0
0
0
0
0
0
0
0
0
0
0
0
0
0
0
0
0
0
0
0
0
0
0
0
0
0
0
0
0
0
0
0
0
0
0
10075.8
0
0
0
0
0
0
0
0
0
0
0
0
0
0
0
0
0
0
0
0
0
0
0
0
0
0
0
0
0
0
0
0
0
0
0
0
0
0
0
0
0
0
0
0
0
0
0
0
0
0
0
0
0
0
0
0
0
0
0
0
0
0
0
0
0
0
0
0
0
0
0
0
0
0
0
0
0
0
0
0
0
0
0
0
0
0
0
0
0
0
0
0
0
0
0
0
10075.8
0
0
0
0
0
0
0
0
0
0
0
0
0
0
0
0
0
0
0
0
0
0
0
0
0
0
0
0
0
0
0
0
0
0
0
0
0
0
0
0
0
0
0
0
0
0
0
0
0
0
0
0
0
0
0
0
0
0
0
0
0
0
0
0
0
0
0
0
0
0
0
0
0
0
0
0
0
0
0
0
0
0
0
0
0
0
0
0
0
0
0
0
0
0
0
0
0
0
0
0
0
0
0
0
0
0
0
0
0
0
0
0
0
0
0
0
0
0
0
0
0
0
0
0
0
0
0
0
0
0
0
0
0
0
0
0
0
0
0
0
0
0
0
0
0
0
0
0
0
0
0
0
0
0
0
0
0
0
0
0
0
0
0
0
0
0
0
0
0
0
0
0
0
0
0
0
0
0
0
0
0
0
0
0
0
0
0
0
0
0
0
0
10075.8
0
0
0
0
0
0
0
0
0
0
0
0
0
0
0
0
0
0
0
0
0
0
0
0
0
0
0
0
0
0
0
0
0
0
0
0
0
0
0
0
0
0
0
0
0
0
0
0
0
0
0
0
0
0
0
0
0
0
0
0
0
0
0
0
0
0
0
0
0
0
0
0
0
0
0
0
0
0
0
0
0
0
0
0
0
0
0
0
0
0
0
0
0
0
0
0
10075.8
10075.8
10075.8
10075.8
10075.8
10075.8
10030
8681.8
10032.1
10075.6
10075.8
10075.8
10075.8
10075.8
0
0
0
0
0
0
0
0
0
0
0
0
0
0
0
0
0
0
0
0
0
0
0
0
0
0
0
0
0
0
0
0
0
0
0
0
0
0
0
0
0
0
0
0
0
0
0
0
0
0
0
0
0
0
0
0
0
0
0
0
0
0
0
0
0
0
0
0
0
0
0
0
0
0
0
0
0
0
0
0
0
0
0
0
0
0
0
0
0
0
0
0
0
0
0
0
10075.8
0
0
0
0
0
0
0
0
0
0
0
0
0
0
0
0
0
0
0
0
0
0
0
0
0
0
0
0
0
0
0
0
0
0
0
0
0
0
0
0
0
0
0
0
0
0
0
0
0
0
0
0
0
0
0
0
0
0
0
0
0
0
0
0
0
0
0
0
0
0
0
0
0
0
0
0
0
0
0
0
0
0
0
0
0
0
0
0
0
0
0
0
0
0
0
0
10075.8
10075.8
10075.8
10075.8
10075.8
10075.8
10075.1
10069.3
10051.5
10070.6
10075.7
10075.8
10075.8
10075.8
10075.8
0
0
0
0
0
0
0
0
0
0
0
0
0
0
0
0
0
0
0
0
0
0
0
0
0
0
0
0
0
0
0
0
0
0
0
0
0
0
0
0
0
0
0
0
0
0
0
0
0
0
0
0
0
0
0
0
0
0
0
0
0
0
0
0
0
0
0
0
0
0
0
0
0
0
0
0
0
0
0
0
0
0
0
0
0
0
0
0
0
0
0
0
0
0
0
0
10075.8
0
0
0
0
0
0
0
0
0
0
0
0
0
0
0
0
0
0
0
0
0
0
0
0
0
0
0
0
0
0
0
0
0
0
0
0
0
0
0
0
0
0
0
0
0
0
0
0
0
0
0
0
0
0
0
0
0
0
0
0
0
0
0
0
0
0
0
0
0
0
0
0
0
0
0
0
0
0
0
0
0
0
0
0
0
0
0
0
0
0
0
0
0
0
0
0
0
0
0
0
0
0
0
0
0
0
0
0
0
0
0
0
0
0
0
0
0
0
0
0
0
0
0
0
0
0
0
0
0
0
0
0
0
0
0
0
0
0
0
0
0
0
0
0
0
0
0
0
0
0
0
0
0
0
0
0
0
0
0
0
0
0
0
0
0
0
0
0
0
0
0
0
0
0
0
0
0
0
0
0
0
0
0
0
0
0
0
0
0
0
0
0
10075.8
0
0
0
0
0
0
0
0
0
0
0
0
0
0
0
0
0
0
0
0
0
0
0
0
0
0
0
0
0
0
0
0
0
0
0
0
0
0
0
0
0
0
0
0
0
0
0
0
0
0
0
0
0
0
0
0
0
0
0
0
0
0
0
0
0
0
0
0
0
0
0
0
0
0
0
0
0
0
0
0
0
0
0
0
0
0
0
0
0
0
0
0
0
0
0
0
10075.8
0
0
0
0
0
0
0
0
0
0
0
0
0
0
0
0
0
0
0
0
0
0
0
0
0
0
0
0
0
0
0
0
0
0
0
0
0
0
0
0
0
0
0
0
0
0
0
0
0
0
0
0
0
0
0
0
0
0
0
0
0
0
0
0
0
0
0
0
0
0
0
0
0
0
0
0
0
0
0
0
0
0
0
0
0
0
0
0
0
0
0
0
0
0
0
0
10075.8
0
0
0
0
0
0
0
0
0
0
0
0
0
0
0
0
0
0
0
0
0
0
0
0
0
0
0
0
0
0
0
0
0
0
0
0
0
0
0
0
0
0
0
0
0
0
0
0
0
0
0
0
0
0
0
0
0
0
0
0
0
0
0
0
0
0
0
0
0
0
0
0
0
0
0
0
0
0
0
0
0
0
0
0
0
0
0
0
0
0
0
0
0
0
0
0
10075.8
0
0
0
0
0
0
0
0
0
0
0
0
0
0
0
0
0
0
0
0
0
0
0
0
0
0
0
0
0
0
0
0
0
0
0
0
0
0
0
0
0
0
0
0
0
0
0
0
0
0
0
0
0
0
0
0
0
0
0
0
0
0
0
0
0
0
0
0
0
0
0
0
0
0
0
0
0
0
0
0
0
0
0
0
0
0
0
0
0
0
0
0
0
0
0
0
10075.8
0
0
0
0
0
0
0
0
0
0
0
0
0
0
0
0
0
0
0
0
0
0
0
0
0
0
0
0
0
0
0
0
0
0
0
0
0
0
0
0
0
0
0
0
0
0
0
0
0
0
0
0
0
0
0
0
0
0
0
0
0
0
0
0
0
0
0
0
0
0
0
0
0
0
0
0
0
0
0
0
0
0
0
0
0
0
0
0
0
0
0
0
0
0
0
0
10075.8
0
0
0
0
0
0
0
0
0
0
0
0
0
0
0
0
0
0
0
0
0
0
0
0
0
0
0
0
0
0
0
0
0
0
0
0
0
0
0
0
0
0
0
0
0
0
0
0
0
0
0
0
0
0
0
0
0
0
0
0
0
0
0
0
0
0
0
0
0
0
0
0
0
0
0
0
0
0
0
0
0
0
0
0
0
0
0
0
0
0
0
0
0
0
0
0
10075.8
0
0
0
0
0
0
0
0
0
0
0
0
0
0
0
0
0
0
0
0
0
0
0
0
0
0
0
0
0
0
0
0
0
0
0
0
0
0
0
0
0
0
0
0
0
0
0
0
0
0
0
0
0
0
0
0
0
0
0
0
0
0
0
0
0
0
0
0
0
0
0
0
0
0
0
0
0
0
0
0
0
0
0
0
0
0
0
0
0
0
0
0
0
0
0
0
10075.8
0
0
0
0
0
0
0
0
0
0
0
0
0
0
0
0
0
0
0
0
0
0
0
0
0
0
0
0
0
0
0
0
0
0
0
0
0
0
0
0
0
0
0
0
0
0
0
0
0
0
0
0
0
0
0
0
0
0
0
0
0
0
0
0
0
0
0
0
0
0
0
0
0
0
0
0
0
0
0
0
0
0
0
0
0
0
0
0
0
0
0
0
0
0
0
0
10075.8
0
0
0
0
0
0
0
0
0
0
0
0
0
0
0
0
0
0
0
0
0
0
0
0
0
0
0
0
0
0
0
0
0
0
0
0
0
0
0
0
0
0
0
0
0
0
0
0
0
0
0
0
0
0
0
0
0
0
0
0
0
0
0
0
0
0
0
0
0
0
0
0
0
0
0
0
0
0
0
0
0
0
0
0
0
0
0
0
0
0
0
0
0
0
0
0
10075.8
0
0
0
0
0
0
0
0
0
0
0
0
0
0
0
0
0
0
0
0
0
0
0
0
0
0
0
0
0
0
0
0
0
0
0
0
0
0
0
0
0
0
0
0
0
0
0
0
0
0
0
0
0
0
0
0
0
0
0
0
0
0
0
0
0
0
0
0
0
0
0
0
0
0
0
0
0
0
0
0
0
0
0
0
0
0
0
0
0
0
0
0
0
0
0
0
10075.8
0
0
0
0
0
0
0
0
0
0
0
0
0
0
0
0
0
0
0
0
0
0
0
0
0
0
0
0
0
0
0
0
0
0
0
0
0
0
0
0
0
0
0
0
0
0
0
0
0
0
0
0
0
0
0
0
0
0
0
0
0
0
0
0
0
0
0
0
0
0
0
0
0
0
0
0
0
0
0
0
0
0
0
0
0
0
0
0
0
0
0
0
0
0
0
0
10075.8
0
0
0
0
0
0
0
0
0
0
0
0
0
0
0
0
0
0
0
0
0
0
0
0
0
0
0
0
0
0
0
0
0
0
0
0
0
0
0
0
0
0
0
0
0
0
0
0
0
0
0
0
0
0
0
0
0
0
0
0
0
0
0
0
0
0
0
0
0
0
0
0
0
0
0
0
0
0
0
0
0
0
0
0
0
0
0
0
0
0
0
0
0
0
0
0
10075.8
0
0
0
0
0
0
0
0
0
0
0
0
0
0
0
0
0
0
0
0
0
0
0
0
0
0
0
0
0
0
0
0
0
0
0
0
0
0
0
0
0
0
0
0
0
0
0
0
0
0
0
0
0
0
0
0
0
0
0
0
0
0
0
0
0
0
0
0
0
0
0
0
0
0
0
0
0
0
0
0
0
0
0
0
0
0
0
0
0
0
0
0
0
0
0
0
10075.8
0
0
0
0
0
0
0
0
0
0
0
0
0
0
0
0
0
0
0
0
0
0
0
0
0
0
0
0
0
0
0
0
0
0
0
0
0
0
0
0
0
0
0
0
0
0
0
0
0
0
0
0
0
0
0
0
0
0
0
0
0
0
0
0
0
0
0
0
0
0
0
0
0
0
0
0
0
0
0
0
0
0
0
0
0
0
0
0
0
0
0
0
0
0
0
0
10075.8
0
0
0
0
0
0
0
0
0
0
0
0
0
0
0
0
0
0
0
0
0
0
0
0
0
0
0
0
0
0
0
0
0
0
0
0
0
0
0
0
0
0
0
0
0
0
0
0
0
0
0
0
0
0
0
0
0
0
0
0
0
0
0
0
0
0
0
0
0
0
0
0
0
0
0
0
0
0
0
0
0
0
0
0
0
0
0
0
0
0
0
0
0
0
0
0
0
0
0
0
0
0
0
0
0
0
0
0
0
0
0
0
0
0
0
0
0
0
0
0
0
0
0
0
0
0
0
0
0
0
0
0
0
0
0
0
0
0
0
0
0
0
0
0
0
0
0
0
0
0
0
0
0
0
0
0
0
0
0
0
0
0
0
0
0
0
0
0
0
0
0
0
0
0
0
0
0
0
0
0
0
0
0
0
0
0
0
0
0
0
0
0
10075.8
)
;
        value           nonuniform List<scalar> 
3903
(
100000
100000
100000
100000
100000
100000
100000
100000
100001
100001
100001
100001
100001
100001
100001
100001
100001
100001
100001
100001
100002
100002
100002
100002
100002
100002
100002
100002
100002
100002
100002
100002
100002
100002
100003
100003
100003
100003
100003
100003
100003
100003
100003
100003
100003
100003
100003
100003
100004
100004
100004
100004
100004
100004
100004
100004
100004
100004
100004
100004
100004
100004
100005
100005
100005
100005
100005
100005
100005
100005
100005
100005
100005
100005
100005
100005
100006
100006
100006
100006
100006
100006
100006
100006
100006
100006
100006
100006
100006
100006
100007
100007
100007
100007
100007
100007
100007
100007
100007
100007
100007
100007
100007
100007
100008
100008
100008
100008
100008
100008
100008
100008
100008
100008
100008
100008
100009
100009
100010
100010
100033
100033
100214
100214
100316
100316
100441
100441
100567
100567
100695
100695
100823
100823
100951
100951
101076
101076
101200
101200
101321
101321
101442
101442
101563
101563
101687
101687
101813
101813
101940
101940
102069
102069
102198
102198
102327
102327
102456
102456
102584
102584
102710
102710
102835
102835
102960
102960
103086
103086
103211
103211
103337
103337
103462
103462
103588
103588
103714
103714
103840
103840
103966
103966
104092
104092
104218
104218
104344
104344
104470
104470
104533
100000
100000
100000
100000
100001
100001
100001
100001
100001
100001
100002
100002
100002
100002
100002
100002
100002
100003
100003
100003
100003
100003
100003
100003
100004
100004
100004
100004
100004
100004
100004
100005
100005
100005
100005
100005
100005
100005
100006
100006
100006
100006
100006
100006
100006
100007
100007
100007
100007
100007
100007
100007
100008
100008
100008
100008
100008
100008
100009
100010
100032
100204
100298
100444
100565
100693
100823
100952
101077
101199
101319
101439
101560
101685
101811
101938
102067
102197
102328
102458
102586
102710
102834
102959
103085
103210
103336
103462
103587
103713
103839
103965
104092
104218
104344
104471
104534
100000
100000
100000
100000
100001
100001
100001
100001
100001
100001
100002
100002
100002
100002
100002
100002
100002
100003
100003
100003
100003
100003
100003
100003
100004
100004
100004
100004
100004
100004
100004
100005
100005
100005
100005
100005
100005
100005
100006
100006
100006
100006
100006
100006
100006
100007
100007
100007
100007
100007
100007
100007
100008
100008
100008
100008
100008
100008
100009
100010
100035
100206
100307
100443
100565
100695
100824
100952
101076
101198
101318
101439
101561
101686
101813
101940
102068
102197
102325
102454
102581
102706
102831
102957
103082
103208
103334
103460
103586
103712
103838
103964
104091
104218
104345
104471
104534
100000
100000
100000
100000
100001
100001
100001
100001
100001
100001
100002
100002
100002
100002
100002
100002
100002
100003
100003
100003
100003
100003
100003
100003
100004
100004
100004
100004
100004
100004
100004
100005
100005
100005
100005
100005
100005
100005
100006
100006
100006
100006
100006
100006
100006
100007
100007
100007
100007
100007
100007
100007
100008
100008
100008
100008
100008
100008
100009
100009
100040
100206
100309
100441
100565
100692
100820
100947
101071
101195
101317
101440
101564
101689
101814
101941
102068
102196
102324
102451
102578
102703
102829
102955
103081
103207
103333
103460
103586
103712
103839
103965
104091
104218
104345
104472
104535
100000
100000
100000
100000
100001
100001
100001
100001
100001
100001
100002
100002
100002
100002
100002
100002
100002
100003
100003
100003
100003
100003
100003
100003
100004
100004
100004
100004
100004
100004
100004
100005
100005
100005
100005
100005
100005
100005
100006
100006
100006
100006
100006
100006
100006
100007
100007
100007
100007
100007
100007
100007
100008
100008
100008
100008
100008
100008
100008
100009
100045
100207
100314
100443
100567
100692
100817
100942
101067
101192
101316
101440
101565
101690
101815
101941
102067
102194
102322
102449
102576
102703
102830
102956
103083
103209
103335
103461
103587
103714
103840
103966
104092
104218
104345
104472
104535
100000
100000
100000
100000
100001
100001
100001
100001
100001
100001
100002
100002
100002
100002
100002
100002
100002
100003
100003
100003
100003
100003
100003
100003
100004
100004
100004
100004
100004
100004
100004
100005
100005
100005
100005
100005
100005
100005
100006
100006
100006
100006
100006
100006
100006
100007
100007
100007
100007
100007
100007
100007
100008
100008
100008
100008
100008
100008
100009
100009
100051
100203
100315
100442
100566
100691
100814
100938
101063
101190
101316
101441
101566
101691
101816
101942
102068
102194
102321
102449
102576
102703
102830
102957
103084
103210
103336
103462
103588
103715
103841
103967
104093
104219
104346
104473
104536
100000
100000
100000
100000
100001
100001
100001
100001
100001
100001
100002
100002
100002
100002
100002
100002
100002
100003
100003
100003
100003
100003
100003
100003
100004
100004
100004
100004
100004
100004
100004
100005
100005
100005
100005
100005
100005
100005
100006
100006
100006
100006
100006
100006
100006
100007
100007
100007
100007
100007
100007
100007
100008
100008
100008
100008
100008
100008
100009
100010
100049
100204
100314
100443
100565
100690
100813
100936
101062
101189
101317
101443
101568
101693
101818
101943
102069
102195
102322
102448
102576
102703
102830
102957
103084
103210
103336
103462
103588
103714
103840
103966
104092
104218
104345
104473
104536
100000
100000
100000
100000
100001
100001
100001
100001
100001
100001
100002
100002
100002
100002
100002
100002
100002
100003
100003
100003
100003
100003
100003
100003
100004
100004
100004
100004
100004
100004
100004
100005
100005
100005
100005
100005
100005
100005
100006
100006
100006
100006
100006
100006
100006
100007
100007
100007
100007
100007
100007
100007
100008
100008
100008
100008
100008
100008
100009
100010
100042
100201
100311
100443
100563
100688
100812
100937
101063
101190
101318
101445
101571
101695
101820
101944
102069
102194
102321
102447
102574
102702
102830
102957
103084
103210
103337
103463
103589
103715
103840
103964
104089
104215
104341
104470
104533
100000
100000
100000
100000
100001
100001
100001
100001
100001
100001
100001
100002
100002
100002
100002
100002
100002
100003
100003
100003
100003
100003
100003
100003
100004
100004
100004
100004
100004
100004
100004
100005
100005
100005
100005
100005
100005
100005
100006
100006
100006
100006
100006
100006
100006
100007
100007
100007
100007
100007
100007
100007
100008
100008
100008
100008
100008
100008
100009
100010
100033
100202
100309
100444
100562
100688
100812
100937
101062
101190
101318
101445
101572
101696
101820
101944
102069
102195
102321
102447
102574
102702
102829
102957
103084
103211
103338
103463
103589
103714
103839
103964
104088
104215
104341
104469
104531
100000
100000
100000
100000
100001
100001
100001
100001
100001
100001
100001
100002
100002
100002
100002
100002
100002
100003
100003
100003
100003
100003
100003
100003
100004
100004
100004
100004
100004
100004
100004
100005
100005
100005
100005
100005
100005
100005
100006
100006
100006
100006
100006
100006
100006
100007
100007
100007
100007
100007
100007
100007
100008
100008
100008
100008
100008
100008
100009
100009
100027
100203
100309
100444
100562
100689
100812
100937
101063
101189
101317
101446
101571
101696
101821
101945
102069
102195
102320
102447
102574
102702
102829
102956
103083
103211
103337
103463
103589
103714
103839
103963
104088
104214
104341
104468
104531
100000
100000
100000
100000
100001
100001
100001
100001
100001
100001
100001
100002
100002
100002
100002
100002
100002
100003
100003
100003
100003
100003
100003
100003
100004
100004
100004
100004
100004
100004
100004
100005
100005
100005
100005
100005
100005
100005
100006
100006
100006
100006
100006
100006
100006
100007
100007
100007
100007
100007
100007
100007
100008
100008
100008
100008
100008
100008
100009
100009
100024
100204
100311
100443
100563
100691
100814
100938
101063
101189
101316
101444
101571
101697
101821
101944
102068
102193
102319
102446
102573
102701
102829
102956
103083
103210
103337
103463
103589
103714
103839
103963
104088
104215
104342
104469
104532
100000
100000
100000
100000
100001
100001
100001
100001
100001
100001
100001
100002
100002
100002
100002
100002
100002
100003
100003
100003
100003
100003
100003
100003
100004
100004
100004
100004
100004
100004
100004
100005
100005
100005
100005
100005
100005
100005
100006
100006
100006
100006
100006
100006
100006
100007
100007
100007
100007
100007
100007
100007
100008
100008
100008
100008
100008
100008
100009
100009
100022
100205
100311
100443
100566
100692
100815
100939
101064
101189
101315
101442
101569
101695
101820
101943
102067
102191
102317
102444
102572
102700
102828
102956
103083
103210
103337
103464
103589
103714
103840
103964
104090
104216
104343
104470
104533
100000
100000
100000
100000
100001
100001
100001
100001
100001
100001
100001
100002
100002
100002
100002
100002
100002
100003
100003
100003
100003
100003
100003
100003
100004
100004
100004
100004
100004
100004
100004
100005
100005
100005
100005
100005
100005
100005
100006
100006
100006
100006
100006
100006
100006
100007
100007
100007
100007
100007
100007
100007
100008
100008
100008
100008
100008
100008
100009
100009
100023
100206
100312
100443
100565
100694
100816
100940
101065
101190
101315
101440
101566
101693
101819
101943
102067
102192
102318
102444
102572
102700
102828
102956
103083
103210
103337
103464
103590
103715
103840
103965
104091
104217
104344
104470
104533
100000
100000
100000
100000
100001
100001
100001
100001
100001
100001
100001
100002
100002
100002
100002
100002
100002
100003
100003
100003
100003
100003
100003
100003
100004
100004
100004
100004
100004
100004
100004
100005
100005
100005
100005
100005
100005
100005
100006
100006
100006
100006
100006
100006
100006
100007
100007
100007
100007
100007
100007
100007
100008
100008
100008
100008
100008
100008
100009
100009
100022
100209
100314
100443
100565
100692
100817
100941
101065
101191
101316
101441
101566
101691
101817
101942
102067
102193
102318
102445
102573
102701
102829
102956
103083
103210
103338
103464
103590
103715
103840
103966
104092
104218
104344
104471
104534
100000
100000
100000
100000
100001
100001
100001
100001
100001
100001
100001
100002
100002
100002
100002
100002
100002
100003
100003
100003
100003
100003
100003
100003
100004
100004
100004
100004
100004
100004
100004
100005
100005
100005
100005
100005
100005
100005
100006
100006
100006
100006
100006
100006
100006
100007
100007
100007
100007
100007
100007
100007
100008
100008
100008
100008
100008
100008
100009
100009
100024
100211
100315
100444
100567
100692
100817
100941
101066
101191
101316
101441
101566
101691
101816
101942
102067
102193
102319
102446
102574
102702
102830
102957
103084
103211
103339
103465
103590
103715
103841
103966
104092
104219
104345
104471
104534
100000
100000
100000
100000
100000
100000
100000
100000
100001
100001
100001
100001
100001
100001
100001
100001
100001
100001
100001
100001
100001
100001
100002
100002
100002
100002
100002
100002
100002
100002
100002
100002
100002
100002
100003
100003
100003
100003
100003
100003
100003
100003
100003
100003
100003
100003
100003
100003
100004
100004
100004
100004
100004
100004
100004
100004
100004
100004
100004
100004
100004
100004
100005
100005
100005
100005
100005
100005
100005
100005
100005
100005
100005
100005
100005
100005
100006
100006
100006
100006
100006
100006
100006
100006
100006
100006
100006
100006
100006
100006
100007
100007
100007
100007
100007
100007
100007
100007
100007
100007
100007
100007
100007
100007
100008
100008
100008
100008
100008
100008
100008
100008
100008
100008
100008
100008
100009
100009
100009
100009
100026
100026
100212
100212
100320
100320
100446
100446
100569
100569
100693
100693
100817
100817
100942
100942
101066
101066
101191
101191
101317
101317
101442
101442
101567
101567
101692
101692
101817
101817
101942
101942
102068
102068
102194
102194
102320
102320
102447
102447
102575
102575
102703
102703
102830
102830
102958
102958
103085
103085
103213
103213
103340
103340
103466
103466
103591
103591
103716
103716
103841
103841
103967
103967
104093
104093
104219
104219
104345
104345
104471
104471
104534
100000
100000
100000
100000
100001
100001
100001
100001
100001
100001
100002
100002
100002
100002
100002
100002
100002
100003
100003
100003
100003
100003
100003
100003
100004
100004
100004
100004
100004
100004
100004
100005
100005
100005
100005
100005
100005
100005
100006
100006
100006
100006
100006
100006
100006
100007
100007
100007
100007
100007
100007
100007
100008
100008
100008
100008
100008
100008
100009
100009
100031
100211
100312
100442
100567
100694
100822
100949
101075
101199
101321
101442
101564
101688
101813
101940
102068
102197
102327
102455
102582
102709
102834
102959
103085
103211
103336
103461
103588
103714
103840
103966
104092
104218
104344
104470
104533
104533
104533
104533
104533
104533
104531
104518
104532
104534
104534
104534
104534
104534
100000
100000
100000
100000
100001
100001
100001
100001
100001
100001
100001
100002
100002
100002
100002
100002
100002
100003
100003
100003
100003
100003
100003
100003
100004
100004
100004
100004
100004
100004
100004
100005
100005
100005
100005
100005
100005
100005
100006
100006
100006
100006
100006
100006
100006
100007
100007
100007
100007
100007
100007
100007
100008
100008
100008
100008
100008
100008
100008
100009
100034
100201
100303
100450
100569
100692
100817
100942
101066
101191
101316
101441
101566
101690
101815
101941
102066
102193
102319
102447
102575
102703
102830
102955
103082
103211
103339
103465
103590
103715
103841
103967
104093
104219
104345
104471
104534
100000
100000
100000
100000
100001
100001
100001
100001
100001
100001
100002
100002
100002
100002
100002
100002
100002
100003
100003
100003
100003
100003
100003
100003
100004
100004
100004
100004
100004
100004
100004
100005
100005
100005
100005
100005
100005
100005
100006
100006
100006
100006
100006
100006
100006
100007
100007
100007
100007
100007
100007
100007
100008
100008
100008
100008
100008
100008
100009
100009
100029
100210
100315
100441
100567
100693
100821
100948
101074
101197
101320
101442
101565
101688
101813
101940
102067
102196
102325
102455
102582
102709
102834
102959
103085
103210
103336
103461
103587
103714
103840
103966
104092
104218
104344
104470
104533
104533
104533
104533
104532
104532
104532
104530
104529
104530
104531
104532
104532
104533
104533
100000
100000
100000
100000
100001
100001
100001
100001
100001
100001
100001
100002
100002
100002
100002
100002
100002
100003
100003
100003
100003
100003
100003
100003
100004
100004
100004
100004
100004
100004
100004
100005
100005
100005
100005
100005
100005
100005
100006
100006
100006
100006
100006
100006
100006
100007
100007
100007
100007
100007
100007
100007
100008
100008
100008
100008
100008
100008
100008
100009
100042
100196
100303
100452
100568
100693
100818
100942
101066
101191
101316
101441
101566
101692
101817
101941
102066
102192
102319
102447
102575
102703
102831
102957
103081
103209
103337
103464
103590
103715
103841
103966
104092
104218
104345
104471
104534
100000
100000
100000
100000
100000
100000
100000
100000
100001
100001
100001
100001
100001
100001
100001
100001
100001
100001
100001
100001
100002
100002
100002
100002
100002
100002
100002
100002
100002
100002
100002
100002
100002
100002
100003
100003
100003
100003
100003
100003
100003
100003
100003
100003
100003
100003
100003
100003
100004
100004
100004
100004
100004
100004
100004
100004
100004
100004
100004
100004
100004
100004
100005
100005
100005
100005
100005
100005
100005
100005
100005
100005
100005
100005
100005
100005
100006
100006
100006
100006
100006
100006
100006
100006
100006
100006
100006
100006
100006
100006
100007
100007
100007
100007
100007
100007
100007
100007
100007
100007
100007
100007
100007
100007
100008
100008
100008
100008
100008
100008
100008
100008
100008
100008
100008
100008
100009
100009
100009
100009
100031
100031
100223
100223
100325
100325
100442
100442
100566
100566
100692
100692
100821
100821
100948
100948
101073
101073
101197
101197
101320
101320
101443
101443
101566
101566
101690
101690
101814
101814
101940
101940
102067
102067
102195
102195
102325
102325
102454
102454
102582
102582
102709
102709
102834
102834
102960
102960
103085
103085
103211
103211
103336
103336
103462
103462
103588
103588
103715
103715
103842
103842
103967
103967
104093
104093
104219
104219
104345
104345
104471
104471
104534
100000
100000
100000
100000
100001
100001
100001
100001
100001
100001
100002
100002
100002
100002
100002
100002
100002
100003
100003
100003
100003
100003
100003
100003
100004
100004
100004
100004
100004
100004
100004
100005
100005
100005
100005
100005
100005
100005
100006
100006
100006
100006
100006
100006
100006
100007
100007
100007
100007
100007
100007
100007
100008
100008
100008
100008
100008
100008
100009
100009
100026
100211
100315
100442
100565
100691
100818
100945
101072
101197
101320
101443
101566
101689
101814
101939
102064
102192
102322
102452
102582
102709
102834
102959
103084
103210
103335
103461
103588
103714
103841
103966
104092
104218
104344
104470
104533
100000
100000
100000
100000
100001
100001
100001
100001
100001
100001
100002
100002
100002
100002
100002
100002
100002
100003
100003
100003
100003
100003
100003
100003
100004
100004
100004
100004
100004
100004
100004
100005
100005
100005
100005
100005
100005
100005
100006
100006
100006
100006
100006
100006
100006
100007
100007
100007
100007
100007
100007
100007
100008
100008
100008
100008
100008
100008
100009
100009
100027
100208
100313
100443
100565
100692
100821
100949
101073
101196
101318
101441
101565
101689
101812
101937
102062
102190
102321
102451
102579
102706
102831
102957
103082
103208
103334
103460
103586
103712
103839
103965
104092
104218
104344
104470
104533
100000
100000
100000
100000
100001
100001
100001
100001
100001
100001
100002
100002
100002
100002
100002
100002
100002
100003
100003
100003
100003
100003
100003
100003
100004
100004
100004
100004
100004
100004
100004
100005
100005
100005
100005
100005
100005
100005
100006
100006
100006
100006
100006
100006
100006
100007
100007
100007
100007
100007
100007
100007
100008
100008
100008
100008
100008
100008
100009
100009
100031
100205
100312
100445
100567
100693
100820
100945
101069
101193
101317
101442
101567
101691
101815
101940
102065
102192
102320
102448
102576
102702
102828
102955
103081
103207
103333
103459
103586
103712
103839
103965
104091
104217
104343
104470
104533
100000
100000
100000
100000
100001
100001
100001
100001
100001
100001
100002
100002
100002
100002
100002
100002
100002
100003
100003
100003
100003
100003
100003
100003
100004
100004
100004
100004
100004
100004
100004
100005
100005
100005
100005
100005
100005
100005
100006
100006
100006
100006
100006
100006
100006
100007
100007
100007
100007
100007
100007
100007
100008
100008
100008
100008
100008
100008
100009
100009
100036
100205
100315
100445
100568
100693
100818
100943
101067
101192
101316
101441
101565
101690
101815
101940
102065
102192
102319
102447
102574
102702
102830
102957
103084
103210
103335
103461
103587
103713
103839
103966
104091
104217
104342
104469
104532
100000
100000
100000
100000
100001
100001
100001
100001
100001
100001
100001
100002
100002
100002
100002
100002
100002
100003
100003
100003
100003
100003
100003
100003
100004
100004
100004
100004
100004
100004
100004
100005
100005
100005
100005
100005
100005
100005
100006
100006
100006
100006
100006
100006
100006
100007
100007
100007
100007
100007
100007
100007
100008
100008
100008
100008
100008
100008
100009
100009
100037
100203
100317
100444
100567
100691
100816
100941
101066
101191
101315
101440
101565
101689
101814
101939
102065
102191
102319
102447
102576
102705
102833
102960
103086
103211
103336
103461
103588
103714
103840
103966
104092
104216
104342
104469
104532
100000
100000
100000
100000
100001
100001
100001
100001
100001
100001
100001
100002
100002
100002
100002
100002
100002
100003
100003
100003
100003
100003
100003
100003
100004
100004
100004
100004
100004
100004
100004
100005
100005
100005
100005
100005
100005
100005
100006
100006
100006
100006
100006
100006
100006
100007
100007
100007
100007
100007
100007
100007
100008
100008
100008
100008
100008
100008
100009
100009
100040
100201
100315
100442
100566
100690
100814
100940
101066
101191
101315
101439
101564
101690
101815
101940
102066
102192
102320
102449
102579
102707
102835
102960
103084
103209
103335
103461
103588
103714
103840
103966
104091
104216
104341
104468
104531
100000
100000
100000
100000
100001
100001
100001
100001
100001
100001
100001
100002
100002
100002
100002
100002
100002
100003
100003
100003
100003
100003
100003
100003
100004
100004
100004
100004
100004
100004
100004
100005
100005
100005
100005
100005
100005
100005
100006
100006
100006
100006
100006
100006
100006
100007
100007
100007
100007
100007
100007
100007
100008
100008
100008
100008
100008
100008
100009
100010
100037
100198
100311
100440
100565
100689
100813
100939
101065
101190
101315
101439
101565
101691
101816
101941
102067
102194
102322
102450
102578
102706
102833
102959
103083
103208
103333
103459
103586
103712
103838
103962
104087
104213
104340
104465
104528
100000
100000
100000
100000
100001
100001
100001
100001
100001
100001
100001
100002
100002
100002
100002
100002
100002
100003
100003
100003
100003
100003
100003
100003
100004
100004
100004
100004
100004
100004
100004
100005
100005
100005
100005
100005
100005
100005
100006
100006
100006
100006
100006
100006
100006
100007
100007
100007
100007
100007
100007
100007
100008
100008
100008
100008
100008
100008
100009
100009
100031
100199
100310
100440
100564
100688
100812
100937
101062
101188
101314
101440
101565
101691
101817
101942
102068
102195
102322
102449
102577
102704
102831
102957
103083
103208
103333
103459
103585
103711
103836
103960
104084
104209
104338
104466
104529
100000
100000
100000
100000
100001
100001
100001
100001
100001
100001
100001
100002
100002
100002
100002
100002
100002
100003
100003
100003
100003
100003
100003
100003
100004
100004
100004
100004
100004
100004
100004
100005
100005
100005
100005
100005
100005
100005
100006
100006
100006
100006
100006
100006
100006
100007
100007
100007
100007
100007
100007
100007
100008
100008
100008
100008
100008
100008
100009
100009
100025
100200
100311
100440
100564
100689
100812
100936
101061
101187
101314
101440
101566
101691
101817
101943
102069
102195
102322
102449
102576
102702
102829
102956
103083
103209
103335
103460
103586
103711
103836
103961
104086
104212
104340
104467
104530
100000
100000
100000
100000
100001
100001
100001
100001
100001
100001
100001
100002
100002
100002
100002
100002
100002
100003
100003
100003
100003
100003
100003
100003
100004
100004
100004
100004
100004
100004
100004
100005
100005
100005
100005
100005
100005
100005
100006
100006
100006
100006
100006
100006
100006
100007
100007
100007
100007
100007
100007
100007
100008
100008
100008
100008
100008
100008
100009
100009
100022
100202
100312
100440
100564
100689
100813
100937
101061
101187
101313
101439
101566
101691
101817
101942
102067
102194
102320
102448
102575
102702
102828
102955
103082
103209
103335
103461
103587
103712
103837
103962
104088
104215
104342
104468
104531
100000
100000
100000
100000
100001
100001
100001
100001
100001
100001
100001
100002
100002
100002
100002
100002
100002
100003
100003
100003
100003
100003
100003
100003
100004
100004
100004
100004
100004
100004
100004
100005
100005
100005
100005
100005
100005
100005
100006
100006
100006
100006
100006
100006
100006
100007
100007
100007
100007
100007
100007
100007
100008
100008
100008
100008
100008
100008
100009
100009
100021
100203
100315
100441
100564
100690
100813
100938
101062
101187
101313
101439
101565
101690
101815
101939
102065
102191
102319
102446
102574
102701
102828
102955
103082
103209
103336
103462
103588
103713
103838
103964
104090
104216
104343
104469
104532
100000
100000
100000
100000
100001
100001
100001
100001
100001
100001
100001
100002
100002
100002
100002
100002
100002
100003
100003
100003
100003
100003
100003
100003
100004
100004
100004
100004
100004
100004
100004
100005
100005
100005
100005
100005
100005
100005
100006
100006
100006
100006
100006
100006
100006
100007
100007
100007
100007
100007
100007
100007
100008
100008
100008
100008
100008
100008
100009
100009
100022
100204
100315
100441
100566
100691
100815
100939
101065
101189
101313
101439
101564
101689
101814
101939
102065
102192
102319
102447
102575
102702
102829
102955
103082
103209
103336
103462
103588
103714
103839
103964
104090
104217
104343
104470
104533
100000
100000
100000
100000
100001
100001
100001
100001
100001
100001
100001
100002
100002
100002
100002
100002
100002
100003
100003
100003
100003
100003
100003
100003
100004
100004
100004
100004
100004
100004
100004
100005
100005
100005
100005
100005
100005
100005
100006
100006
100006
100006
100006
100006
100006
100007
100007
100007
100007
100007
100007
100007
100008
100008
100008
100008
100008
100008
100009
100009
100024
100210
100317
100444
100568
100693
100817
100941
101065
101191
101315
101439
101564
101689
101815
101941
102067
102194
102321
102448
102576
102703
102829
102955
103082
103209
103336
103463
103589
103714
103840
103965
104091
104217
104344
104470
104533
100000
100000
100000
100000
100001
100001
100001
100001
100001
100001
100001
100002
100002
100002
100002
100002
100002
100003
100003
100003
100003
100003
100003
100003
100004
100004
100004
100004
100004
100004
100004
100005
100005
100005
100005
100005
100005
100005
100006
100006
100006
100006
100006
100006
100006
100007
100007
100007
100007
100007
100007
100007
100008
100008
100008
100008
100008
100008
100009
100009
100025
100201
100313
100446
100570
100693
100817
100941
101066
101192
101317
101441
101565
101690
101816
101941
102067
102193
102320
102447
102576
102704
102830
102956
103083
103210
103337
103464
103589
103715
103840
103966
104092
104218
104344
104471
104534
100000
100000
100000
100000
100000
100000
100000
100000
100001
100001
100001
100001
100001
100001
100001
100001
100001
100001
100001
100001
100001
100001
100002
100002
100002
100002
100002
100002
100002
100002
100002
100002
100002
100002
100003
100003
100003
100003
100003
100003
100003
100003
100003
100003
100003
100003
100003
100003
100004
100004
100004
100004
100004
100004
100004
100004
100004
100004
100004
100004
100004
100004
100005
100005
100005
100005
100005
100005
100005
100005
100005
100005
100005
100005
100005
100005
100006
100006
100006
100006
100006
100006
100006
100006
100006
100006
100006
100006
100006
100006
100007
100007
100007
100007
100007
100007
100007
100007
100007
100007
100007
100007
100007
100007
100008
100008
100008
100008
100008
100008
100008
100008
100008
100008
100008
100008
100008
100008
100009
100009
100034
100034
100197
100197
100302
100302
100453
100453
100571
100571
100694
100694
100819
100819
100943
100943
101067
101067
101191
101191
101316
101316
101442
101442
101567
101567
101692
101692
101817
101817
101943
101943
102068
102068
102193
102193
102320
102320
102447
102447
102575
102575
102704
102704
102829
102829
102956
102956
103083
103083
103210
103210
103338
103338
103464
103464
103590
103590
103715
103715
103840
103840
103966
103966
104093
104093
104219
104219
104345
104345
104471
104471
104534
)
;
    }
}


// ************************************************************************* //
