/*--------------------------------*- C++ -*----------------------------------*\
| =========                 |                                                 |
| \\      /  F ield         | OpenFOAM: The Open Source CFD Toolbox           |
|  \\    /   O peration     | Version:  2.3.0                                 |
|   \\  /    A nd           | Web:      www.OpenFOAM.org                      |
|    \\/     M anipulation  |                                                 |
\*---------------------------------------------------------------------------*/
FoamFile
{
    version     2.0;
    format      ascii;
    class       volScalarField;
    location    "61";
    object      rho;
}
// * * * * * * * * * * * * * * * * * * * * * * * * * * * * * * * * * * * * * //

dimensions      [1 -3 0 0 0 0 0];

internalField   nonuniform List<scalar> 
6144
(
1.16248
1.16315
1.16357
1.16398
1.16444
1.16528
1.16635
1.16738
1.16826
1.16875
1.16886
1.16887
1.16888
1.16888
1.16889
1.16889
1.1689
1.1689
1.1689
1.1689
1.1689
1.1689
1.16891
1.16891
1.16891
1.16891
1.16891
1.16891
1.16891
1.16891
1.16891
1.16891
1.16892
1.16892
1.16892
1.16892
1.16892
1.16892
1.16892
1.16892
1.16892
1.169
1.16971
1.17168
1.17567
1.18203
1.19084
1.20248
1.21661
1.23531
1.26126
1.28574
1.30059
1.31814
1.32198
1.33617
1.33169
1.3379
2.53331
71.6794
996.863
1026.93
1027.09
1027.1
1027.1
1027.1
1027.1
1027.1
1027.1
1027.1
1027.1
1027.1
1027.1
1027.1
1027.1
1027.1
1027.1
1027.1
1027.1
1027.1
1027.1
1027.1
1027.1
1027.1
1027.1
1027.1
1027.1
1027.1
1027.1
1027.1
1027.1
1027.1
1027.1
1027.1
1027.1
1027.1
1.16212
1.16296
1.16372
1.16419
1.16487
1.16558
1.16651
1.16747
1.16831
1.16875
1.16885
1.16887
1.16888
1.16889
1.16889
1.1689
1.1689
1.16891
1.16891
1.16891
1.16891
1.16891
1.16891
1.16891
1.16891
1.16892
1.16892
1.16892
1.16892
1.16892
1.16892
1.16892
1.16892
1.16893
1.16893
1.16893
1.16893
1.16893
1.16893
1.16893
1.16894
1.16913
1.1699
1.17186
1.17566
1.18127
1.18847
1.19717
1.21076
1.2331
1.2545
1.27433
1.2942
1.32427
1.33165
1.34192
1.33167
1.35086
1.5905
83.9572
1018.62
1027.09
1027.1
1027.1
1027.1
1027.1
1027.1
1027.1
1027.1
1027.1
1027.1
1027.1
1027.1
1027.1
1027.1
1027.1
1027.1
1027.1
1027.1
1027.1
1027.1
1027.1
1027.1
1027.1
1027.1
1027.1
1027.1
1027.1
1027.1
1027.1
1027.1
1027.1
1027.1
1027.1
1027.1
1027.1
1.16192
1.16262
1.1635
1.16415
1.16499
1.16572
1.16666
1.16752
1.16816
1.16857
1.16876
1.16882
1.16886
1.16888
1.16889
1.1689
1.1689
1.1689
1.16891
1.16891
1.16891
1.16891
1.16891
1.16891
1.16891
1.16892
1.16892
1.16892
1.16892
1.16892
1.16892
1.16892
1.16892
1.16892
1.16892
1.16892
1.16892
1.16892
1.16892
1.16893
1.16899
1.16928
1.16995
1.17145
1.17457
1.17939
1.1855
1.19322
1.20759
1.23265
1.25529
1.2755
1.30726
1.33634
1.33608
1.34271
1.3215
1.36808
1.30976
110.77
1020.36
1027.05
1027.06
1027.06
1027.06
1027.06
1027.06
1027.07
1027.08
1027.09
1027.09
1027.1
1027.1
1027.1
1027.1
1027.1
1027.1
1027.1
1027.1
1027.1
1027.1
1027.1
1027.1
1027.1
1027.1
1027.1
1027.1
1027.1
1027.1
1027.1
1027.1
1027.1
1027.1
1027.1
1027.1
1027.1
1.16181
1.16232
1.16318
1.16377
1.16473
1.1656
1.16667
1.1674
1.16803
1.16847
1.16869
1.16879
1.16885
1.16887
1.16888
1.16889
1.1689
1.1689
1.1689
1.1689
1.1689
1.16891
1.16891
1.16891
1.16891
1.16891
1.16891
1.16891
1.16891
1.16892
1.16892
1.16892
1.16892
1.16892
1.16892
1.16892
1.16892
1.16892
1.16892
1.16894
1.16903
1.16935
1.17003
1.17136
1.17385
1.17783
1.18311
1.19157
1.20696
1.232
1.25303
1.28297
1.32382
1.3395
1.33572
1.34109
1.32513
1.36844
1.3185
121.07
1006.9
1026.07
1026.1
1026.13
1026.03
1025.95
1025.9
1026.05
1026.33
1026.58
1026.78
1026.92
1027.01
1027.05
1027.07
1027.08
1027.09
1027.09
1027.1
1027.1
1027.1
1027.1
1027.1
1027.1
1027.1
1027.1
1027.1
1027.1
1027.1
1027.1
1027.1
1027.1
1027.1
1027.1
1027.1
1027.1
1.1617
1.16207
1.16285
1.1634
1.16434
1.16512
1.16641
1.16731
1.16792
1.16838
1.16864
1.16878
1.16884
1.16887
1.16889
1.1689
1.1689
1.1689
1.16891
1.16891
1.16891
1.16891
1.16891
1.16891
1.16891
1.16891
1.16892
1.16892
1.16892
1.16892
1.16892
1.16892
1.16892
1.16892
1.16892
1.16892
1.16892
1.16892
1.16893
1.16895
1.16906
1.16935
1.17004
1.17144
1.17383
1.17744
1.18265
1.1922
1.20856
1.23146
1.25394
1.30841
1.33648
1.33855
1.33381
1.34169
1.33809
1.36246
1.32477
138.829
997.455
1021.8
1021.26
1021.09
1020.79
1020.44
1020.28
1020.54
1021.64
1022.6
1023.6
1024.4
1025.1
1025.63
1026.03
1026.33
1026.57
1026.75
1026.88
1026.98
1027.04
1027.08
1027.09
1027.1
1027.1
1027.1
1027.1
1027.1
1027.1
1027.1
1027.1
1027.1
1027.1
1027.1
1027.1
1027.1
1.16157
1.1619
1.16252
1.16301
1.16401
1.16474
1.16587
1.16718
1.16781
1.16829
1.16858
1.16876
1.16883
1.16887
1.16888
1.16889
1.1689
1.1689
1.1689
1.1689
1.1689
1.1689
1.16891
1.16891
1.16891
1.16891
1.16891
1.16891
1.16891
1.16891
1.16892
1.16892
1.16892
1.16892
1.16892
1.16892
1.16892
1.16892
1.16892
1.16895
1.16905
1.16929
1.16993
1.17128
1.17365
1.17733
1.1834
1.19427
1.21093
1.22868
1.26832
1.3301
1.33859
1.33477
1.33158
1.33266
1.32451
1.38813
1.30976
200.909
1003.07
1016.03
1014.97
1014.56
1014.16
1013.67
1013.57
1013.62
1014.58
1015.61
1016.75
1017.85
1018.88
1019.9
1020.8
1021.66
1022.49
1023.29
1024.08
1024.81
1025.5
1026.07
1026.49
1026.76
1026.93
1027.03
1027.07
1027.09
1027.1
1027.1
1027.1
1027.1
1027.1
1027.1
1027.1
1027.1
1.16144
1.16176
1.16226
1.16266
1.16371
1.1645
1.16548
1.16692
1.16768
1.16821
1.16853
1.16874
1.16883
1.16887
1.16888
1.16889
1.1689
1.1689
1.1689
1.16891
1.16891
1.16891
1.16891
1.16891
1.16891
1.16891
1.16891
1.16891
1.16891
1.16892
1.16892
1.16892
1.16892
1.16892
1.16892
1.16892
1.16892
1.16892
1.16892
1.16895
1.16903
1.16923
1.16981
1.17109
1.17344
1.17753
1.18457
1.19626
1.21217
1.22778
1.28762
1.33699
1.33845
1.33402
1.33079
1.32972
1.32095
1.39852
1.66406
181.945
994.602
1012.39
1011.52
1011.42
1011.43
1011.14
1011.14
1011.13
1011.19
1011.62
1012
1012.45
1012.86
1013.38
1014.1
1014.84
1015.65
1016.59
1017.54
1018.52
1019.47
1020.33
1021.16
1022.03
1022.96
1023.92
1024.87
1025.7
1026.38
1026.74
1026.84
1026.85
1026.89
1026.95
1027.03
1027.1
1.16126
1.16164
1.16206
1.16241
1.16347
1.16435
1.16543
1.16651
1.16748
1.16814
1.16851
1.16873
1.16883
1.16887
1.16888
1.16889
1.1689
1.1689
1.1689
1.16891
1.16891
1.16891
1.16891
1.16891
1.16891
1.16892
1.16892
1.16892
1.16892
1.16892
1.16892
1.16892
1.16892
1.16892
1.16892
1.16892
1.16892
1.16893
1.16893
1.16894
1.169
1.16915
1.16971
1.17107
1.17355
1.17782
1.18535
1.19665
1.20876
1.22207
1.29307
1.33704
1.33741
1.33319
1.32941
1.32686
1.32103
1.47871
2.32329
147.879
990.09
1014.74
1014.2
1014.38
1014.4
1014.45
1013.84
1013.45
1012.79
1012.14
1011.54
1011.19
1011.1
1010.95
1011.37
1011.94
1012.72
1013.67
1014.66
1015.52
1016.02
1016.1
1015.61
1015.14
1014.55
1014.05
1013.73
1013.58
1014.4
1015.15
1016.47
1018.11
1019.99
1021.9
1025.16
1027.1
1.161
1.16149
1.16185
1.1622
1.16324
1.16425
1.16551
1.16606
1.16724
1.16806
1.16849
1.16871
1.16882
1.16886
1.16887
1.16889
1.16889
1.1689
1.1689
1.1689
1.1689
1.1689
1.16891
1.16891
1.16891
1.16891
1.16891
1.16891
1.16891
1.16892
1.16892
1.16892
1.16892
1.16892
1.16892
1.16892
1.16892
1.16892
1.16893
1.16894
1.16897
1.1691
1.16967
1.1711
1.17368
1.17821
1.18575
1.19515
1.20359
1.21544
1.27284
1.33426
1.33756
1.33097
1.32389
1.32245
1.31788
1.33961
1.75124
94.4793
993.395
1022.32
1022.52
1022.84
1022.84
1023.29
1022.9
1022.54
1021.99
1021.39
1020.9
1020.51
1020.27
1020.14
1020.1
1020.4
1020.65
1020.98
1021.39
1021.9
1022.45
1022.9
1023.02
1022.84
1022.66
1022.55
1022.5
1022.78
1023.53
1024.06
1024.75
1025.47
1026.35
1026.89
1027.1
1027.09
1.16076
1.16115
1.16149
1.16187
1.16293
1.1641
1.16554
1.16617
1.16719
1.16807
1.1685
1.16871
1.16881
1.16886
1.16888
1.16889
1.1689
1.1689
1.1689
1.1689
1.16891
1.16891
1.16891
1.16891
1.16891
1.16891
1.16891
1.16892
1.16892
1.16892
1.16892
1.16892
1.16892
1.16892
1.16892
1.16892
1.16892
1.16892
1.16893
1.16893
1.16895
1.16906
1.16963
1.17105
1.17363
1.17834
1.18573
1.19352
1.20084
1.21295
1.26184
1.32834
1.33738
1.33305
1.32392
1.3241
1.31782
1.32043
1.48938
62.1663
1000.32
1026.08
1026.19
1026.22
1026.21
1026.28
1026.16
1026.03
1025.86
1025.66
1025.52
1025.46
1025.44
1025.42
1025.46
1025.52
1025.57
1025.6
1025.65
1025.69
1025.73
1025.84
1025.95
1025.99
1025.94
1025.92
1025.94
1026.14
1026.26
1026.68
1026.88
1027.01
1027.1
1027.09
1027.1
1027.1
1.16053
1.16083
1.16108
1.16144
1.16251
1.16383
1.16558
1.16672
1.16719
1.16807
1.16852
1.16872
1.1688
1.16885
1.16887
1.16889
1.16889
1.1689
1.1689
1.1689
1.1689
1.16891
1.16891
1.16891
1.16891
1.16891
1.16891
1.16892
1.16892
1.16892
1.16892
1.16892
1.16892
1.16892
1.16892
1.16892
1.16892
1.16892
1.16893
1.16893
1.16894
1.16906
1.16966
1.17101
1.17333
1.17791
1.18511
1.1921
1.19886
1.213
1.25061
1.31291
1.33527
1.33559
1.32717
1.32772
1.32123
1.32358
1.40207
47.3285
1002.84
1026.96
1027.01
1027.01
1027.01
1027.02
1027.01
1026.99
1026.97
1026.94
1026.93
1026.92
1026.93
1026.94
1026.95
1026.97
1026.98
1026.99
1027
1027
1026.99
1026.99
1026.99
1027
1027
1027
1026.99
1027.01
1027.02
1027.04
1027.07
1027.09
1027.1
1027.1
1027.1
1027.1
1.16041
1.16059
1.16068
1.16088
1.16177
1.16306
1.16503
1.16659
1.1673
1.16809
1.16857
1.16874
1.1688
1.16884
1.16886
1.16888
1.16889
1.1689
1.1689
1.1689
1.1689
1.16891
1.16891
1.16891
1.16891
1.16891
1.16891
1.16892
1.16892
1.16892
1.16892
1.16892
1.16892
1.16892
1.16892
1.16893
1.16893
1.16893
1.16893
1.16893
1.16894
1.16909
1.16976
1.17115
1.17336
1.17716
1.18369
1.1902
1.19631
1.21259
1.24003
1.28974
1.32539
1.33493
1.33143
1.33054
1.32312
1.32675
1.36412
39.708
1001.9
1027.05
1027.09
1027.09
1027.09
1027.09
1027.09
1027.09
1027.09
1027.09
1027.09
1027.09
1027.09
1027.09
1027.09
1027.09
1027.1
1027.1
1027.1
1027.1
1027.1
1027.1
1027.1
1027.1
1027.1
1027.09
1027.09
1027.09
1027.09
1027.09
1027.1
1027.1
1027.1
1027.1
1027.1
1027.1
1.1603
1.16049
1.16048
1.16052
1.16102
1.16198
1.1638
1.16581
1.16746
1.16813
1.16862
1.16877
1.16882
1.16885
1.16886
1.16888
1.1689
1.1689
1.16891
1.16891
1.16891
1.16891
1.16891
1.16891
1.16892
1.16892
1.16892
1.16892
1.16892
1.16892
1.16892
1.16892
1.16892
1.16892
1.16893
1.16893
1.16893
1.16893
1.16893
1.16893
1.16895
1.16911
1.1698
1.17133
1.17359
1.17694
1.18195
1.18764
1.19361
1.2097
1.23228
1.26347
1.30396
1.32956
1.32956
1.32888
1.32163
1.32929
1.54392
41.9083
985.047
1026.99
1027.1
1027.09
1027.1
1027.1
1027.1
1027.1
1027.1
1027.1
1027.1
1027.1
1027.1
1027.1
1027.1
1027.1
1027.1
1027.1
1027.1
1027.1
1027.1
1027.1
1027.1
1027.1
1027.1
1027.1
1027.1
1027.1
1027.1
1027.1
1027.1
1027.1
1027.1
1027.1
1027.1
1027.1
1.1603
1.16052
1.16046
1.16046
1.16062
1.16127
1.16267
1.16476
1.1672
1.16825
1.16866
1.16877
1.16881
1.16884
1.16886
1.16888
1.16891
1.16891
1.16891
1.16891
1.16891
1.16891
1.16892
1.16892
1.16892
1.16892
1.16892
1.16892
1.16892
1.16892
1.16892
1.16892
1.16893
1.16893
1.16893
1.16893
1.16893
1.16893
1.16893
1.16894
1.16895
1.1691
1.16979
1.17136
1.17383
1.17698
1.18074
1.18532
1.19103
1.20362
1.22428
1.25813
1.28402
1.31379
1.32129
1.32045
1.31487
1.32351
1.62496
36.6326
977.176
1026.84
1027.09
1027.1
1027.1
1027.1
1027.1
1027.1
1027.1
1027.1
1027.1
1027.1
1027.1
1027.1
1027.1
1027.1
1027.1
1027.1
1027.1
1027.1
1027.1
1027.1
1027.1
1027.1
1027.1
1027.1
1027.1
1027.1
1027.1
1027.1
1027.1
1027.1
1027.1
1027.1
1027.1
1027.1
1.16034
1.16078
1.16083
1.16079
1.16071
1.1611
1.16195
1.16364
1.16664
1.16833
1.16865
1.16875
1.16879
1.16882
1.16885
1.16887
1.1689
1.16891
1.16891
1.16891
1.16891
1.16891
1.16891
1.16892
1.16892
1.16892
1.16892
1.16892
1.16892
1.16892
1.16892
1.16892
1.16892
1.16892
1.16893
1.16893
1.16893
1.16893
1.16893
1.16894
1.16895
1.1691
1.16975
1.17134
1.17387
1.17699
1.1803
1.18376
1.18811
1.19629
1.21878
1.26533
1.28159
1.29871
1.30197
1.30289
1.31809
1.34561
1.49211
45.4659
987.336
1026.94
1027.1
1027.1
1027.1
1027.1
1027.1
1027.1
1027.1
1027.1
1027.1
1027.1
1027.1
1027.1
1027.1
1027.1
1027.1
1027.1
1027.1
1027.1
1027.1
1027.1
1027.1
1027.1
1027.1
1027.1
1027.1
1027.1
1027.1
1027.1
1027.1
1027.1
1027.1
1027.1
1027.1
1027.1
1.16007
1.16016
1.16098
1.16129
1.16128
1.16137
1.16202
1.16331
1.16619
1.16831
1.16863
1.16872
1.16876
1.16881
1.16884
1.16888
1.16891
1.16891
1.16891
1.16892
1.16892
1.16892
1.16892
1.16892
1.16892
1.16893
1.16893
1.16893
1.16893
1.16893
1.16893
1.16893
1.16893
1.16893
1.16893
1.16893
1.16894
1.16894
1.16894
1.16894
1.16896
1.16908
1.16967
1.1713
1.17409
1.17741
1.18069
1.18393
1.18794
1.19566
1.21592
1.2636
1.28549
1.29779
1.29546
1.30081
1.32667
1.39248
1.77637
51.6791
992.308
1026.94
1027.1
1027.1
1027.1
1027.1
1027.1
1027.1
1027.1
1027.1
1027.1
1027.1
1027.1
1027.1
1027.1
1027.1
1027.1
1027.1
1027.1
1027.1
1027.1
1027.1
1027.1
1027.1
1027.1
1027.1
1027.1
1027.1
1027.1
1027.1
1027.1
1027.1
1027.1
1027.1
1027.1
1027.1
1.1619
1.16298
1.16359
1.16404
1.16452
1.16548
1.16658
1.16759
1.16839
1.16872
1.1688
1.16884
1.16887
1.16889
1.1689
1.16891
1.16892
1.16892
1.16892
1.16892
1.16892
1.16892
1.16892
1.16893
1.16893
1.16893
1.16893
1.16893
1.16893
1.16893
1.16894
1.16894
1.16894
1.16894
1.16894
1.16894
1.16894
1.16894
1.16894
1.16894
1.16896
1.16906
1.16968
1.17159
1.17581
1.18285
1.19232
1.20396
1.21769
1.23612
1.2617
1.28553
1.30015
1.31157
1.31439
1.32885
1.32696
1.33999
1.99992
72.1358
1003.49
1027.05
1027.1
1027.1
1027.1
1027.1
1027.1
1027.1
1027.1
1027.1
1027.1
1027.1
1027.1
1027.1
1027.1
1027.1
1027.1
1027.1
1027.1
1027.1
1027.1
1027.1
1027.1
1027.1
1027.1
1027.1
1027.1
1027.1
1027.1
1027.1
1027.1
1027.1
1027.1
1027.1
1027.1
1027.1
1.16115
1.16248
1.16396
1.16453
1.16519
1.16595
1.16688
1.16767
1.16817
1.16843
1.16862
1.16875
1.16883
1.16887
1.16889
1.1689
1.16891
1.16891
1.16892
1.16892
1.16892
1.16892
1.16892
1.16892
1.16893
1.16893
1.16893
1.16893
1.16893
1.16893
1.16893
1.16893
1.16893
1.16893
1.16893
1.16893
1.16893
1.16894
1.16894
1.16895
1.16901
1.16931
1.17017
1.17188
1.17525
1.18131
1.1895
1.19946
1.21262
1.23371
1.25339
1.27295
1.28292
1.30227
1.31158
1.32687
1.32309
1.33914
1.61454
83.3065
1007.52
1027.09
1027.09
1027.1
1027.1
1027.1
1027.1
1027.1
1027.1
1027.1
1027.1
1027.1
1027.1
1027.1
1027.1
1027.1
1027.1
1027.1
1027.1
1027.1
1027.1
1027.1
1027.1
1027.1
1027.1
1027.1
1027.1
1027.1
1027.1
1027.1
1027.1
1027.1
1027.1
1027.1
1027.1
1027.1
1.16086
1.16172
1.16353
1.16432
1.16503
1.16567
1.16646
1.16723
1.16782
1.16823
1.16852
1.16871
1.16882
1.16887
1.16888
1.1689
1.16891
1.16891
1.16891
1.16891
1.16892
1.16892
1.16892
1.16892
1.16892
1.16892
1.16892
1.16893
1.16893
1.16893
1.16893
1.16893
1.16893
1.16893
1.16893
1.16893
1.16893
1.16893
1.16894
1.16895
1.16902
1.16936
1.17035
1.17212
1.17456
1.1782
1.18475
1.19468
1.20983
1.23478
1.25529
1.26864
1.28729
1.31442
1.32136
1.33028
1.31608
1.33735
1.385
105.26
1023.17
1027.08
1027.08
1027.09
1027.09
1027.09
1027.09
1027.09
1027.09
1027.1
1027.1
1027.1
1027.1
1027.1
1027.1
1027.1
1027.1
1027.1
1027.1
1027.1
1027.1
1027.1
1027.1
1027.1
1027.1
1027.1
1027.1
1027.1
1027.1
1027.1
1027.1
1027.1
1027.1
1027.1
1027.1
1027.1
1.16074
1.16109
1.16276
1.16362
1.16442
1.16517
1.16602
1.16687
1.1676
1.16813
1.16848
1.1687
1.16881
1.16886
1.16888
1.1689
1.16891
1.16891
1.16891
1.16891
1.16891
1.16891
1.16892
1.16892
1.16892
1.16892
1.16892
1.16892
1.16892
1.16892
1.16893
1.16893
1.16893
1.16893
1.16893
1.16893
1.16893
1.16893
1.16894
1.16895
1.169
1.16925
1.17014
1.17193
1.17457
1.17801
1.18331
1.19321
1.21007
1.23607
1.25695
1.26941
1.30369
1.32384
1.32657
1.32947
1.32213
1.32672
1.30976
151.683
1022.37
1026.55
1026.59
1026.66
1026.65
1026.64
1026.64
1026.76
1026.86
1026.95
1027.02
1027.06
1027.08
1027.09
1027.09
1027.1
1027.1
1027.1
1027.1
1027.1
1027.1
1027.1
1027.1
1027.1
1027.1
1027.1
1027.1
1027.1
1027.1
1027.1
1027.1
1027.1
1027.1
1027.1
1027.1
1027.1
1.16066
1.16067
1.16208
1.16305
1.16396
1.16481
1.16571
1.16664
1.16745
1.16808
1.16846
1.16869
1.16881
1.16886
1.16888
1.16889
1.1689
1.16891
1.16891
1.16891
1.16891
1.16891
1.16891
1.16892
1.16892
1.16892
1.16892
1.16892
1.16892
1.16892
1.16892
1.16892
1.16892
1.16892
1.16893
1.16893
1.16893
1.16893
1.16894
1.16895
1.16899
1.16918
1.16991
1.17157
1.17432
1.1782
1.1841
1.19472
1.21225
1.23462
1.25212
1.28727
1.32336
1.32815
1.32727
1.32428
1.32148
1.32261
1.30976
190.402
1015.14
1022.88
1022.87
1022.97
1022.84
1022.57
1022.43
1022.8
1023.63
1024.29
1024.96
1025.54
1025.96
1026.27
1026.51
1026.69
1026.82
1026.92
1026.99
1027.04
1027.07
1027.09
1027.1
1027.1
1027.1
1027.1
1027.1
1027.1
1027.1
1027.1
1027.1
1027.1
1027.1
1027.1
1027.1
1027.1
1.16057
1.16041
1.16146
1.16249
1.16353
1.16451
1.16551
1.16648
1.16736
1.16804
1.16845
1.16869
1.16881
1.16886
1.16888
1.16889
1.1689
1.16891
1.16891
1.16891
1.16891
1.16891
1.16891
1.16891
1.16892
1.16892
1.16892
1.16892
1.16892
1.16892
1.16892
1.16892
1.16892
1.16892
1.16892
1.16893
1.16893
1.16893
1.16894
1.16895
1.16899
1.16915
1.16982
1.17142
1.1741
1.17823
1.18492
1.19633
1.2121
1.22543
1.25762
1.314
1.32995
1.32805
1.32364
1.32159
1.32083
1.32071
1.30976
258.258
1006.5
1015.27
1014.42
1013.91
1013.43
1012.98
1012.79
1013.08
1014.07
1014.77
1015.41
1016.15
1017.09
1017.96
1018.94
1019.99
1021.05
1022.16
1023.28
1024.36
1025.33
1026.11
1026.63
1026.94
1027.05
1027.09
1027.1
1027.1
1027.1
1027.1
1027.1
1027.1
1027.1
1027.1
1027.1
1027.1
1.16051
1.16022
1.16097
1.16193
1.16314
1.16425
1.16535
1.16638
1.16731
1.16803
1.16844
1.16869
1.1688
1.16886
1.16888
1.16889
1.1689
1.16891
1.16891
1.16891
1.16891
1.16891
1.16891
1.16891
1.16892
1.16892
1.16892
1.16892
1.16892
1.16892
1.16892
1.16892
1.16892
1.16892
1.16892
1.16893
1.16893
1.16893
1.16893
1.16895
1.16898
1.16913
1.16976
1.17137
1.17401
1.17798
1.18445
1.19592
1.21095
1.21913
1.28408
1.33266
1.33117
1.33086
1.32788
1.32693
1.32398
1.32379
1.30976
291.498
998.472
1008.72
1007.31
1006.79
1006.51
1006.19
1006.1
1006.01
1006.33
1006.35
1005.84
1005.1
1004.74
1004.47
1004.06
1003.79
1003.72
1004.16
1005.21
1006.52
1008.48
1011.19
1014.24
1017.54
1020.48
1022.86
1024.16
1024.82
1025.47
1025.93
1025.69
1025.41
1025.07
1024.8
1024.62
1024.46
1.16045
1.1601
1.16059
1.16133
1.16261
1.16391
1.16519
1.1663
1.16727
1.16802
1.16844
1.16869
1.16881
1.16886
1.16888
1.16889
1.1689
1.16891
1.16891
1.16891
1.16891
1.16891
1.16891
1.16891
1.16892
1.16892
1.16892
1.16892
1.16892
1.16892
1.16892
1.16892
1.16892
1.16892
1.16892
1.16893
1.16893
1.16893
1.16894
1.16895
1.16898
1.16912
1.16972
1.17131
1.17397
1.1778
1.18376
1.19507
1.20807
1.21363
1.30853
1.33454
1.33235
1.33039
1.32965
1.33084
1.3346
1.34091
1.33843
252.308
993.923
1008.32
1006.66
1006.05
1005.69
1005.1
1004.8
1004.31
1003.82
1003.12
1001.99
1000.23
998.222
996.615
994.68
992.513
990.199
987.783
985.273
982.944
981.006
979.711
978.763
977.347
976.306
975.234
974.31
972.592
966.9
959.295
950.077
938.895
923.386
899.642
839.104
620.606
1.16036
1.16004
1.1603
1.16075
1.16189
1.16337
1.16497
1.16621
1.16724
1.16802
1.16845
1.1687
1.16881
1.16886
1.16888
1.16889
1.1689
1.16891
1.16891
1.16891
1.16891
1.16891
1.16891
1.16892
1.16892
1.16892
1.16892
1.16892
1.16892
1.16892
1.16892
1.16892
1.16893
1.16893
1.16893
1.16893
1.16893
1.16893
1.16894
1.16895
1.16899
1.16912
1.1697
1.17129
1.17401
1.17774
1.18323
1.19331
1.20372
1.20929
1.29856
1.33445
1.33288
1.32932
1.32698
1.32619
1.32884
1.35188
1.423
190.864
1001.58
1017.27
1017.26
1017.99
1018.26
1018.37
1017.72
1017.19
1016.2
1015.19
1014.21
1013.08
1011.7
1010.67
1009.8
1008.56
1007.02
1004.71
1001.48
997.109
991.456
984.985
978.999
973.571
968.31
963.017
958.036
954.511
952.431
950.442
948.437
945.999
944.099
943.428
948.619
956.206
1.16024
1.15999
1.16008
1.1603
1.16111
1.16267
1.16465
1.16613
1.16722
1.16802
1.16846
1.1687
1.16882
1.16887
1.16888
1.1689
1.16891
1.16891
1.16891
1.16891
1.16891
1.16891
1.16892
1.16892
1.16892
1.16892
1.16892
1.16892
1.16892
1.16893
1.16893
1.16893
1.16893
1.16893
1.16893
1.16893
1.16893
1.16893
1.16894
1.16895
1.16899
1.16912
1.1697
1.17128
1.17399
1.17763
1.18269
1.19131
1.20094
1.20981
1.26902
1.3315
1.33601
1.33304
1.32768
1.3239
1.31792
1.3203
1.32071
146.107
1013.6
1024.58
1024.73
1025
1025.12
1025.24
1025.06
1024.89
1024.63
1024.46
1024.3
1024.18
1024.03
1023.97
1023.89
1023.84
1023.52
1023.07
1022.36
1021.26
1019.59
1017.34
1014.69
1011.63
1007.74
1003.61
1000.17
997.978
996.791
996.36
998.944
1003.41
1009.18
1015.73
1021.54
1024.73
1.16015
1.15994
1.15995
1.16
1.16051
1.16187
1.16407
1.1659
1.1672
1.16802
1.16847
1.16871
1.16882
1.16887
1.16888
1.1689
1.16891
1.16891
1.16891
1.16891
1.16891
1.16892
1.16892
1.16892
1.16892
1.16892
1.16892
1.16892
1.16892
1.16893
1.16893
1.16893
1.16893
1.16893
1.16893
1.16893
1.16893
1.16893
1.16894
1.16896
1.16899
1.16912
1.16969
1.17128
1.17397
1.17752
1.18219
1.18975
1.19902
1.21154
1.23072
1.30997
1.33242
1.33723
1.3358
1.33584
1.32128
1.32532
1.30976
113.704
1021.55
1026.78
1026.81
1026.86
1026.88
1026.9
1026.88
1026.85
1026.81
1026.8
1026.81
1026.82
1026.83
1026.83
1026.84
1026.85
1026.83
1026.8
1026.76
1026.69
1026.57
1026.41
1026.23
1026.1
1025.99
1025.83
1025.73
1025.69
1025.65
1025.83
1026.04
1026.31
1026.67
1026.93
1027.05
1027.09
1.1601
1.1599
1.15988
1.15987
1.16015
1.16124
1.16331
1.16556
1.16721
1.16809
1.1685
1.16873
1.16883
1.16887
1.16888
1.16889
1.1689
1.16891
1.16891
1.16891
1.16891
1.16892
1.16892
1.16892
1.16892
1.16892
1.16892
1.16892
1.16892
1.16893
1.16893
1.16893
1.16893
1.16893
1.16893
1.16893
1.16893
1.16893
1.16894
1.16896
1.16899
1.16911
1.16968
1.1713
1.174
1.17751
1.18193
1.1884
1.19614
1.20712
1.22822
1.25701
1.3016
1.32718
1.3322
1.33143
1.32153
1.33582
1.30977
119.824
1024.77
1027.08
1027.08
1027.08
1027.08
1027.09
1027.08
1027.08
1027.08
1027.08
1027.08
1027.08
1027.08
1027.09
1027.09
1027.09
1027.09
1027.09
1027.09
1027.09
1027.09
1027.09
1027.09
1027.09
1027.09
1027.09
1027.09
1027.09
1027.09
1027.09
1027.1
1027.1
1027.1
1027.1
1027.1
1027.1
1.1601
1.15996
1.15986
1.15983
1.15985
1.16034
1.16182
1.16434
1.16692
1.16816
1.16853
1.16875
1.16883
1.16886
1.16887
1.16889
1.1689
1.16891
1.16891
1.16891
1.16891
1.16892
1.16892
1.16892
1.16892
1.16892
1.16892
1.16892
1.16892
1.16893
1.16893
1.16893
1.16893
1.16893
1.16893
1.16893
1.16893
1.16893
1.16894
1.16895
1.16898
1.1691
1.16967
1.17134
1.17413
1.17755
1.18159
1.1869
1.19283
1.20108
1.22164
1.25319
1.26741
1.29647
1.31218
1.30778
1.31737
1.36825
1.38099
119.411
1020.4
1027.09
1027.09
1027.09
1027.1
1027.1
1027.09
1027.09
1027.1
1027.1
1027.1
1027.1
1027.1
1027.1
1027.1
1027.1
1027.1
1027.1
1027.1
1027.1
1027.1
1027.1
1027.1
1027.1
1027.1
1027.1
1027.1
1027.1
1027.1
1027.1
1027.1
1027.1
1027.1
1027.1
1027.1
1027.1
1.16021
1.16037
1.16014
1.16012
1.15979
1.1598
1.16033
1.16218
1.16588
1.16827
1.16862
1.16877
1.16882
1.16884
1.16885
1.16888
1.1689
1.1689
1.16891
1.16891
1.16891
1.16891
1.16891
1.16892
1.16892
1.16892
1.16892
1.16892
1.16892
1.16892
1.16892
1.16892
1.16892
1.16892
1.16892
1.16892
1.16893
1.16893
1.16893
1.16894
1.16896
1.16907
1.16964
1.17135
1.17421
1.17755
1.18099
1.18503
1.18958
1.19672
1.21553
1.25514
1.27381
1.29138
1.29954
1.29983
1.3701
1.42556
1.44561
58.1451
966.691
1027.09
1027.1
1027.1
1027.1
1027.1
1027.1
1027.1
1027.1
1027.1
1027.1
1027.1
1027.1
1027.1
1027.1
1027.1
1027.1
1027.1
1027.1
1027.1
1027.1
1027.1
1027.1
1027.1
1027.1
1027.1
1027.1
1027.1
1027.1
1027.1
1027.1
1027.1
1027.1
1027.1
1027.1
1027.1
1.16032
1.16065
1.1607
1.16069
1.16007
1.15993
1.15989
1.16058
1.16428
1.1682
1.16868
1.16877
1.16879
1.1688
1.16883
1.16887
1.1689
1.1689
1.16891
1.16891
1.16891
1.16891
1.16891
1.16891
1.16891
1.16892
1.16892
1.16892
1.16892
1.16892
1.16892
1.16892
1.16892
1.16892
1.16892
1.16892
1.16892
1.16892
1.16893
1.16893
1.16895
1.16907
1.16964
1.1712
1.17394
1.17724
1.18064
1.18421
1.18819
1.195
1.21322
1.25939
1.28111
1.29098
1.28833
1.33513
1.42054
1.42317
1.42295
106.113
1014.42
1027.09
1027.1
1027.1
1027.1
1027.1
1027.1
1027.1
1027.1
1027.1
1027.1
1027.1
1027.1
1027.1
1027.1
1027.1
1027.1
1027.1
1027.1
1027.1
1027.1
1027.1
1027.1
1027.1
1027.1
1027.1
1027.1
1027.1
1027.1
1027.1
1027.1
1027.1
1027.1
1027.1
1027.1
1027.1
1.16004
1.16018
1.16081
1.161
1.16023
1.16004
1.16001
1.16031
1.1631
1.16793
1.16867
1.16874
1.16876
1.16879
1.16882
1.16886
1.1689
1.16891
1.16891
1.16891
1.16891
1.16891
1.16892
1.16892
1.16892
1.16892
1.16892
1.16892
1.16892
1.16893
1.16893
1.16893
1.16893
1.16893
1.16893
1.16893
1.16893
1.16893
1.16894
1.16894
1.16896
1.16907
1.1696
1.17119
1.17401
1.17742
1.18085
1.18434
1.18871
1.19629
1.21361
1.25921
1.28568
1.29933
1.29468
1.34064
1.4152
1.50632
1.49713
85.7147
1007.67
1027.09
1027.1
1027.1
1027.1
1027.1
1027.1
1027.1
1027.1
1027.1
1027.1
1027.1
1027.1
1027.1
1027.1
1027.1
1027.1
1027.1
1027.1
1027.1
1027.1
1027.1
1027.1
1027.1
1027.1
1027.1
1027.1
1027.1
1027.1
1027.1
1027.1
1027.1
1027.1
1027.1
1027.1
1027.1
1.16165
1.16267
1.16348
1.16397
1.16446
1.16541
1.16652
1.16756
1.16846
1.16874
1.16881
1.16884
1.16887
1.16889
1.1689
1.16891
1.16891
1.16891
1.16891
1.16891
1.16892
1.16892
1.16892
1.16892
1.16892
1.16892
1.16892
1.16892
1.16893
1.16893
1.16893
1.16893
1.16893
1.16893
1.16893
1.16893
1.16893
1.16893
1.16893
1.16894
1.16895
1.16902
1.16952
1.17134
1.17575
1.18309
1.19231
1.20441
1.22102
1.24201
1.26623
1.28525
1.29564
1.30058
1.29881
1.31674
1.31772
1.33737
2.02333
60.2079
1001.5
1027.02
1027.1
1027.1
1027.1
1027.1
1027.1
1027.1
1027.1
1027.1
1027.1
1027.1
1027.1
1027.1
1027.1
1027.1
1027.1
1027.1
1027.1
1027.1
1027.1
1027.1
1027.1
1027.1
1027.1
1027.1
1027.1
1027.1
1027.1
1027.1
1027.1
1027.1
1027.1
1027.1
1027.1
1027.1
1.16067
1.16163
1.16386
1.16433
1.16489
1.16575
1.16676
1.16782
1.1684
1.16861
1.16871
1.16879
1.16884
1.16887
1.16889
1.1689
1.16891
1.16891
1.16891
1.16891
1.16891
1.16892
1.16892
1.16892
1.16892
1.16892
1.16892
1.16892
1.16893
1.16893
1.16893
1.16893
1.16893
1.16893
1.16893
1.16893
1.16893
1.16893
1.16893
1.16894
1.16898
1.16914
1.16974
1.17143
1.17545
1.18267
1.19221
1.20457
1.22008
1.23813
1.25905
1.27728
1.28447
1.28605
1.28752
1.31051
1.30704
1.33407
1.65464
75.1946
1015.46
1027.09
1027.1
1027.1
1027.1
1027.1
1027.1
1027.1
1027.1
1027.1
1027.1
1027.1
1027.1
1027.1
1027.1
1027.1
1027.1
1027.1
1027.1
1027.1
1027.1
1027.1
1027.1
1027.1
1027.1
1027.1
1027.1
1027.1
1027.1
1027.1
1027.1
1027.1
1027.1
1027.1
1027.1
1027.1
1.16035
1.16069
1.16379
1.16454
1.16516
1.1659
1.16686
1.16776
1.16822
1.16845
1.16862
1.16875
1.16883
1.16887
1.16888
1.16889
1.1689
1.1689
1.1689
1.1689
1.16891
1.16891
1.16891
1.16891
1.16891
1.16891
1.16891
1.16892
1.16892
1.16892
1.16892
1.16892
1.16892
1.16892
1.16892
1.16892
1.16892
1.16892
1.16893
1.16894
1.169
1.16924
1.16996
1.17148
1.17449
1.18091
1.19042
1.20352
1.22067
1.23762
1.25562
1.27111
1.27481
1.28197
1.29973
1.32352
1.30497
1.33767
1.51316
98.0855
1023.53
1027.09
1027.09
1027.09
1027.09
1027.09
1027.09
1027.1
1027.1
1027.1
1027.1
1027.1
1027.1
1027.1
1027.1
1027.1
1027.1
1027.1
1027.1
1027.1
1027.1
1027.1
1027.1
1027.1
1027.1
1027.1
1027.1
1027.1
1027.1
1027.1
1027.1
1027.1
1027.1
1027.1
1027.1
1027.1
1.16031
1.16036
1.16279
1.16435
1.16505
1.16587
1.16681
1.16758
1.16804
1.16835
1.16859
1.16874
1.16883
1.16887
1.16888
1.16889
1.1689
1.1689
1.1689
1.1689
1.16891
1.16891
1.16891
1.16891
1.16891
1.16891
1.16891
1.16891
1.16891
1.16891
1.16892
1.16892
1.16892
1.16892
1.16892
1.16892
1.16892
1.16892
1.16893
1.16894
1.169
1.16928
1.1701
1.17161
1.17402
1.17907
1.18788
1.20118
1.22163
1.23967
1.25513
1.26987
1.28239
1.29323
1.32049
1.32954
1.3197
1.35668
1.39813
140.558
1025.65
1027.03
1027.03
1027.04
1027.04
1027.05
1027.06
1027.08
1027.08
1027.09
1027.09
1027.09
1027.1
1027.1
1027.1
1027.1
1027.1
1027.1
1027.1
1027.1
1027.1
1027.1
1027.1
1027.1
1027.1
1027.1
1027.1
1027.1
1027.1
1027.1
1027.1
1027.1
1027.1
1027.1
1027.1
1027.1
1.16032
1.16033
1.16101
1.16386
1.16487
1.16577
1.16669
1.16737
1.16791
1.1683
1.16856
1.16873
1.16882
1.16886
1.16888
1.16889
1.1689
1.1689
1.1689
1.16891
1.16891
1.16891
1.16891
1.16891
1.16891
1.16891
1.16891
1.16891
1.16891
1.16891
1.16892
1.16892
1.16892
1.16892
1.16892
1.16892
1.16892
1.16895
1.16899
1.16901
1.16909
1.16944
1.17032
1.17197
1.17424
1.17815
1.18551
1.19949
1.22201
1.24125
1.25646
1.27486
1.30275
1.31953
1.33088
1.32869
1.33342
1.34441
1.32574
181.627
1024.38
1026.41
1026.44
1026.44
1026.43
1026.47
1026.55
1026.68
1026.79
1026.89
1026.95
1026.99
1027.02
1027.04
1027.06
1027.08
1027.09
1027.09
1027.1
1027.1
1027.1
1027.1
1027.1
1027.1
1027.1
1027.1
1027.1
1027.1
1027.1
1027.1
1027.1
1027.1
1027.1
1027.1
1027.1
1027.1
1.16033
1.1603
1.16082
1.16301
1.1646
1.16568
1.16657
1.16721
1.16783
1.16827
1.16855
1.16872
1.16881
1.16886
1.16888
1.16889
1.16889
1.1689
1.1689
1.1689
1.1689
1.16891
1.16891
1.16891
1.16891
1.16891
1.16891
1.16891
1.16891
1.16891
1.16892
1.16892
1.16892
1.16892
1.16892
1.16892
1.16893
1.16897
1.16903
1.16911
1.16924
1.16958
1.17042
1.17215
1.17491
1.17853
1.18497
1.19877
1.22418
1.24444
1.25837
1.28609
1.3089
1.32844
1.33203
1.33071
1.33219
1.33528
1.32844
216.918
1020.84
1025.03
1025.08
1024.93
1024.86
1024.85
1025.07
1025.32
1025.73
1026.23
1026.73
1026.98
1027.03
1027.04
1027.03
1027.02
1027
1026.99
1026.98
1026.98
1027
1027.02
1027.04
1027.06
1027.08
1027.09
1027.09
1027.1
1027.1
1027.1
1027.1
1027.1
1027.1
1027.1
1027.1
1027.1
1.16027
1.16011
1.16068
1.1624
1.16419
1.16554
1.16669
1.16727
1.16785
1.16825
1.16852
1.16868
1.1688
1.16885
1.16888
1.16889
1.16889
1.1689
1.1689
1.1689
1.1689
1.16891
1.16891
1.16891
1.16891
1.16892
1.16892
1.16892
1.16892
1.16892
1.16892
1.16892
1.16892
1.16892
1.16892
1.16893
1.16893
1.16894
1.16897
1.16902
1.1691
1.16938
1.17019
1.17169
1.1742
1.17862
1.18598
1.20061
1.22361
1.24323
1.26054
1.3094
1.33044
1.33788
1.33566
1.33409
1.33034
1.33201
1.31021
246.434
1015.78
1022.36
1022.53
1022.25
1022.04
1021.95
1022.05
1022.44
1023.04
1023.98
1025.18
1026.09
1026.19
1025.91
1025.74
1025.55
1025.23
1024.95
1024.76
1024.68
1024.75
1025.11
1025.5
1025.93
1026.26
1026.43
1026.48
1026.5
1026.54
1026.61
1026.69
1026.79
1026.88
1026.9
1026.98
1027.06
1.1602
1.15999
1.16043
1.16154
1.16347
1.16502
1.16626
1.16697
1.16772
1.16806
1.16829
1.16864
1.16878
1.16884
1.16887
1.16889
1.16889
1.16889
1.16889
1.1689
1.1689
1.1689
1.1689
1.1689
1.16891
1.16891
1.16891
1.16891
1.16891
1.16891
1.16891
1.16891
1.16891
1.16891
1.16891
1.16892
1.16892
1.16892
1.16893
1.16895
1.169
1.16918
1.1699
1.17147
1.17371
1.17755
1.18595
1.20138
1.22125
1.23083
1.27185
1.33125
1.33762
1.33795
1.33494
1.33255
1.33139
1.33677
1.31013
239.022
1009.48
1018.77
1018.69
1017.89
1017.41
1017.16
1017.15
1017.26
1018.15
1019.21
1020.5
1021.74
1022.19
1021.21
1020.43
1019.47
1018.4
1017.29
1016.41
1015.84
1015.66
1015.94
1016.88
1018.69
1021.18
1023.51
1024.57
1024.5
1023.72
1023.11
1022.56
1022.3
1022.44
1022.26
1024.03
1026.75
1.16011
1.15998
1.16021
1.16075
1.16233
1.16409
1.16556
1.16647
1.16743
1.16803
1.16842
1.16868
1.16877
1.16884
1.16888
1.16889
1.16889
1.16889
1.16889
1.1689
1.1689
1.1689
1.1689
1.1689
1.16891
1.16891
1.16891
1.16891
1.16891
1.16891
1.16891
1.16891
1.16891
1.16891
1.16891
1.16892
1.16892
1.16892
1.16893
1.16895
1.16899
1.16914
1.16978
1.17142
1.17419
1.17796
1.1862
1.201
1.21676
1.21735
1.25407
1.33014
1.34095
1.33548
1.32864
1.32732
1.33593
1.35286
1.36402
177.225
1010.16
1020.48
1020.29
1020.08
1019.75
1019.33
1019.11
1018.92
1018.9
1019.08
1019.32
1019.44
1019.16
1018.64
1018.05
1017.21
1016.13
1014.9
1013.58
1012.24
1011.1
1010.58
1010.67
1012.72
1015.71
1019.31
1022.25
1023.44
1022.84
1022.36
1021.89
1021.78
1023.14
1023.91
1024.79
1025.77
1.16005
1.15998
1.1601
1.16035
1.1608
1.16254
1.1646
1.16596
1.16711
1.16794
1.16841
1.16864
1.16876
1.16884
1.16887
1.16888
1.16889
1.16889
1.16889
1.1689
1.1689
1.1689
1.1689
1.1689
1.1689
1.16891
1.16891
1.16891
1.16891
1.16891
1.16891
1.16891
1.16891
1.16892
1.16892
1.16892
1.16892
1.16892
1.16894
1.16896
1.16899
1.16914
1.16976
1.17132
1.17424
1.17867
1.18635
1.19943
1.21204
1.2185
1.24088
1.32353
1.34099
1.33356
1.32261
1.32222
1.31784
1.32088
1.33106
133.52
1013.86
1023.72
1023.84
1024.24
1024.41
1024.51
1024.49
1024.46
1024.4
1024.48
1024.53
1024.59
1024.67
1024.82
1025.07
1025.25
1025.37
1025.33
1024.8
1024.28
1023.57
1022.85
1022.24
1021.88
1021.79
1022.52
1023.53
1024.6
1025.22
1025.46
1025.54
1025.51
1025.94
1026.25
1026.58
1026.82
1.15998
1.15993
1.16002
1.16005
1.15998
1.16082
1.16343
1.16527
1.16675
1.16776
1.16834
1.16861
1.16877
1.16886
1.16888
1.16889
1.16889
1.16889
1.16889
1.16889
1.1689
1.1689
1.1689
1.1689
1.1689
1.1689
1.16891
1.16891
1.16891
1.16891
1.16891
1.16891
1.16891
1.16892
1.16892
1.16892
1.16892
1.16892
1.16894
1.16896
1.169
1.16915
1.16975
1.17124
1.17393
1.17841
1.18622
1.19838
1.20966
1.21805
1.22608
1.29682
1.33799
1.33735
1.32828
1.33067
1.31828
1.31752
1.32061
103.03
1019.7
1026.36
1026.46
1026.66
1026.75
1026.84
1026.86
1026.87
1026.86
1026.89
1026.92
1026.96
1027
1027.03
1027.05
1027.06
1027.06
1027.04
1027.02
1026.99
1026.95
1026.91
1026.88
1026.87
1026.86
1026.88
1026.91
1026.93
1026.96
1026.99
1027.01
1027.03
1027.04
1027.06
1027.08
1027.09
1.15992
1.1598
1.15987
1.15983
1.15989
1.1605
1.16266
1.16493
1.1666
1.16774
1.16837
1.16867
1.16882
1.16888
1.16889
1.1689
1.1689
1.1689
1.1689
1.1689
1.16891
1.16891
1.16891
1.16891
1.16891
1.16891
1.16892
1.16892
1.16892
1.16892
1.16892
1.16892
1.16892
1.16893
1.16893
1.16893
1.16893
1.16893
1.16895
1.16897
1.169
1.16915
1.16975
1.17123
1.17382
1.17803
1.18563
1.1967
1.20691
1.21484
1.22756
1.2477
1.30876
1.33257
1.3315
1.33147
1.3257
1.31753
1.31692
92.7568
1023.31
1027.04
1027.05
1027.07
1027.08
1027.09
1027.09
1027.09
1027.09
1027.09
1027.09
1027.09
1027.09
1027.09
1027.1
1027.1
1027.1
1027.1
1027.1
1027.1
1027.1
1027.1
1027.1
1027.1
1027.1
1027.1
1027.1
1027.1
1027.1
1027.1
1027.1
1027.1
1027.1
1027.1
1027.1
1027.1
1.15991
1.15972
1.15972
1.1597
1.1598
1.16037
1.16221
1.16445
1.16667
1.16774
1.16838
1.1687
1.16885
1.16889
1.1689
1.1689
1.16891
1.16891
1.16891
1.16891
1.16891
1.16892
1.16892
1.16892
1.16892
1.16892
1.16892
1.16893
1.16893
1.16893
1.16893
1.16893
1.16893
1.16893
1.16893
1.16893
1.16893
1.16894
1.16895
1.16897
1.16901
1.16916
1.16974
1.17129
1.17391
1.17798
1.18482
1.19456
1.20271
1.20806
1.22286
1.2482
1.26513
1.29457
1.30962
1.30936
1.30855
1.33367
1.40148
92.3858
1020.45
1027.09
1027.09
1027.09
1027.09
1027.1
1027.1
1027.09
1027.09
1027.1
1027.1
1027.1
1027.1
1027.1
1027.1
1027.1
1027.1
1027.1
1027.1
1027.1
1027.1
1027.1
1027.1
1027.1
1027.1
1027.1
1027.1
1027.1
1027.1
1027.1
1027.1
1027.1
1027.1
1027.1
1027.1
1027.1
1.16
1.15988
1.15969
1.15972
1.1597
1.15971
1.16023
1.16149
1.16482
1.16792
1.16846
1.16875
1.16886
1.16891
1.16891
1.16891
1.16891
1.16891
1.16891
1.16892
1.16892
1.16892
1.16892
1.16892
1.16892
1.16892
1.16893
1.16893
1.16893
1.16893
1.16893
1.16893
1.16893
1.16893
1.16893
1.16894
1.16894
1.16894
1.16895
1.16897
1.169
1.16913
1.16971
1.17149
1.1744
1.17796
1.18323
1.19032
1.19617
1.20279
1.2179
1.2491
1.26939
1.27922
1.28381
1.2864
1.31484
1.37429
1.54454
56.59
992.416
1027.07
1027.1
1027.09
1027.09
1027.1
1027.1
1027.1
1027.1
1027.1
1027.1
1027.1
1027.1
1027.1
1027.1
1027.1
1027.1
1027.1
1027.1
1027.1
1027.1
1027.1
1027.1
1027.1
1027.1
1027.1
1027.1
1027.1
1027.1
1027.1
1027.1
1027.1
1027.1
1027.1
1027.1
1027.1
1.16014
1.16012
1.15994
1.15996
1.15993
1.15986
1.15981
1.15979
1.16177
1.16788
1.16862
1.16879
1.16885
1.16887
1.16888
1.16891
1.16891
1.16891
1.16891
1.16892
1.16892
1.16892
1.16892
1.16892
1.16892
1.16892
1.16893
1.16893
1.16893
1.16893
1.16893
1.16893
1.16893
1.16893
1.16894
1.16894
1.16894
1.16894
1.16894
1.16895
1.16897
1.16907
1.16963
1.17158
1.17474
1.17819
1.18187
1.18621
1.19152
1.19917
1.21502
1.25144
1.27738
1.28517
1.27886
1.3115
1.39643
1.42809
1.72216
89.2518
1015.71
1027.08
1027.1
1027.1
1027.1
1027.1
1027.1
1027.1
1027.1
1027.1
1027.1
1027.1
1027.1
1027.1
1027.1
1027.1
1027.1
1027.1
1027.1
1027.1
1027.1
1027.1
1027.1
1027.1
1027.1
1027.1
1027.1
1027.1
1027.1
1027.1
1027.1
1027.1
1027.1
1027.1
1027.1
1027.1
1.15986
1.16015
1.16011
1.16022
1.16016
1.16006
1.15996
1.15982
1.16014
1.1663
1.16862
1.16879
1.16882
1.16884
1.16886
1.16887
1.1689
1.16891
1.16891
1.16891
1.16892
1.16892
1.16892
1.16892
1.16892
1.16892
1.16892
1.16893
1.16893
1.16893
1.16893
1.16893
1.16893
1.16893
1.16893
1.16893
1.16893
1.16894
1.16894
1.16894
1.16896
1.16906
1.1696
1.17134
1.17441
1.17791
1.18149
1.1856
1.19092
1.19937
1.21552
1.25386
1.28291
1.29595
1.29803
1.43042
1.46802
1.46258
1.46166
129.717
1013.89
1027.09
1027.1
1027.1
1027.1
1027.1
1027.1
1027.1
1027.1
1027.1
1027.1
1027.1
1027.1
1027.1
1027.1
1027.1
1027.1
1027.1
1027.1
1027.1
1027.1
1027.1
1027.1
1027.1
1027.1
1027.1
1027.1
1027.1
1027.1
1027.1
1027.1
1027.1
1027.1
1027.1
1027.1
1027.1
1.16174
1.16257
1.1633
1.16385
1.16438
1.16535
1.16643
1.16751
1.16845
1.16877
1.16883
1.16886
1.16888
1.1689
1.16891
1.16891
1.16891
1.16891
1.16892
1.16892
1.16892
1.16892
1.16892
1.16892
1.16892
1.16893
1.16893
1.16893
1.16893
1.16893
1.16893
1.16893
1.16893
1.16893
1.16894
1.16894
1.16894
1.16894
1.16894
1.16894
1.16895
1.16898
1.16938
1.17125
1.17586
1.18282
1.19041
1.20187
1.22227
1.24712
1.26797
1.28104
1.2861
1.28864
1.2851
1.31103
1.30746
1.32347
2.43789
65.6039
993.192
1026.91
1027.09
1027.1
1027.1
1027.1
1027.1
1027.1
1027.1
1027.1
1027.1
1027.1
1027.1
1027.1
1027.1
1027.1
1027.1
1027.1
1027.1
1027.1
1027.1
1027.1
1027.1
1027.1
1027.1
1027.1
1027.1
1027.1
1027.1
1027.1
1027.1
1027.1
1027.1
1027.1
1027.1
1027.1
1.16145
1.1623
1.16342
1.16393
1.16446
1.16542
1.16649
1.16762
1.16848
1.16876
1.16882
1.16886
1.16888
1.16889
1.1689
1.16891
1.16891
1.16891
1.16892
1.16892
1.16892
1.16892
1.16892
1.16892
1.16892
1.16893
1.16893
1.16893
1.16893
1.16893
1.16893
1.16893
1.16893
1.16893
1.16893
1.16893
1.16894
1.16894
1.16894
1.16894
1.16895
1.16899
1.1694
1.17124
1.17578
1.18273
1.19064
1.20294
1.22334
1.24617
1.26523
1.27823
1.28258
1.28693
1.283
1.30373
1.30309
1.31806
1.96359
51.5631
1002.8
1027.02
1027.1
1027.1
1027.1
1027.1
1027.1
1027.1
1027.1
1027.1
1027.1
1027.1
1027.1
1027.1
1027.1
1027.1
1027.1
1027.1
1027.1
1027.1
1027.1
1027.1
1027.1
1027.1
1027.1
1027.1
1027.1
1027.1
1027.1
1027.1
1027.1
1027.1
1027.1
1027.1
1027.1
1027.1
1.16111
1.1622
1.16346
1.16411
1.16463
1.16555
1.16659
1.16769
1.16848
1.16874
1.1688
1.16884
1.16887
1.16889
1.1689
1.1689
1.16891
1.16891
1.16891
1.16891
1.16892
1.16892
1.16892
1.16892
1.16892
1.16892
1.16893
1.16893
1.16893
1.16893
1.16893
1.16893
1.16893
1.16893
1.16893
1.16893
1.16893
1.16893
1.16893
1.16894
1.16896
1.16901
1.16942
1.17114
1.17539
1.18241
1.19099
1.20377
1.22285
1.24401
1.26172
1.27453
1.27735
1.28766
1.28964
1.30591
1.30306
1.31463
1.7334
60.5235
1013.66
1027.08
1027.1
1027.1
1027.1
1027.1
1027.1
1027.1
1027.1
1027.1
1027.1
1027.1
1027.1
1027.1
1027.1
1027.1
1027.1
1027.1
1027.1
1027.1
1027.1
1027.1
1027.1
1027.1
1027.1
1027.1
1027.1
1027.1
1027.1
1027.1
1027.1
1027.1
1027.1
1027.1
1027.1
1027.1
1.16075
1.16193
1.16334
1.1641
1.16475
1.16564
1.16665
1.16769
1.16845
1.1687
1.16878
1.16883
1.16887
1.16888
1.16889
1.1689
1.16891
1.16891
1.16891
1.16891
1.16891
1.16892
1.16892
1.16892
1.16892
1.16892
1.16892
1.16892
1.16893
1.16893
1.16893
1.16893
1.16893
1.16893
1.16893
1.16893
1.16893
1.16893
1.16893
1.16894
1.16896
1.16903
1.16945
1.17102
1.17494
1.18197
1.19147
1.20472
1.22226
1.24169
1.25854
1.27093
1.27509
1.28498
1.30227
1.32336
1.31593
1.31912
1.39535
86.7978
1015.04
1027.09
1027.09
1027.09
1027.09
1027.1
1027.1
1027.1
1027.1
1027.1
1027.1
1027.1
1027.1
1027.1
1027.1
1027.1
1027.1
1027.1
1027.1
1027.1
1027.1
1027.1
1027.1
1027.1
1027.1
1027.1
1027.1
1027.1
1027.1
1027.1
1027.1
1027.1
1027.1
1027.1
1027.1
1027.1
1.16039
1.16135
1.16304
1.16402
1.16473
1.16563
1.16664
1.16767
1.16842
1.16868
1.16877
1.16883
1.16886
1.16888
1.16889
1.1689
1.16891
1.16891
1.16891
1.16891
1.16891
1.16892
1.16892
1.16892
1.16892
1.16892
1.16892
1.16892
1.16892
1.16893
1.16893
1.16893
1.16893
1.16893
1.16893
1.16893
1.16893
1.16893
1.16894
1.16895
1.16897
1.16907
1.1695
1.17104
1.17461
1.18152
1.1919
1.20576
1.22257
1.24203
1.25983
1.27301
1.28093
1.28999
1.31741
1.3363
1.32549
1.32818
1.45323
106.054
1023.66
1027.08
1027.08
1027.08
1027.09
1027.09
1027.09
1027.09
1027.09
1027.09
1027.09
1027.1
1027.1
1027.1
1027.1
1027.1
1027.1
1027.1
1027.1
1027.1
1027.1
1027.1
1027.1
1027.1
1027.1
1027.1
1027.1
1027.1
1027.1
1027.1
1027.1
1027.1
1027.1
1027.1
1027.1
1027.1
1.15999
1.16061
1.16227
1.16374
1.16465
1.16558
1.1666
1.16763
1.16838
1.16865
1.16876
1.16882
1.16886
1.16888
1.16889
1.1689
1.1689
1.16891
1.16891
1.16891
1.16891
1.16891
1.16892
1.16892
1.16892
1.16892
1.16892
1.16892
1.16892
1.16892
1.16893
1.16893
1.16893
1.16893
1.16893
1.16893
1.16893
1.16894
1.16895
1.16896
1.16899
1.1691
1.16956
1.17108
1.17453
1.18108
1.1917
1.20581
1.22267
1.24404
1.26474
1.27942
1.2872
1.28967
1.31413
1.33015
1.32453
1.32958
1.54749
104.586
1022.41
1027.06
1027.07
1027.07
1027.07
1027.08
1027.08
1027.09
1027.09
1027.09
1027.1
1027.1
1027.1
1027.1
1027.1
1027.1
1027.1
1027.1
1027.1
1027.1
1027.1
1027.1
1027.1
1027.1
1027.1
1027.1
1027.1
1027.1
1027.1
1027.1
1027.1
1027.1
1027.1
1027.1
1027.1
1027.1
1.15984
1.16006
1.16098
1.16288
1.1644
1.16546
1.16652
1.16757
1.16834
1.16864
1.16875
1.16882
1.16886
1.16888
1.16889
1.1689
1.1689
1.1689
1.16891
1.16891
1.16891
1.16891
1.16892
1.16892
1.16892
1.16892
1.16892
1.16892
1.16892
1.16892
1.16892
1.16892
1.16892
1.16892
1.16893
1.16893
1.16893
1.16894
1.16895
1.16897
1.16901
1.16913
1.16961
1.17115
1.1745
1.18064
1.19102
1.20531
1.22341
1.24617
1.26598
1.28492
1.30397
1.30662
1.31542
1.32583
1.32222
1.32793
1.50383
116.908
1022.48
1027.06
1027.08
1027.08
1027.08
1027.08
1027.08
1027.08
1027.08
1027.09
1027.09
1027.1
1027.1
1027.1
1027.1
1027.1
1027.1
1027.1
1027.1
1027.1
1027.1
1027.1
1027.1
1027.1
1027.1
1027.1
1027.1
1027.1
1027.1
1027.1
1027.1
1027.1
1027.1
1027.1
1027.1
1027.1
1.15989
1.15992
1.16011
1.16129
1.16357
1.16519
1.16638
1.16748
1.1683
1.16862
1.16874
1.16881
1.16885
1.16888
1.16889
1.1689
1.1689
1.1689
1.16891
1.16891
1.16891
1.16891
1.16891
1.16892
1.16892
1.16892
1.16892
1.16892
1.16892
1.16892
1.16892
1.16892
1.16892
1.16892
1.16892
1.16893
1.16893
1.16894
1.16895
1.16897
1.16901
1.16914
1.16967
1.17123
1.17449
1.18029
1.19026
1.20463
1.22288
1.24384
1.26016
1.30301
1.31517
1.32207
1.32488
1.33113
1.32266
1.32971
1.56805
112.108
1020.59
1026.91
1026.94
1026.9
1026.9
1026.86
1026.83
1026.83
1026.88
1026.97
1027.04
1027.08
1027.09
1027.07
1027.06
1027.04
1027.02
1027
1026.99
1026.98
1026.97
1026.99
1027.02
1027.05
1027.08
1027.1
1027.1
1027.1
1027.1
1027.1
1027.1
1027.1
1027.1
1027.1
1027.1
1027.1
1.15987
1.15989
1.15992
1.16016
1.16187
1.16442
1.1661
1.16733
1.16822
1.1686
1.16873
1.16881
1.16885
1.16888
1.16889
1.1689
1.1689
1.1689
1.1689
1.16891
1.16891
1.16891
1.16891
1.16891
1.16892
1.16892
1.16892
1.16892
1.16892
1.16892
1.16892
1.16892
1.16892
1.16892
1.16892
1.16892
1.16893
1.16893
1.16895
1.16897
1.16901
1.16915
1.16971
1.17129
1.17445
1.17998
1.18945
1.20306
1.22024
1.23758
1.24456
1.28627
1.31173
1.31866
1.3232
1.33313
1.32268
1.32791
1.60721
81.4696
1015.79
1026.63
1026.58
1026.46
1026.39
1026.36
1026.34
1026.38
1026.43
1026.51
1026.64
1026.73
1026.75
1026.69
1026.66
1026.62
1026.57
1026.51
1026.47
1026.46
1026.51
1026.6
1026.69
1026.86
1026.98
1027.06
1027.09
1027.1
1027.09
1027.1
1027.1
1027.09
1027.1
1027.1
1027.1
1027.1
1.1598
1.15986
1.15988
1.15991
1.16035
1.1627
1.16543
1.16708
1.16812
1.16858
1.16873
1.16881
1.16885
1.16888
1.16889
1.1689
1.1689
1.1689
1.1689
1.16891
1.16891
1.16891
1.16891
1.16891
1.16892
1.16892
1.16892
1.16892
1.16892
1.16892
1.16892
1.16892
1.16892
1.16892
1.16892
1.16892
1.16893
1.16893
1.16895
1.16897
1.16901
1.16916
1.16975
1.17133
1.17438
1.17972
1.18881
1.20147
1.21663
1.22962
1.23506
1.27569
1.30549
1.31268
1.31886
1.3315
1.32276
1.3277
1.50182
59.3634
1013.03
1026.49
1026.48
1026.43
1026.43
1026.44
1026.49
1026.54
1026.58
1026.62
1026.68
1026.75
1026.8
1026.81
1026.82
1026.84
1026.86
1026.87
1026.88
1026.89
1026.9
1026.91
1026.93
1026.95
1027
1027.05
1027.09
1027.1
1027.1
1027.1
1027.1
1027.1
1027.1
1027.1
1027.1
1027.1
1.15971
1.15979
1.15983
1.15985
1.1599
1.16062
1.1638
1.16651
1.16794
1.16854
1.16872
1.16881
1.16886
1.16888
1.16889
1.1689
1.1689
1.1689
1.16891
1.16891
1.16891
1.16891
1.16891
1.16892
1.16892
1.16892
1.16892
1.16892
1.16892
1.16892
1.16892
1.16892
1.16892
1.16893
1.16893
1.16893
1.16893
1.16894
1.16895
1.16897
1.16901
1.16916
1.16978
1.17135
1.17432
1.17946
1.18815
1.20027
1.21387
1.22391
1.22635
1.26439
1.29829
1.3065
1.31183
1.32569
1.32286
1.32659
1.46797
45.5265
1010.86
1026.66
1026.69
1026.73
1026.82
1026.88
1026.92
1026.95
1026.97
1026.99
1027.01
1027.03
1027.05
1027.06
1027.08
1027.09
1027.09
1027.09
1027.09
1027.09
1027.09
1027.09
1027.09
1027.1
1027.1
1027.1
1027.1
1027.1
1027.1
1027.1
1027.1
1027.1
1027.1
1027.1
1027.1
1027.1
1.15963
1.1597
1.15974
1.15978
1.15981
1.15989
1.1621
1.16554
1.16766
1.16848
1.16871
1.16881
1.16886
1.16888
1.16889
1.1689
1.1689
1.16891
1.16891
1.16891
1.16891
1.16891
1.16892
1.16892
1.16892
1.16892
1.16892
1.16892
1.16892
1.16892
1.16892
1.16893
1.16893
1.16893
1.16893
1.16893
1.16893
1.16894
1.16895
1.16897
1.16901
1.16915
1.16977
1.17133
1.17414
1.17883
1.18675
1.19806
1.21065
1.21965
1.23073
1.24671
1.27594
1.29495
1.30216
1.31677
1.31817
1.32355
1.42466
36.9433
1003.55
1026.91
1026.99
1027.03
1027.06
1027.08
1027.09
1027.09
1027.09
1027.09
1027.09
1027.09
1027.1
1027.1
1027.1
1027.1
1027.1
1027.1
1027.1
1027.1
1027.1
1027.1
1027.1
1027.1
1027.1
1027.1
1027.1
1027.1
1027.1
1027.1
1027.1
1027.1
1027.1
1027.1
1027.1
1027.1
1.15963
1.15965
1.15967
1.15969
1.15971
1.15979
1.16256
1.16548
1.16731
1.16835
1.16869
1.16881
1.16886
1.16888
1.1689
1.1689
1.1689
1.16891
1.16891
1.16891
1.16891
1.16891
1.16892
1.16892
1.16892
1.16892
1.16892
1.16892
1.16892
1.16893
1.16893
1.16893
1.16893
1.16893
1.16893
1.16893
1.16893
1.16894
1.16895
1.16897
1.16901
1.16914
1.16973
1.17117
1.17377
1.17811
1.18522
1.19594
1.20713
1.21382
1.22865
1.2446
1.25173
1.27159
1.28579
1.30745
1.30821
1.32254
1.57903
38.9219
986.57
1026.95
1027.09
1027.09
1027.09
1027.1
1027.1
1027.1
1027.1
1027.1
1027.1
1027.1
1027.1
1027.1
1027.1
1027.1
1027.1
1027.1
1027.1
1027.1
1027.1
1027.1
1027.1
1027.1
1027.1
1027.1
1027.1
1027.1
1027.1
1027.1
1027.1
1027.1
1027.1
1027.1
1027.1
1027.1
1.15967
1.15967
1.15967
1.15967
1.15968
1.15968
1.16061
1.16225
1.16519
1.16816
1.16866
1.1688
1.16886
1.16889
1.1689
1.1689
1.16891
1.16891
1.16891
1.16891
1.16892
1.16892
1.16892
1.16892
1.16892
1.16892
1.16893
1.16893
1.16893
1.16893
1.16893
1.16893
1.16893
1.16893
1.16893
1.16893
1.16893
1.16894
1.16895
1.16897
1.16901
1.16917
1.16976
1.17115
1.17354
1.17761
1.18483
1.19434
1.20206
1.21015
1.22448
1.24593
1.25745
1.26412
1.27089
1.2951
1.29867
1.31679
1.87711
46.3026
974.842
1026.75
1027.09
1027.1
1027.1
1027.1
1027.1
1027.1
1027.1
1027.1
1027.1
1027.1
1027.1
1027.1
1027.1
1027.1
1027.1
1027.1
1027.1
1027.1
1027.1
1027.1
1027.1
1027.1
1027.1
1027.1
1027.1
1027.1
1027.1
1027.1
1027.1
1027.1
1027.1
1027.1
1027.1
1027.1
1.15979
1.15978
1.15977
1.15976
1.15976
1.15975
1.15975
1.15974
1.16107
1.16796
1.16865
1.16879
1.16885
1.16888
1.1689
1.1689
1.16891
1.16891
1.16891
1.16891
1.16892
1.16892
1.16892
1.16892
1.16892
1.16892
1.16892
1.16892
1.16893
1.16893
1.16893
1.16893
1.16893
1.16893
1.16893
1.16893
1.16893
1.16893
1.16894
1.16896
1.169
1.16913
1.16974
1.17172
1.1746
1.17792
1.1827
1.18912
1.19586
1.20645
1.22175
1.24804
1.26741
1.26756
1.26922
1.28389
1.29891
1.33031
1.86146
50.2264
974.646
1026.67
1027.09
1027.1
1027.1
1027.1
1027.1
1027.1
1027.1
1027.1
1027.1
1027.1
1027.1
1027.1
1027.1
1027.1
1027.1
1027.1
1027.1
1027.1
1027.1
1027.1
1027.1
1027.1
1027.1
1027.1
1027.1
1027.1
1027.1
1027.1
1027.1
1027.1
1027.1
1027.1
1027.1
1027.1
1.1594
1.15965
1.15968
1.1597
1.15972
1.15973
1.15973
1.15972
1.15973
1.16529
1.16858
1.16879
1.16883
1.16886
1.16888
1.16889
1.16891
1.16891
1.16891
1.16892
1.16892
1.16892
1.16892
1.16892
1.16892
1.16893
1.16893
1.16893
1.16893
1.16893
1.16894
1.16894
1.16894
1.16894
1.16895
1.16895
1.16895
1.16895
1.16895
1.16895
1.16896
1.16904
1.16963
1.17176
1.17524
1.17889
1.18265
1.18735
1.1939
1.20433
1.22073
1.24923
1.27324
1.28431
1.27792
1.28555
1.34493
1.37828
1.58497
80.738
1008.12
1027.07
1027.1
1027.1
1027.1
1027.1
1027.1
1027.1
1027.1
1027.1
1027.1
1027.1
1027.1
1027.1
1027.1
1027.1
1027.1
1027.1
1027.1
1027.1
1027.1
1027.1
1027.1
1027.1
1027.1
1027.1
1027.1
1027.1
1027.1
1027.1
1027.1
1027.1
1027.1
1027.1
1027.1
1027.1
)
;

boundaryField
{
    outlet
    {
        type            calculated;
        value           nonuniform List<scalar> 
64
(
1.16248
1.16212
1.16192
1.16181
1.1617
1.16157
1.16144
1.16126
1.15862
1.15862
1.15862
1.15862
1.15862
1.15862
1.15862
1.15862
1.1619
1.16115
1.16086
1.16074
1.16066
1.16057
1.16051
1.16045
1.15862
1.15862
1.15862
1.15862
1.15862
1.15862
1.15862
1.15862
1.16165
1.16067
1.16035
1.15862
1.15862
1.15862
1.15862
1.15862
1.15862
1.15862
1.15862
1.15862
1.15862
1.15862
1.15862
1.15862
1.16174
1.16145
1.15862
1.15862
1.15862
1.15862
1.15862
1.15862
1.15862
1.15862
1.15862
1.15862
1.15862
1.15862
1.15862
1.15862
)
;
    }
    inlet
    {
        type            calculated;
        value           uniform 1.21033;
    }
    walls
    {
        type            calculated;
        value           nonuniform List<scalar> 
3903
(
1.16248
1.16248
1.16315
1.16315
1.16357
1.16357
1.16398
1.16398
1.16444
1.16444
1.16528
1.16528
1.16635
1.16635
1.16738
1.16738
1.16826
1.16826
1.16875
1.16875
1.16886
1.16886
1.16887
1.16887
1.16888
1.16888
1.16888
1.16888
1.16889
1.16889
1.16889
1.16889
1.1689
1.1689
1.1689
1.1689
1.1689
1.1689
1.1689
1.1689
1.1689
1.1689
1.1689
1.1689
1.16891
1.16891
1.16891
1.16891
1.16891
1.16891
1.16891
1.16891
1.16891
1.16891
1.16891
1.16891
1.16891
1.16891
1.16891
1.16891
1.16891
1.16891
1.16891
1.16891
1.16892
1.16892
1.16892
1.16892
1.16892
1.16892
1.16892
1.16892
1.16892
1.16892
1.16892
1.16892
1.16892
1.16892
1.16892
1.16892
1.16892
1.16892
1.169
1.169
1.16971
1.16971
1.17168
1.17168
1.17567
1.17567
1.18203
1.18203
1.19084
1.19084
1.20248
1.20248
1.21661
1.21661
1.23531
1.23531
1.26126
1.26126
1.28574
1.28574
1.30059
1.30059
1.31814
1.31814
1.32198
1.32198
1.33617
1.33617
1.33169
1.33169
1.3379
1.3379
2.53331
2.53331
71.6794
71.6794
996.863
996.863
1026.93
1026.93
1027.09
1027.09
1027.1
1027.1
1027.1
1027.1
1027.1
1027.1
1027.1
1027.1
1027.1
1027.1
1027.1
1027.1
1027.1
1027.1
1027.1
1027.1
1027.1
1027.1
1027.1
1027.1
1027.1
1027.1
1027.1
1027.1
1027.1
1027.1
1027.1
1027.1
1027.1
1027.1
1027.1
1027.1
1027.1
1027.1
1027.1
1027.1
1027.1
1027.1
1027.1
1027.1
1027.1
1027.1
1027.1
1027.1
1027.1
1027.1
1027.1
1027.1
1027.1
1027.1
1027.1
1027.1
1027.1
1027.1
1027.1
1027.1
1027.1
1027.1
1027.1
1027.1
1027.1
1027.1
1027.1
1027.1
1027.1
1027.1
1027.1
1.16212
1.16296
1.16372
1.16419
1.16487
1.16558
1.16651
1.16747
1.16831
1.16875
1.16885
1.16887
1.16888
1.16889
1.16889
1.1689
1.1689
1.16891
1.16891
1.16891
1.16891
1.16891
1.16891
1.16891
1.16891
1.16892
1.16892
1.16892
1.16892
1.16892
1.16892
1.16892
1.16892
1.16893
1.16893
1.16893
1.16893
1.16893
1.16893
1.16893
1.16894
1.16913
1.1699
1.17186
1.17566
1.18127
1.18847
1.19717
1.21076
1.2331
1.2545
1.27433
1.2942
1.32427
1.33165
1.34192
1.33167
1.35086
1.5905
83.9572
1018.62
1027.09
1027.1
1027.1
1027.1
1027.1
1027.1
1027.1
1027.1
1027.1
1027.1
1027.1
1027.1
1027.1
1027.1
1027.1
1027.1
1027.1
1027.1
1027.1
1027.1
1027.1
1027.1
1027.1
1027.1
1027.1
1027.1
1027.1
1027.1
1027.1
1027.1
1027.1
1027.1
1027.1
1027.1
1027.1
1027.1
1.16192
1.16262
1.1635
1.16415
1.16499
1.16572
1.16666
1.16752
1.16816
1.16857
1.16876
1.16882
1.16886
1.16888
1.16889
1.1689
1.1689
1.1689
1.16891
1.16891
1.16891
1.16891
1.16891
1.16891
1.16891
1.16892
1.16892
1.16892
1.16892
1.16892
1.16892
1.16892
1.16892
1.16892
1.16892
1.16892
1.16892
1.16892
1.16892
1.16893
1.16899
1.16928
1.16995
1.17145
1.17457
1.17939
1.1855
1.19322
1.20759
1.23265
1.25529
1.2755
1.30726
1.33634
1.33608
1.34271
1.3215
1.36808
1.30976
110.77
1020.36
1027.05
1027.06
1027.06
1027.06
1027.06
1027.06
1027.07
1027.08
1027.09
1027.09
1027.1
1027.1
1027.1
1027.1
1027.1
1027.1
1027.1
1027.1
1027.1
1027.1
1027.1
1027.1
1027.1
1027.1
1027.1
1027.1
1027.1
1027.1
1027.1
1027.1
1027.1
1027.1
1027.1
1027.1
1027.1
1027.1
1.16181
1.16232
1.16318
1.16377
1.16473
1.1656
1.16667
1.1674
1.16803
1.16847
1.16869
1.16879
1.16885
1.16887
1.16888
1.16889
1.1689
1.1689
1.1689
1.1689
1.1689
1.16891
1.16891
1.16891
1.16891
1.16891
1.16891
1.16891
1.16891
1.16892
1.16892
1.16892
1.16892
1.16892
1.16892
1.16892
1.16892
1.16892
1.16892
1.16894
1.16903
1.16935
1.17003
1.17136
1.17385
1.17783
1.18311
1.19157
1.20696
1.232
1.25303
1.28297
1.32382
1.3395
1.33572
1.34109
1.32513
1.36844
1.3185
121.07
1006.9
1026.07
1026.1
1026.13
1026.03
1025.95
1025.9
1026.05
1026.33
1026.58
1026.78
1026.92
1027.01
1027.05
1027.07
1027.08
1027.09
1027.09
1027.1
1027.1
1027.1
1027.1
1027.1
1027.1
1027.1
1027.1
1027.1
1027.1
1027.1
1027.1
1027.1
1027.1
1027.1
1027.1
1027.1
1027.1
1027.1
1.1617
1.16207
1.16285
1.1634
1.16434
1.16512
1.16641
1.16731
1.16792
1.16838
1.16864
1.16878
1.16884
1.16887
1.16889
1.1689
1.1689
1.1689
1.16891
1.16891
1.16891
1.16891
1.16891
1.16891
1.16891
1.16891
1.16892
1.16892
1.16892
1.16892
1.16892
1.16892
1.16892
1.16892
1.16892
1.16892
1.16892
1.16892
1.16893
1.16895
1.16906
1.16935
1.17004
1.17144
1.17383
1.17744
1.18265
1.1922
1.20856
1.23146
1.25394
1.30841
1.33648
1.33855
1.33381
1.34169
1.33809
1.36246
1.32477
138.829
997.455
1021.8
1021.26
1021.09
1020.79
1020.44
1020.28
1020.54
1021.64
1022.6
1023.6
1024.4
1025.1
1025.63
1026.03
1026.33
1026.57
1026.75
1026.88
1026.98
1027.04
1027.08
1027.09
1027.1
1027.1
1027.1
1027.1
1027.1
1027.1
1027.1
1027.1
1027.1
1027.1
1027.1
1027.1
1027.1
1027.1
1.16157
1.1619
1.16252
1.16301
1.16401
1.16474
1.16587
1.16718
1.16781
1.16829
1.16858
1.16876
1.16883
1.16887
1.16888
1.16889
1.1689
1.1689
1.1689
1.1689
1.1689
1.1689
1.16891
1.16891
1.16891
1.16891
1.16891
1.16891
1.16891
1.16891
1.16892
1.16892
1.16892
1.16892
1.16892
1.16892
1.16892
1.16892
1.16892
1.16895
1.16905
1.16929
1.16993
1.17128
1.17365
1.17733
1.1834
1.19427
1.21093
1.22868
1.26832
1.3301
1.33859
1.33477
1.33158
1.33266
1.32451
1.38813
1.30976
200.909
1003.07
1016.03
1014.97
1014.56
1014.16
1013.67
1013.57
1013.62
1014.58
1015.61
1016.75
1017.85
1018.88
1019.9
1020.8
1021.66
1022.49
1023.29
1024.08
1024.81
1025.5
1026.07
1026.49
1026.76
1026.93
1027.03
1027.07
1027.09
1027.1
1027.1
1027.1
1027.1
1027.1
1027.1
1027.1
1027.1
1027.1
1.16144
1.16176
1.16226
1.16266
1.16371
1.1645
1.16548
1.16692
1.16768
1.16821
1.16853
1.16874
1.16883
1.16887
1.16888
1.16889
1.1689
1.1689
1.1689
1.16891
1.16891
1.16891
1.16891
1.16891
1.16891
1.16891
1.16891
1.16891
1.16891
1.16892
1.16892
1.16892
1.16892
1.16892
1.16892
1.16892
1.16892
1.16892
1.16892
1.16895
1.16903
1.16923
1.16981
1.17109
1.17344
1.17753
1.18457
1.19626
1.21217
1.22778
1.28762
1.33699
1.33845
1.33402
1.33079
1.32972
1.32095
1.39852
1.66406
181.945
994.602
1012.39
1011.52
1011.42
1011.43
1011.14
1011.14
1011.13
1011.19
1011.62
1012
1012.45
1012.86
1013.38
1014.1
1014.84
1015.65
1016.59
1017.54
1018.52
1019.47
1020.33
1021.16
1022.03
1022.96
1023.92
1024.87
1025.7
1026.38
1026.74
1026.84
1026.85
1026.89
1026.95
1027.03
1027.1
1027.1
1.16126
1.16164
1.16206
1.16241
1.16347
1.16435
1.16543
1.16651
1.16748
1.16814
1.16851
1.16873
1.16883
1.16887
1.16888
1.16889
1.1689
1.1689
1.1689
1.16891
1.16891
1.16891
1.16891
1.16891
1.16891
1.16892
1.16892
1.16892
1.16892
1.16892
1.16892
1.16892
1.16892
1.16892
1.16892
1.16892
1.16892
1.16893
1.16893
1.16894
1.169
1.16915
1.16971
1.17107
1.17355
1.17782
1.18535
1.19665
1.20876
1.22207
1.29307
1.33704
1.33741
1.33319
1.32941
1.32686
1.32103
1.47871
2.32329
147.879
990.09
1014.74
1014.2
1014.38
1014.4
1014.45
1013.84
1013.45
1012.79
1012.14
1011.54
1011.19
1011.1
1010.95
1011.37
1011.94
1012.72
1013.67
1014.66
1015.52
1016.02
1016.1
1015.61
1015.14
1014.55
1014.05
1013.73
1013.58
1014.4
1015.15
1016.47
1018.11
1019.99
1021.9
1025.16
1027.1
1027.1
1.161
1.16149
1.16185
1.1622
1.16324
1.16425
1.16551
1.16606
1.16724
1.16806
1.16849
1.16871
1.16882
1.16886
1.16887
1.16889
1.16889
1.1689
1.1689
1.1689
1.1689
1.1689
1.16891
1.16891
1.16891
1.16891
1.16891
1.16891
1.16891
1.16892
1.16892
1.16892
1.16892
1.16892
1.16892
1.16892
1.16892
1.16892
1.16893
1.16894
1.16897
1.1691
1.16967
1.1711
1.17368
1.17821
1.18575
1.19515
1.20359
1.21544
1.27284
1.33426
1.33756
1.33097
1.32389
1.32245
1.31788
1.33961
1.75124
94.4793
993.395
1022.32
1022.52
1022.84
1022.84
1023.29
1022.9
1022.54
1021.99
1021.39
1020.9
1020.51
1020.27
1020.14
1020.1
1020.4
1020.65
1020.98
1021.39
1021.9
1022.45
1022.9
1023.02
1022.84
1022.66
1022.55
1022.5
1022.78
1023.53
1024.06
1024.75
1025.47
1026.35
1026.89
1027.1
1027.09
1027.09
1.16076
1.16115
1.16149
1.16187
1.16293
1.1641
1.16554
1.16617
1.16719
1.16807
1.1685
1.16871
1.16881
1.16886
1.16888
1.16889
1.1689
1.1689
1.1689
1.1689
1.16891
1.16891
1.16891
1.16891
1.16891
1.16891
1.16891
1.16892
1.16892
1.16892
1.16892
1.16892
1.16892
1.16892
1.16892
1.16892
1.16892
1.16892
1.16893
1.16893
1.16895
1.16906
1.16963
1.17105
1.17363
1.17834
1.18573
1.19352
1.20084
1.21295
1.26184
1.32834
1.33738
1.33305
1.32392
1.3241
1.31782
1.32043
1.48938
62.1663
1000.32
1026.08
1026.19
1026.22
1026.21
1026.28
1026.16
1026.03
1025.86
1025.66
1025.52
1025.46
1025.44
1025.42
1025.46
1025.52
1025.57
1025.6
1025.65
1025.69
1025.73
1025.84
1025.95
1025.99
1025.94
1025.92
1025.94
1026.14
1026.26
1026.68
1026.88
1027.01
1027.1
1027.09
1027.1
1027.1
1027.1
1.16053
1.16083
1.16108
1.16144
1.16251
1.16383
1.16558
1.16672
1.16719
1.16807
1.16852
1.16872
1.1688
1.16885
1.16887
1.16889
1.16889
1.1689
1.1689
1.1689
1.1689
1.16891
1.16891
1.16891
1.16891
1.16891
1.16891
1.16892
1.16892
1.16892
1.16892
1.16892
1.16892
1.16892
1.16892
1.16892
1.16892
1.16892
1.16893
1.16893
1.16894
1.16906
1.16966
1.17101
1.17333
1.17791
1.18511
1.1921
1.19886
1.213
1.25061
1.31291
1.33527
1.33559
1.32717
1.32772
1.32123
1.32358
1.40207
47.3285
1002.84
1026.96
1027.01
1027.01
1027.01
1027.02
1027.01
1026.99
1026.97
1026.94
1026.93
1026.92
1026.93
1026.94
1026.95
1026.97
1026.98
1026.99
1027
1027
1026.99
1026.99
1026.99
1027
1027
1027
1026.99
1027.01
1027.02
1027.04
1027.07
1027.09
1027.1
1027.1
1027.1
1027.1
1027.1
1.16041
1.16059
1.16068
1.16088
1.16177
1.16306
1.16503
1.16659
1.1673
1.16809
1.16857
1.16874
1.1688
1.16884
1.16886
1.16888
1.16889
1.1689
1.1689
1.1689
1.1689
1.16891
1.16891
1.16891
1.16891
1.16891
1.16891
1.16892
1.16892
1.16892
1.16892
1.16892
1.16892
1.16892
1.16892
1.16893
1.16893
1.16893
1.16893
1.16893
1.16894
1.16909
1.16976
1.17115
1.17336
1.17716
1.18369
1.1902
1.19631
1.21259
1.24003
1.28974
1.32539
1.33493
1.33143
1.33054
1.32312
1.32675
1.36412
39.708
1001.9
1027.05
1027.09
1027.09
1027.09
1027.09
1027.09
1027.09
1027.09
1027.09
1027.09
1027.09
1027.09
1027.09
1027.09
1027.09
1027.1
1027.1
1027.1
1027.1
1027.1
1027.1
1027.1
1027.1
1027.1
1027.09
1027.09
1027.09
1027.09
1027.09
1027.1
1027.1
1027.1
1027.1
1027.1
1027.1
1027.1
1.1603
1.16049
1.16048
1.16052
1.16102
1.16198
1.1638
1.16581
1.16746
1.16813
1.16862
1.16877
1.16882
1.16885
1.16886
1.16888
1.1689
1.1689
1.16891
1.16891
1.16891
1.16891
1.16891
1.16891
1.16892
1.16892
1.16892
1.16892
1.16892
1.16892
1.16892
1.16892
1.16892
1.16892
1.16893
1.16893
1.16893
1.16893
1.16893
1.16893
1.16895
1.16911
1.1698
1.17133
1.17359
1.17694
1.18195
1.18764
1.19361
1.2097
1.23228
1.26347
1.30396
1.32956
1.32956
1.32888
1.32163
1.32929
1.54392
41.9083
985.047
1026.99
1027.1
1027.09
1027.1
1027.1
1027.1
1027.1
1027.1
1027.1
1027.1
1027.1
1027.1
1027.1
1027.1
1027.1
1027.1
1027.1
1027.1
1027.1
1027.1
1027.1
1027.1
1027.1
1027.1
1027.1
1027.1
1027.1
1027.1
1027.1
1027.1
1027.1
1027.1
1027.1
1027.1
1027.1
1027.1
1.1603
1.16052
1.16046
1.16046
1.16062
1.16127
1.16267
1.16476
1.1672
1.16825
1.16866
1.16877
1.16881
1.16884
1.16886
1.16888
1.16891
1.16891
1.16891
1.16891
1.16891
1.16891
1.16892
1.16892
1.16892
1.16892
1.16892
1.16892
1.16892
1.16892
1.16892
1.16892
1.16893
1.16893
1.16893
1.16893
1.16893
1.16893
1.16893
1.16894
1.16895
1.1691
1.16979
1.17136
1.17383
1.17698
1.18074
1.18532
1.19103
1.20362
1.22428
1.25813
1.28402
1.31379
1.32129
1.32045
1.31487
1.32351
1.62496
36.6326
977.176
1026.84
1027.09
1027.1
1027.1
1027.1
1027.1
1027.1
1027.1
1027.1
1027.1
1027.1
1027.1
1027.1
1027.1
1027.1
1027.1
1027.1
1027.1
1027.1
1027.1
1027.1
1027.1
1027.1
1027.1
1027.1
1027.1
1027.1
1027.1
1027.1
1027.1
1027.1
1027.1
1027.1
1027.1
1027.1
1027.1
1.16034
1.16078
1.16083
1.16079
1.16071
1.1611
1.16195
1.16364
1.16664
1.16833
1.16865
1.16875
1.16879
1.16882
1.16885
1.16887
1.1689
1.16891
1.16891
1.16891
1.16891
1.16891
1.16891
1.16892
1.16892
1.16892
1.16892
1.16892
1.16892
1.16892
1.16892
1.16892
1.16892
1.16892
1.16893
1.16893
1.16893
1.16893
1.16893
1.16894
1.16895
1.1691
1.16975
1.17134
1.17387
1.17699
1.1803
1.18376
1.18811
1.19629
1.21878
1.26533
1.28159
1.29871
1.30197
1.30289
1.31809
1.34561
1.49211
45.4659
987.336
1026.94
1027.1
1027.1
1027.1
1027.1
1027.1
1027.1
1027.1
1027.1
1027.1
1027.1
1027.1
1027.1
1027.1
1027.1
1027.1
1027.1
1027.1
1027.1
1027.1
1027.1
1027.1
1027.1
1027.1
1027.1
1027.1
1027.1
1027.1
1027.1
1027.1
1027.1
1027.1
1027.1
1027.1
1027.1
1027.1
1.16007
1.16007
1.16016
1.16016
1.16098
1.16098
1.16129
1.16129
1.16128
1.16128
1.16137
1.16137
1.16202
1.16202
1.16331
1.16331
1.16619
1.16619
1.16831
1.16831
1.16863
1.16863
1.16872
1.16872
1.16876
1.16876
1.16881
1.16881
1.16884
1.16884
1.16888
1.16888
1.16891
1.16891
1.16891
1.16891
1.16891
1.16891
1.16892
1.16892
1.16892
1.16892
1.16892
1.16892
1.16892
1.16892
1.16892
1.16892
1.16892
1.16892
1.16893
1.16893
1.16893
1.16893
1.16893
1.16893
1.16893
1.16893
1.16893
1.16893
1.16893
1.16893
1.16893
1.16893
1.16893
1.16893
1.16893
1.16893
1.16893
1.16893
1.16893
1.16893
1.16894
1.16894
1.16894
1.16894
1.16894
1.16894
1.16894
1.16894
1.16896
1.16896
1.16908
1.16908
1.16967
1.16967
1.1713
1.1713
1.17409
1.17409
1.17741
1.17741
1.18069
1.18069
1.18393
1.18393
1.18794
1.18794
1.19566
1.19566
1.21592
1.21592
1.2636
1.2636
1.28549
1.28549
1.29779
1.29779
1.29546
1.29546
1.30081
1.30081
1.32667
1.32667
1.39248
1.39248
1.77637
1.77637
51.6791
51.6791
992.308
992.308
1026.94
1026.94
1027.1
1027.1
1027.1
1027.1
1027.1
1027.1
1027.1
1027.1
1027.1
1027.1
1027.1
1027.1
1027.1
1027.1
1027.1
1027.1
1027.1
1027.1
1027.1
1027.1
1027.1
1027.1
1027.1
1027.1
1027.1
1027.1
1027.1
1027.1
1027.1
1027.1
1027.1
1027.1
1027.1
1027.1
1027.1
1027.1
1027.1
1027.1
1027.1
1027.1
1027.1
1027.1
1027.1
1027.1
1027.1
1027.1
1027.1
1027.1
1027.1
1027.1
1027.1
1027.1
1027.1
1027.1
1027.1
1027.1
1027.1
1027.1
1027.1
1027.1
1027.1
1027.1
1027.1
1027.1
1027.1
1027.1
1027.1
1027.1
1027.1
1.1619
1.16298
1.16359
1.16404
1.16452
1.16548
1.16658
1.16759
1.16839
1.16872
1.1688
1.16884
1.16887
1.16889
1.1689
1.16891
1.16892
1.16892
1.16892
1.16892
1.16892
1.16892
1.16892
1.16893
1.16893
1.16893
1.16893
1.16893
1.16893
1.16893
1.16894
1.16894
1.16894
1.16894
1.16894
1.16894
1.16894
1.16894
1.16894
1.16894
1.16896
1.16906
1.16968
1.17159
1.17581
1.18285
1.19232
1.20396
1.21769
1.23612
1.2617
1.28553
1.30015
1.31157
1.31439
1.32885
1.32696
1.33999
1.99992
72.1358
1003.49
1027.05
1027.1
1027.1
1027.1
1027.1
1027.1
1027.1
1027.1
1027.1
1027.1
1027.1
1027.1
1027.1
1027.1
1027.1
1027.1
1027.1
1027.1
1027.1
1027.1
1027.1
1027.1
1027.1
1027.1
1027.1
1027.1
1027.1
1027.1
1027.1
1027.1
1027.1
1027.1
1027.1
1027.1
1027.1
1027.1
1027.1
1027.1
1027.1
1027.1
1027.1
1024.46
956.206
1024.73
1027.09
1027.1
1027.1
1027.1
1027.1
1.16004
1.16018
1.16081
1.161
1.16023
1.16004
1.16001
1.16031
1.1631
1.16793
1.16867
1.16874
1.16876
1.16879
1.16882
1.16886
1.1689
1.16891
1.16891
1.16891
1.16891
1.16891
1.16892
1.16892
1.16892
1.16892
1.16892
1.16892
1.16892
1.16893
1.16893
1.16893
1.16893
1.16893
1.16893
1.16893
1.16893
1.16893
1.16894
1.16894
1.16896
1.16907
1.1696
1.17119
1.17401
1.17742
1.18085
1.18434
1.18871
1.19629
1.21361
1.25921
1.28568
1.29933
1.29468
1.34064
1.4152
1.50632
1.49713
85.7147
1007.67
1027.09
1027.1
1027.1
1027.1
1027.1
1027.1
1027.1
1027.1
1027.1
1027.1
1027.1
1027.1
1027.1
1027.1
1027.1
1027.1
1027.1
1027.1
1027.1
1027.1
1027.1
1027.1
1027.1
1027.1
1027.1
1027.1
1027.1
1027.1
1027.1
1027.1
1027.1
1027.1
1027.1
1027.1
1027.1
1027.1
1.16165
1.16267
1.16348
1.16397
1.16446
1.16541
1.16652
1.16756
1.16846
1.16874
1.16881
1.16884
1.16887
1.16889
1.1689
1.16891
1.16891
1.16891
1.16891
1.16891
1.16892
1.16892
1.16892
1.16892
1.16892
1.16892
1.16892
1.16892
1.16893
1.16893
1.16893
1.16893
1.16893
1.16893
1.16893
1.16893
1.16893
1.16893
1.16893
1.16894
1.16895
1.16902
1.16952
1.17134
1.17575
1.18309
1.19231
1.20441
1.22102
1.24201
1.26623
1.28525
1.29564
1.30058
1.29881
1.31674
1.31772
1.33737
2.02333
60.2079
1001.5
1027.02
1027.1
1027.1
1027.1
1027.1
1027.1
1027.1
1027.1
1027.1
1027.1
1027.1
1027.1
1027.1
1027.1
1027.1
1027.1
1027.1
1027.1
1027.1
1027.1
1027.1
1027.1
1027.1
1027.1
1027.1
1027.1
1027.1
1027.1
1027.1
1027.1
1027.1
1027.1
1027.1
1027.1
1027.1
1027.1
1027.1
1027.1
1027.1
1027.1
1027.1
1027.06
1026.75
1025.77
1026.82
1027.09
1027.1
1027.1
1027.1
1027.1
1.15986
1.16015
1.16011
1.16022
1.16016
1.16006
1.15996
1.15982
1.16014
1.1663
1.16862
1.16879
1.16882
1.16884
1.16886
1.16887
1.1689
1.16891
1.16891
1.16891
1.16892
1.16892
1.16892
1.16892
1.16892
1.16892
1.16892
1.16893
1.16893
1.16893
1.16893
1.16893
1.16893
1.16893
1.16893
1.16893
1.16893
1.16894
1.16894
1.16894
1.16896
1.16906
1.1696
1.17134
1.17441
1.17791
1.18149
1.1856
1.19092
1.19937
1.21552
1.25386
1.28291
1.29595
1.29803
1.43042
1.46802
1.46258
1.46166
129.717
1013.89
1027.09
1027.1
1027.1
1027.1
1027.1
1027.1
1027.1
1027.1
1027.1
1027.1
1027.1
1027.1
1027.1
1027.1
1027.1
1027.1
1027.1
1027.1
1027.1
1027.1
1027.1
1027.1
1027.1
1027.1
1027.1
1027.1
1027.1
1027.1
1027.1
1027.1
1027.1
1027.1
1027.1
1027.1
1027.1
1027.1
1.16174
1.16174
1.16257
1.16257
1.1633
1.1633
1.16385
1.16385
1.16438
1.16438
1.16535
1.16535
1.16643
1.16643
1.16751
1.16751
1.16845
1.16845
1.16877
1.16877
1.16883
1.16883
1.16886
1.16886
1.16888
1.16888
1.1689
1.1689
1.16891
1.16891
1.16891
1.16891
1.16891
1.16891
1.16891
1.16891
1.16892
1.16892
1.16892
1.16892
1.16892
1.16892
1.16892
1.16892
1.16892
1.16892
1.16892
1.16892
1.16892
1.16892
1.16893
1.16893
1.16893
1.16893
1.16893
1.16893
1.16893
1.16893
1.16893
1.16893
1.16893
1.16893
1.16893
1.16893
1.16893
1.16893
1.16893
1.16893
1.16894
1.16894
1.16894
1.16894
1.16894
1.16894
1.16894
1.16894
1.16894
1.16894
1.16894
1.16894
1.16895
1.16895
1.16898
1.16898
1.16938
1.16938
1.17125
1.17125
1.17586
1.17586
1.18282
1.18282
1.19041
1.19041
1.20187
1.20187
1.22227
1.22227
1.24712
1.24712
1.26797
1.26797
1.28104
1.28104
1.2861
1.2861
1.28864
1.28864
1.2851
1.2851
1.31103
1.31103
1.30746
1.30746
1.32347
1.32347
2.43789
2.43789
65.6039
65.6039
993.192
993.192
1026.91
1026.91
1027.09
1027.09
1027.1
1027.1
1027.1
1027.1
1027.1
1027.1
1027.1
1027.1
1027.1
1027.1
1027.1
1027.1
1027.1
1027.1
1027.1
1027.1
1027.1
1027.1
1027.1
1027.1
1027.1
1027.1
1027.1
1027.1
1027.1
1027.1
1027.1
1027.1
1027.1
1027.1
1027.1
1027.1
1027.1
1027.1
1027.1
1027.1
1027.1
1027.1
1027.1
1027.1
1027.1
1027.1
1027.1
1027.1
1027.1
1027.1
1027.1
1027.1
1027.1
1027.1
1027.1
1027.1
1027.1
1027.1
1027.1
1027.1
1027.1
1027.1
1027.1
1027.1
1027.1
1027.1
1027.1
1027.1
1027.1
1027.1
1027.1
1.16145
1.1623
1.16342
1.16393
1.16446
1.16542
1.16649
1.16762
1.16848
1.16876
1.16882
1.16886
1.16888
1.16889
1.1689
1.16891
1.16891
1.16891
1.16892
1.16892
1.16892
1.16892
1.16892
1.16892
1.16892
1.16893
1.16893
1.16893
1.16893
1.16893
1.16893
1.16893
1.16893
1.16893
1.16893
1.16893
1.16894
1.16894
1.16894
1.16894
1.16895
1.16899
1.1694
1.17124
1.17578
1.18273
1.19064
1.20294
1.22334
1.24617
1.26523
1.27823
1.28258
1.28693
1.283
1.30373
1.30309
1.31806
1.96359
51.5631
1002.8
1027.02
1027.1
1027.1
1027.1
1027.1
1027.1
1027.1
1027.1
1027.1
1027.1
1027.1
1027.1
1027.1
1027.1
1027.1
1027.1
1027.1
1027.1
1027.1
1027.1
1027.1
1027.1
1027.1
1027.1
1027.1
1027.1
1027.1
1027.1
1027.1
1027.1
1027.1
1027.1
1027.1
1027.1
1027.1
1027.1
1.16111
1.1622
1.16346
1.16411
1.16463
1.16555
1.16659
1.16769
1.16848
1.16874
1.1688
1.16884
1.16887
1.16889
1.1689
1.1689
1.16891
1.16891
1.16891
1.16891
1.16892
1.16892
1.16892
1.16892
1.16892
1.16892
1.16893
1.16893
1.16893
1.16893
1.16893
1.16893
1.16893
1.16893
1.16893
1.16893
1.16893
1.16893
1.16893
1.16894
1.16896
1.16901
1.16942
1.17114
1.17539
1.18241
1.19099
1.20377
1.22285
1.24401
1.26172
1.27453
1.27735
1.28766
1.28964
1.30591
1.30306
1.31463
1.7334
60.5235
1013.66
1027.08
1027.1
1027.1
1027.1
1027.1
1027.1
1027.1
1027.1
1027.1
1027.1
1027.1
1027.1
1027.1
1027.1
1027.1
1027.1
1027.1
1027.1
1027.1
1027.1
1027.1
1027.1
1027.1
1027.1
1027.1
1027.1
1027.1
1027.1
1027.1
1027.1
1027.1
1027.1
1027.1
1027.1
1027.1
1027.1
1.16075
1.16193
1.16334
1.1641
1.16475
1.16564
1.16665
1.16769
1.16845
1.1687
1.16878
1.16883
1.16887
1.16888
1.16889
1.1689
1.16891
1.16891
1.16891
1.16891
1.16891
1.16892
1.16892
1.16892
1.16892
1.16892
1.16892
1.16892
1.16893
1.16893
1.16893
1.16893
1.16893
1.16893
1.16893
1.16893
1.16893
1.16893
1.16893
1.16894
1.16896
1.16903
1.16945
1.17102
1.17494
1.18197
1.19147
1.20472
1.22226
1.24169
1.25854
1.27093
1.27509
1.28498
1.30227
1.32336
1.31593
1.31912
1.39535
86.7978
1015.04
1027.09
1027.09
1027.09
1027.09
1027.1
1027.1
1027.1
1027.1
1027.1
1027.1
1027.1
1027.1
1027.1
1027.1
1027.1
1027.1
1027.1
1027.1
1027.1
1027.1
1027.1
1027.1
1027.1
1027.1
1027.1
1027.1
1027.1
1027.1
1027.1
1027.1
1027.1
1027.1
1027.1
1027.1
1027.1
1027.1
1.16039
1.16135
1.16304
1.16402
1.16473
1.16563
1.16664
1.16767
1.16842
1.16868
1.16877
1.16883
1.16886
1.16888
1.16889
1.1689
1.16891
1.16891
1.16891
1.16891
1.16891
1.16892
1.16892
1.16892
1.16892
1.16892
1.16892
1.16892
1.16892
1.16893
1.16893
1.16893
1.16893
1.16893
1.16893
1.16893
1.16893
1.16893
1.16894
1.16895
1.16897
1.16907
1.1695
1.17104
1.17461
1.18152
1.1919
1.20576
1.22257
1.24203
1.25983
1.27301
1.28093
1.28999
1.31741
1.3363
1.32549
1.32818
1.45323
106.054
1023.66
1027.08
1027.08
1027.08
1027.09
1027.09
1027.09
1027.09
1027.09
1027.09
1027.09
1027.1
1027.1
1027.1
1027.1
1027.1
1027.1
1027.1
1027.1
1027.1
1027.1
1027.1
1027.1
1027.1
1027.1
1027.1
1027.1
1027.1
1027.1
1027.1
1027.1
1027.1
1027.1
1027.1
1027.1
1027.1
1027.1
1.15999
1.16061
1.16227
1.16374
1.16465
1.16558
1.1666
1.16763
1.16838
1.16865
1.16876
1.16882
1.16886
1.16888
1.16889
1.1689
1.1689
1.16891
1.16891
1.16891
1.16891
1.16891
1.16892
1.16892
1.16892
1.16892
1.16892
1.16892
1.16892
1.16892
1.16893
1.16893
1.16893
1.16893
1.16893
1.16893
1.16893
1.16894
1.16895
1.16896
1.16899
1.1691
1.16956
1.17108
1.17453
1.18108
1.1917
1.20581
1.22267
1.24404
1.26474
1.27942
1.2872
1.28967
1.31413
1.33015
1.32453
1.32958
1.54749
104.586
1022.41
1027.06
1027.07
1027.07
1027.07
1027.08
1027.08
1027.09
1027.09
1027.09
1027.1
1027.1
1027.1
1027.1
1027.1
1027.1
1027.1
1027.1
1027.1
1027.1
1027.1
1027.1
1027.1
1027.1
1027.1
1027.1
1027.1
1027.1
1027.1
1027.1
1027.1
1027.1
1027.1
1027.1
1027.1
1027.1
1027.1
1.15984
1.16006
1.16098
1.16288
1.1644
1.16546
1.16652
1.16757
1.16834
1.16864
1.16875
1.16882
1.16886
1.16888
1.16889
1.1689
1.1689
1.1689
1.16891
1.16891
1.16891
1.16891
1.16892
1.16892
1.16892
1.16892
1.16892
1.16892
1.16892
1.16892
1.16892
1.16892
1.16892
1.16892
1.16893
1.16893
1.16893
1.16894
1.16895
1.16897
1.16901
1.16913
1.16961
1.17115
1.1745
1.18064
1.19102
1.20531
1.22341
1.24617
1.26598
1.28492
1.30397
1.30662
1.31542
1.32583
1.32222
1.32793
1.50383
116.908
1022.48
1027.06
1027.08
1027.08
1027.08
1027.08
1027.08
1027.08
1027.08
1027.09
1027.09
1027.1
1027.1
1027.1
1027.1
1027.1
1027.1
1027.1
1027.1
1027.1
1027.1
1027.1
1027.1
1027.1
1027.1
1027.1
1027.1
1027.1
1027.1
1027.1
1027.1
1027.1
1027.1
1027.1
1027.1
1027.1
1027.1
1.15989
1.15992
1.16011
1.16129
1.16357
1.16519
1.16638
1.16748
1.1683
1.16862
1.16874
1.16881
1.16885
1.16888
1.16889
1.1689
1.1689
1.1689
1.16891
1.16891
1.16891
1.16891
1.16891
1.16892
1.16892
1.16892
1.16892
1.16892
1.16892
1.16892
1.16892
1.16892
1.16892
1.16892
1.16892
1.16893
1.16893
1.16894
1.16895
1.16897
1.16901
1.16914
1.16967
1.17123
1.17449
1.18029
1.19026
1.20463
1.22288
1.24384
1.26016
1.30301
1.31517
1.32207
1.32488
1.33113
1.32266
1.32971
1.56805
112.108
1020.59
1026.91
1026.94
1026.9
1026.9
1026.86
1026.83
1026.83
1026.88
1026.97
1027.04
1027.08
1027.09
1027.07
1027.06
1027.04
1027.02
1027
1026.99
1026.98
1026.97
1026.99
1027.02
1027.05
1027.08
1027.1
1027.1
1027.1
1027.1
1027.1
1027.1
1027.1
1027.1
1027.1
1027.1
1027.1
1027.1
1.15987
1.15989
1.15992
1.16016
1.16187
1.16442
1.1661
1.16733
1.16822
1.1686
1.16873
1.16881
1.16885
1.16888
1.16889
1.1689
1.1689
1.1689
1.1689
1.16891
1.16891
1.16891
1.16891
1.16891
1.16892
1.16892
1.16892
1.16892
1.16892
1.16892
1.16892
1.16892
1.16892
1.16892
1.16892
1.16892
1.16893
1.16893
1.16895
1.16897
1.16901
1.16915
1.16971
1.17129
1.17445
1.17998
1.18945
1.20306
1.22024
1.23758
1.24456
1.28627
1.31173
1.31866
1.3232
1.33313
1.32268
1.32791
1.60721
81.4696
1015.79
1026.63
1026.58
1026.46
1026.39
1026.36
1026.34
1026.38
1026.43
1026.51
1026.64
1026.73
1026.75
1026.69
1026.66
1026.62
1026.57
1026.51
1026.47
1026.46
1026.51
1026.6
1026.69
1026.86
1026.98
1027.06
1027.09
1027.1
1027.09
1027.1
1027.1
1027.09
1027.1
1027.1
1027.1
1027.1
1027.1
1.1598
1.15986
1.15988
1.15991
1.16035
1.1627
1.16543
1.16708
1.16812
1.16858
1.16873
1.16881
1.16885
1.16888
1.16889
1.1689
1.1689
1.1689
1.1689
1.16891
1.16891
1.16891
1.16891
1.16891
1.16892
1.16892
1.16892
1.16892
1.16892
1.16892
1.16892
1.16892
1.16892
1.16892
1.16892
1.16892
1.16893
1.16893
1.16895
1.16897
1.16901
1.16916
1.16975
1.17133
1.17438
1.17972
1.18881
1.20147
1.21663
1.22962
1.23506
1.27569
1.30549
1.31268
1.31886
1.3315
1.32276
1.3277
1.50182
59.3634
1013.03
1026.49
1026.48
1026.43
1026.43
1026.44
1026.49
1026.54
1026.58
1026.62
1026.68
1026.75
1026.8
1026.81
1026.82
1026.84
1026.86
1026.87
1026.88
1026.89
1026.9
1026.91
1026.93
1026.95
1027
1027.05
1027.09
1027.1
1027.1
1027.1
1027.1
1027.1
1027.1
1027.1
1027.1
1027.1
1027.1
1.15971
1.15979
1.15983
1.15985
1.1599
1.16062
1.1638
1.16651
1.16794
1.16854
1.16872
1.16881
1.16886
1.16888
1.16889
1.1689
1.1689
1.1689
1.16891
1.16891
1.16891
1.16891
1.16891
1.16892
1.16892
1.16892
1.16892
1.16892
1.16892
1.16892
1.16892
1.16892
1.16892
1.16893
1.16893
1.16893
1.16893
1.16894
1.16895
1.16897
1.16901
1.16916
1.16978
1.17135
1.17432
1.17946
1.18815
1.20027
1.21387
1.22391
1.22635
1.26439
1.29829
1.3065
1.31183
1.32569
1.32286
1.32659
1.46797
45.5265
1010.86
1026.66
1026.69
1026.73
1026.82
1026.88
1026.92
1026.95
1026.97
1026.99
1027.01
1027.03
1027.05
1027.06
1027.08
1027.09
1027.09
1027.09
1027.09
1027.09
1027.09
1027.09
1027.09
1027.1
1027.1
1027.1
1027.1
1027.1
1027.1
1027.1
1027.1
1027.1
1027.1
1027.1
1027.1
1027.1
1027.1
1.15963
1.1597
1.15974
1.15978
1.15981
1.15989
1.1621
1.16554
1.16766
1.16848
1.16871
1.16881
1.16886
1.16888
1.16889
1.1689
1.1689
1.16891
1.16891
1.16891
1.16891
1.16891
1.16892
1.16892
1.16892
1.16892
1.16892
1.16892
1.16892
1.16892
1.16892
1.16893
1.16893
1.16893
1.16893
1.16893
1.16893
1.16894
1.16895
1.16897
1.16901
1.16915
1.16977
1.17133
1.17414
1.17883
1.18675
1.19806
1.21065
1.21965
1.23073
1.24671
1.27594
1.29495
1.30216
1.31677
1.31817
1.32355
1.42466
36.9433
1003.55
1026.91
1026.99
1027.03
1027.06
1027.08
1027.09
1027.09
1027.09
1027.09
1027.09
1027.09
1027.1
1027.1
1027.1
1027.1
1027.1
1027.1
1027.1
1027.1
1027.1
1027.1
1027.1
1027.1
1027.1
1027.1
1027.1
1027.1
1027.1
1027.1
1027.1
1027.1
1027.1
1027.1
1027.1
1027.1
1027.1
1.15963
1.15965
1.15967
1.15969
1.15971
1.15979
1.16256
1.16548
1.16731
1.16835
1.16869
1.16881
1.16886
1.16888
1.1689
1.1689
1.1689
1.16891
1.16891
1.16891
1.16891
1.16891
1.16892
1.16892
1.16892
1.16892
1.16892
1.16892
1.16892
1.16893
1.16893
1.16893
1.16893
1.16893
1.16893
1.16893
1.16893
1.16894
1.16895
1.16897
1.16901
1.16914
1.16973
1.17117
1.17377
1.17811
1.18522
1.19594
1.20713
1.21382
1.22865
1.2446
1.25173
1.27159
1.28579
1.30745
1.30821
1.32254
1.57903
38.9219
986.57
1026.95
1027.09
1027.09
1027.09
1027.1
1027.1
1027.1
1027.1
1027.1
1027.1
1027.1
1027.1
1027.1
1027.1
1027.1
1027.1
1027.1
1027.1
1027.1
1027.1
1027.1
1027.1
1027.1
1027.1
1027.1
1027.1
1027.1
1027.1
1027.1
1027.1
1027.1
1027.1
1027.1
1027.1
1027.1
1027.1
1.15967
1.15967
1.15967
1.15967
1.15968
1.15968
1.16061
1.16225
1.16519
1.16816
1.16866
1.1688
1.16886
1.16889
1.1689
1.1689
1.16891
1.16891
1.16891
1.16891
1.16892
1.16892
1.16892
1.16892
1.16892
1.16892
1.16893
1.16893
1.16893
1.16893
1.16893
1.16893
1.16893
1.16893
1.16893
1.16893
1.16893
1.16894
1.16895
1.16897
1.16901
1.16917
1.16976
1.17115
1.17354
1.17761
1.18483
1.19434
1.20206
1.21015
1.22448
1.24593
1.25745
1.26412
1.27089
1.2951
1.29867
1.31679
1.87711
46.3026
974.842
1026.75
1027.09
1027.1
1027.1
1027.1
1027.1
1027.1
1027.1
1027.1
1027.1
1027.1
1027.1
1027.1
1027.1
1027.1
1027.1
1027.1
1027.1
1027.1
1027.1
1027.1
1027.1
1027.1
1027.1
1027.1
1027.1
1027.1
1027.1
1027.1
1027.1
1027.1
1027.1
1027.1
1027.1
1027.1
1027.1
1.15979
1.15978
1.15977
1.15976
1.15976
1.15975
1.15975
1.15974
1.16107
1.16796
1.16865
1.16879
1.16885
1.16888
1.1689
1.1689
1.16891
1.16891
1.16891
1.16891
1.16892
1.16892
1.16892
1.16892
1.16892
1.16892
1.16892
1.16892
1.16893
1.16893
1.16893
1.16893
1.16893
1.16893
1.16893
1.16893
1.16893
1.16893
1.16894
1.16896
1.169
1.16913
1.16974
1.17172
1.1746
1.17792
1.1827
1.18912
1.19586
1.20645
1.22175
1.24804
1.26741
1.26756
1.26922
1.28389
1.29891
1.33031
1.86146
50.2264
974.646
1026.67
1027.09
1027.1
1027.1
1027.1
1027.1
1027.1
1027.1
1027.1
1027.1
1027.1
1027.1
1027.1
1027.1
1027.1
1027.1
1027.1
1027.1
1027.1
1027.1
1027.1
1027.1
1027.1
1027.1
1027.1
1027.1
1027.1
1027.1
1027.1
1027.1
1027.1
1027.1
1027.1
1027.1
1027.1
1027.1
1.1594
1.1594
1.15965
1.15965
1.15968
1.15968
1.1597
1.1597
1.15972
1.15972
1.15973
1.15973
1.15973
1.15973
1.15972
1.15972
1.15973
1.15973
1.16529
1.16529
1.16858
1.16858
1.16879
1.16879
1.16883
1.16883
1.16886
1.16886
1.16888
1.16888
1.16889
1.16889
1.16891
1.16891
1.16891
1.16891
1.16891
1.16891
1.16892
1.16892
1.16892
1.16892
1.16892
1.16892
1.16892
1.16892
1.16892
1.16892
1.16892
1.16892
1.16893
1.16893
1.16893
1.16893
1.16893
1.16893
1.16893
1.16893
1.16893
1.16893
1.16894
1.16894
1.16894
1.16894
1.16894
1.16894
1.16894
1.16894
1.16895
1.16895
1.16895
1.16895
1.16895
1.16895
1.16895
1.16895
1.16895
1.16895
1.16895
1.16895
1.16896
1.16896
1.16904
1.16904
1.16963
1.16963
1.17176
1.17176
1.17524
1.17524
1.17889
1.17889
1.18265
1.18265
1.18735
1.18735
1.1939
1.1939
1.20433
1.20433
1.22073
1.22073
1.24923
1.24923
1.27324
1.27324
1.28431
1.28431
1.27792
1.27792
1.28555
1.28555
1.34493
1.34493
1.37828
1.37828
1.58497
1.58497
80.738
80.738
1008.12
1008.12
1027.07
1027.07
1027.1
1027.1
1027.1
1027.1
1027.1
1027.1
1027.1
1027.1
1027.1
1027.1
1027.1
1027.1
1027.1
1027.1
1027.1
1027.1
1027.1
1027.1
1027.1
1027.1
1027.1
1027.1
1027.1
1027.1
1027.1
1027.1
1027.1
1027.1
1027.1
1027.1
1027.1
1027.1
1027.1
1027.1
1027.1
1027.1
1027.1
1027.1
1027.1
1027.1
1027.1
1027.1
1027.1
1027.1
1027.1
1027.1
1027.1
1027.1
1027.1
1027.1
1027.1
1027.1
1027.1
1027.1
1027.1
1027.1
1027.1
1027.1
1027.1
1027.1
1027.1
1027.1
1027.1
1027.1
1027.1
1027.1
1027.1
1027.1
1027.1
)
;
    }
}


// ************************************************************************* //
