/*--------------------------------*- C++ -*----------------------------------*\
| =========                 |                                                 |
| \\      /  F ield         | OpenFOAM: The Open Source CFD Toolbox           |
|  \\    /   O peration     | Version:  2.3.0                                 |
|   \\  /    A nd           | Web:      www.OpenFOAM.org                      |
|    \\/     M anipulation  |                                                 |
\*---------------------------------------------------------------------------*/
FoamFile
{
    version     2.0;
    format      ascii;
    class       volScalarField;
    location    "36";
    object      w1;
}
// * * * * * * * * * * * * * * * * * * * * * * * * * * * * * * * * * * * * * //

dimensions      [0 0 0 0 0 0 0];

internalField   nonuniform List<scalar> 
6144
(
0.518788
0.518788
0.518788
0.518788
0.518788
0.518788
0.518788
0.518788
0.518788
0.518788
0.518788
0.518788
0.518788
0.518788
0.518788
0.518788
0.518788
0.518788
0.518788
0.518788
0.518788
0.518788
0.518788
0.518788
0.518788
0.518788
0.518788
0.518788
0.518788
0.518788
0.518788
0.518788
0.518788
0.518788
0.518788
0.518788
0.518788
0.518788
0.518788
0.518788
0.518788
0.518788
0.518788
0.518788
0.518788
0.518788
0.518788
0.518788
0.518788
0.518788
0.518788
0.518788
0.518788
0.518788
0.518788
0.518788
0.518787
0.518779
0.489883
0.491788
0.81343
0.998933
0.999996
0.999211
0.997055
0.998368
0.974717
0.996687
0.995552
0.974966
0.987809
0.930019
0.98116
0.991857
0.99216
0.969469
0.808897
0.845641
0.988083
0.989734
0.991973
0.991841
0.990901
0.993439
0.988721
0.9828
0.987142
0.99074
0.994488
0.987197
0.984888
0.938749
0.989553
0.990353
0.997394
0.999861
0.518788
0.518788
0.518788
0.518788
0.518788
0.518788
0.518788
0.518788
0.518788
0.518788
0.518788
0.518788
0.518788
0.518788
0.518788
0.518788
0.518788
0.518788
0.518788
0.518788
0.518788
0.518788
0.518788
0.518788
0.518788
0.518788
0.518788
0.518788
0.518788
0.518788
0.518788
0.518788
0.518788
0.518788
0.518788
0.518788
0.518788
0.518788
0.518788
0.518788
0.518788
0.518788
0.518788
0.518788
0.518788
0.518788
0.518788
0.518788
0.518788
0.518788
0.518788
0.518788
0.518788
0.518788
0.518788
0.518788
0.518783
0.518201
0.499823
0.458607
0.834521
0.999948
0.999995
0.999422
0.999522
0.999476
0.999793
0.999534
0.999685
0.999576
0.999605
0.999495
0.999565
0.999635
0.999633
0.99963
0.998226
0.99415
0.99163
0.990256
0.990284
0.990875
0.983272
0.97744
0.995536
0.992916
0.988996
0.991297
0.980013
0.979513
0.98889
0.992664
0.994237
0.997217
0.996191
0.999851
0.518788
0.518788
0.518788
0.518788
0.518788
0.518788
0.518788
0.518788
0.518788
0.518788
0.518788
0.518788
0.518788
0.518788
0.518788
0.518788
0.518788
0.518788
0.518788
0.518788
0.518788
0.518788
0.518788
0.518788
0.518788
0.518788
0.518788
0.518788
0.518788
0.518788
0.518788
0.518788
0.518788
0.518788
0.518788
0.518788
0.518788
0.518788
0.518788
0.518788
0.518788
0.518788
0.518788
0.518788
0.518788
0.518788
0.518788
0.518788
0.518788
0.518788
0.518788
0.518788
0.518788
0.518788
0.518788
0.518788
0.518787
0.51879
0.519068
0.495779
0.0647919
0.999421
0.995802
0.985599
0.9946
0.996671
0.996338
0.997815
0.995343
0.995003
0.996931
0.990122
0.99789
0.999233
0.999893
0.999987
0.999992
0.997309
0.994191
0.99735
0.997941
0.998866
0.995115
0.999496
0.997734
0.996892
0.99805
0.987678
0.979229
0.993471
0.99571
0.987767
0.989004
0.997417
0.92443
0.999859
0.518788
0.518788
0.518788
0.518788
0.518788
0.518788
0.518788
0.518788
0.518788
0.518788
0.518788
0.518788
0.518788
0.518788
0.518788
0.518788
0.518788
0.518788
0.518788
0.518788
0.518788
0.518788
0.518788
0.518788
0.518788
0.518788
0.518788
0.518788
0.518788
0.518788
0.518788
0.518788
0.518788
0.518788
0.518788
0.518788
0.518788
0.518788
0.518788
0.518788
0.518788
0.518788
0.518788
0.518788
0.518788
0.518788
0.518788
0.518788
0.518788
0.518788
0.518788
0.518788
0.518788
0.518788
0.518788
0.518788
0.518788
0.51857
0.470995
0.470556
0.00899422
3.49699e-06
0.966986
0.936454
0.910552
0.899844
0.981883
0.972698
0.934258
0.947442
0.919189
0.592058
0.0255623
0.987773
0.994842
0.994263
0.998655
0.973208
0.996737
0.999407
0.999931
0.99999
0.999973
0.996598
0.999987
0.999641
0.997425
0.998576
0.998265
0.997629
0.987489
0.992439
0.995066
0.998495
0.997848
0.999853
0.518788
0.518788
0.518788
0.518788
0.518788
0.518788
0.518788
0.518788
0.518788
0.518788
0.518788
0.518788
0.518788
0.518788
0.518788
0.518788
0.518788
0.518788
0.518788
0.518788
0.518788
0.518788
0.518788
0.518788
0.518788
0.518788
0.518788
0.518788
0.518788
0.518788
0.518788
0.518788
0.518788
0.518788
0.518788
0.518788
0.518788
0.518788
0.518788
0.518788
0.518788
0.518788
0.518788
0.518788
0.518788
0.518788
0.518788
0.518788
0.518788
0.518788
0.518788
0.518788
0.518788
0.518788
0.518788
0.518788
0.518788
0.51879
0.519813
0.460111
0.979575
0.146405
0.146377
0.636963
0.0651377
2.08649e-05
0.144323
0.934134
0.660823
0.000396606
0.0217157
0.0247106
0.0125019
2.16351e-07
0.983805
0.924999
0.993769
0.0300157
0.837296
0.532907
0.959215
0.987899
0.990949
0.998347
0.999785
0.999983
0.999991
0.999685
0.999914
0.999892
0.979495
0.988031
0.996217
0.996076
0.992499
0.999855
0.518788
0.518788
0.518788
0.518788
0.518788
0.518788
0.518788
0.518788
0.518788
0.518788
0.518788
0.518788
0.518788
0.518788
0.518788
0.518788
0.518788
0.518788
0.518788
0.518788
0.518788
0.518788
0.518788
0.518788
0.518788
0.518788
0.518788
0.518788
0.518788
0.518788
0.518788
0.518788
0.518788
0.518788
0.518788
0.518788
0.518788
0.518788
0.518788
0.518788
0.518788
0.518788
0.518788
0.518788
0.518788
0.518788
0.518788
0.518788
0.518788
0.518788
0.518788
0.518788
0.518788
0.518788
0.518788
0.518788
0.518788
0.518788
0.518778
0.457754
0.816949
0.137884
7.75643e-07
0.0131598
0.00119613
0.335988
0.507807
0.048429
0.000593162
0.0838972
0.037238
0.111347
0.0791134
0.137471
0.770546
0.654887
0.000150167
0.14574
0.146313
0.144649
0.95774
0.88343
3.37869e-05
0.122929
5.50978e-09
8.86265e-06
0.995634
0.998809
0.999887
0.999986
0.999992
0.999972
0.999971
0.999969
0.999951
0.999932
0.518788
0.518788
0.518788
0.518788
0.518788
0.518788
0.518788
0.518788
0.518788
0.518788
0.518788
0.518788
0.518788
0.518788
0.518788
0.518788
0.518788
0.518788
0.518788
0.518788
0.518788
0.518788
0.518788
0.518788
0.518788
0.518788
0.518788
0.518788
0.518788
0.518788
0.518788
0.518788
0.518788
0.518788
0.518788
0.518788
0.518788
0.518788
0.518788
0.518788
0.518788
0.518788
0.518788
0.518788
0.518788
0.518788
0.518788
0.518788
0.518788
0.518788
0.518788
0.518788
0.518788
0.518788
0.518788
0.518788
0.518787
0.518811
0.519084
0.444817
0.897132
0.0345814
0.0031079
0.68034
0.53848
0.0178927
0.126998
0.236726
0.842712
0.146496
0.000302556
0.0544743
0.622275
0.794416
0.0421346
0.0781559
0.0831362
0.68197
0.0299191
0.729052
0.148045
0.340399
0.303608
0.37913
0.683872
0.0934677
0.0089332
0.0265838
4.13454e-05
0.910514
0.978471
0.988786
0.986839
0.53665
0.00119222
0.99992
0.518788
0.518788
0.518788
0.518788
0.518788
0.518788
0.518788
0.518788
0.518788
0.518788
0.518788
0.518788
0.518788
0.518788
0.518788
0.518788
0.518788
0.518788
0.518788
0.518788
0.518788
0.518788
0.518788
0.518788
0.518788
0.518788
0.518788
0.518788
0.518788
0.518788
0.518788
0.518788
0.518788
0.518788
0.518788
0.518788
0.518788
0.518788
0.518788
0.518788
0.518788
0.518788
0.518788
0.518788
0.518788
0.518788
0.518788
0.518788
0.518788
0.518788
0.518788
0.518788
0.518788
0.518788
0.518788
0.518788
0.518788
0.518599
0.52346
0.441745
0.890259
0.144345
0.0281074
0.0880848
0.0760168
0.0383006
0.548296
5.18599e-06
0.000295858
0.00180866
0.00598411
0.713319
0.000406654
0.00649639
0.145061
0.00960006
0.367193
1.56042e-05
0.0812533
0.525852
0.691563
0.903859
4.25791e-06
0.487248
0.743319
0.0710784
0.00684953
0.146861
0.146477
0.889955
0.691608
2.8509e-06
0.721947
0.842043
2.59608e-05
0.999824
0.518788
0.518788
0.518788
0.518788
0.518788
0.518788
0.518788
0.518788
0.518788
0.518788
0.518788
0.518788
0.518788
0.518788
0.518788
0.518788
0.518788
0.518788
0.518788
0.518788
0.518788
0.518788
0.518788
0.518788
0.518788
0.518788
0.518788
0.518788
0.518788
0.518788
0.518788
0.518788
0.518788
0.518788
0.518788
0.518788
0.518788
0.518788
0.518788
0.518788
0.518788
0.518788
0.518788
0.518788
0.518788
0.518788
0.518788
0.518788
0.518788
0.518788
0.518788
0.518788
0.518788
0.518788
0.518788
0.518788
0.518798
0.519419
0.515926
0.443391
0.957274
0.491151
0.722559
0.000920925
0.15479
0.0045659
0.0864437
0.000210088
0.69309
4.27624e-05
0.531345
0.834116
0.753492
5.64853e-07
0.000944511
0.821811
0.836044
0.811051
0.235747
0.00111021
0.738433
0.00137419
0.0204956
0.000341235
6.91919e-06
0.026245
0.245678
8.84107e-07
0.0991474
0.82551
0.00102743
0.794402
0.840165
0.953737
0.962108
0.999126
0.518788
0.518788
0.518788
0.518788
0.518788
0.518788
0.518788
0.518788
0.518788
0.518788
0.518788
0.518788
0.518788
0.518788
0.518788
0.518788
0.518788
0.518788
0.518788
0.518788
0.518788
0.518788
0.518788
0.518788
0.518788
0.518788
0.518788
0.518788
0.518788
0.518788
0.518788
0.518788
0.518788
0.518788
0.518788
0.518788
0.518788
0.518788
0.518788
0.518788
0.518788
0.518788
0.518788
0.518788
0.518788
0.518788
0.518788
0.518788
0.518788
0.518788
0.518788
0.518788
0.518788
0.518788
0.518788
0.518788
0.518787
0.518773
0.518523
0.430145
0.965584
0.987207
0.252143
1.10248e-08
0.948226
0.99045
0.0036826
1.81295e-07
0.0289137
0.00272991
0.000191768
0.7634
0.0415439
0.13322
0.124275
0.146279
0.147834
0.0445507
0.942363
0.130631
0.858251
0.886706
0.513781
0.0452342
0.122125
0.00675417
0.00363821
0.112878
0.940033
0.921046
0.985171
0.988218
0.162774
0.982334
0.983848
0.999892
0.518788
0.518788
0.518788
0.518788
0.518788
0.518788
0.518788
0.518788
0.518788
0.518788
0.518788
0.518788
0.518788
0.518788
0.518788
0.518788
0.518788
0.518788
0.518788
0.518788
0.518788
0.518788
0.518788
0.518788
0.518788
0.518788
0.518788
0.518788
0.518788
0.518788
0.518788
0.518788
0.518788
0.518788
0.518788
0.518788
0.518788
0.518788
0.518788
0.518788
0.518788
0.518788
0.518788
0.518788
0.518788
0.518788
0.518788
0.518788
0.518788
0.518788
0.518788
0.518788
0.518788
0.518788
0.518788
0.518788
0.518788
0.519544
0.483471
0.439866
0.903395
0.998966
0.992784
0.99126
0.997107
0.996535
0.996375
0.975442
0.971809
0.957154
0.836165
0.895634
0.957126
0.915289
0.0979701
0.461675
0.971602
0.948425
0.11237
0.991971
0.953612
0.964489
0.974505
3.79083e-07
0.974124
0.954945
0.981512
0.947911
0.988916
0.413736
3.08954e-09
0.992267
0.976703
0.988783
0.990543
0.99998
0.518788
0.518788
0.518788
0.518788
0.518788
0.518788
0.518788
0.518788
0.518788
0.518788
0.518788
0.518788
0.518788
0.518788
0.518788
0.518788
0.518788
0.518788
0.518788
0.518788
0.518788
0.518788
0.518788
0.518788
0.518788
0.518788
0.518788
0.518788
0.518788
0.518788
0.518788
0.518788
0.518788
0.518788
0.518788
0.518788
0.518788
0.518788
0.518788
0.518788
0.518788
0.518788
0.518788
0.518788
0.518788
0.518788
0.518788
0.518788
0.518788
0.518788
0.518788
0.518788
0.518788
0.518788
0.518788
0.518788
0.518787
0.518744
0.522451
0.46526
0.900993
0.9999
0.999996
0.976138
0.999518
0.999378
0.999594
0.99955
0.999634
0.99959
0.999546
0.99956
0.99964
0.999685
0.99948
0.999428
0.999815
0.999921
0.999926
0.999993
0.999985
0.99981
0.998959
0.999031
0.998822
0.998697
0.991002
0.998698
0.979034
0.998282
0.998961
0.996847
0.999847
0.99996
0.99999
0.99999
0.518788
0.518788
0.518788
0.518788
0.518788
0.518788
0.518788
0.518788
0.518788
0.518788
0.518788
0.518788
0.518788
0.518788
0.518788
0.518788
0.518788
0.518788
0.518788
0.518788
0.518788
0.518788
0.518788
0.518788
0.518788
0.518788
0.518788
0.518788
0.518788
0.518788
0.518788
0.518788
0.518788
0.518788
0.518788
0.518788
0.518788
0.518788
0.518788
0.518788
0.518788
0.518788
0.518788
0.518788
0.518788
0.518788
0.518788
0.518788
0.518788
0.518788
0.518788
0.518788
0.518788
0.518788
0.518788
0.518788
0.518787
0.518786
0.518731
0.409877
0.934963
0.999936
0.999997
0.999758
0.999678
0.998872
0.97692
0.98283
0.99766
0.998351
0.998463
0.998245
0.997065
0.990791
0.982397
0.994064
0.994764
0.994272
0.994507
0.996485
0.99959
0.999633
0.999514
0.996679
0.998171
0.999435
0.999736
0.999786
0.999805
0.999769
0.997329
0.999812
0.999885
0.999864
0.999634
0.999868
0.518788
0.518788
0.518788
0.518788
0.518788
0.518788
0.518788
0.518788
0.518788
0.518788
0.518788
0.518788
0.518788
0.518788
0.518788
0.518788
0.518788
0.518788
0.518788
0.518788
0.518788
0.518788
0.518788
0.518788
0.518788
0.518788
0.518788
0.518788
0.518788
0.518788
0.518788
0.518788
0.518788
0.518788
0.518788
0.518788
0.518788
0.518788
0.518788
0.518788
0.518788
0.518788
0.518788
0.518788
0.518788
0.518788
0.518788
0.518788
0.518788
0.518788
0.518788
0.518788
0.518788
0.518788
0.518788
0.518788
0.518786
0.518783
0.518737
0.443586
0.910701
0.999957
0.999997
0.999772
0.999748
0.999364
0.999084
0.997797
0.998097
0.998558
0.998646
0.998462
0.997774
0.996137
0.993198
0.967419
0.991128
0.995438
0.996887
0.997651
0.998051
0.995707
0.997824
0.955164
0.980453
0.997901
0.997926
0.984828
0.997859
0.998364
0.998251
0.998236
0.998356
0.998422
0.998086
0.999874
0.518788
0.518788
0.518788
0.518788
0.518788
0.518788
0.518788
0.518788
0.518788
0.518788
0.518788
0.518788
0.518788
0.518788
0.518788
0.518788
0.518788
0.518788
0.518788
0.518788
0.518788
0.518788
0.518788
0.518788
0.518788
0.518788
0.518788
0.518788
0.518788
0.518788
0.518788
0.518788
0.518788
0.518788
0.518788
0.518788
0.518788
0.518788
0.518788
0.518788
0.518788
0.518788
0.518788
0.518788
0.518788
0.518788
0.518788
0.518788
0.518788
0.518788
0.518788
0.518788
0.518788
0.518788
0.518788
0.518788
0.518785
0.518783
0.516478
0.414724
0.94109
0.999782
0.999997
0.999668
0.999723
0.981279
0.998438
0.996603
0.997076
0.998039
0.998275
0.998054
0.997995
0.997735
0.996517
0.996363
0.993872
0.992994
0.989055
0.996017
0.997684
0.998221
0.99575
0.996487
0.994751
0.993531
0.990834
0.997176
0.998609
0.998423
0.998061
0.99777
0.998035
0.998623
0.998458
0.99988
0.518788
0.518788
0.518788
0.518788
0.518788
0.518788
0.518788
0.518788
0.518788
0.518788
0.518788
0.518788
0.518788
0.518788
0.518788
0.518788
0.518788
0.518788
0.518788
0.518788
0.518788
0.518788
0.518788
0.518788
0.518788
0.518788
0.518788
0.518788
0.518788
0.518788
0.518788
0.518788
0.518788
0.518788
0.518788
0.518788
0.518788
0.518788
0.518788
0.518788
0.518788
0.518788
0.518788
0.518788
0.518788
0.518788
0.518788
0.518788
0.518788
0.518788
0.518788
0.518788
0.518788
0.518788
0.518788
0.518788
0.518785
0.518781
0.519632
0.444417
0.889502
0.99865
0.999998
0.99975
0.998563
0.998498
0.998075
0.998623
0.998286
0.998119
0.998243
0.998197
0.998014
0.99766
0.997004
0.997571
0.99533
0.991098
0.992923
0.99746
0.998047
0.998869
0.997575
0.98788
0.989268
0.995998
0.946962
0.992091
0.995905
0.995171
0.996298
0.995793
0.996036
0.997526
0.99675
0.999871
0.518788
0.518788
0.518788
0.518788
0.518788
0.518788
0.518788
0.518788
0.518788
0.518788
0.518788
0.518788
0.518788
0.518788
0.518788
0.518788
0.518788
0.518788
0.518788
0.518788
0.518788
0.518788
0.518788
0.518788
0.518788
0.518788
0.518788
0.518788
0.518788
0.518788
0.518788
0.518788
0.518788
0.518788
0.518788
0.518788
0.518788
0.518788
0.518788
0.518788
0.518788
0.518788
0.518788
0.518788
0.518788
0.518788
0.518788
0.518788
0.518788
0.518788
0.518788
0.518788
0.518788
0.518788
0.518788
0.518788
0.51879
0.517638
0.473085
0.477791
0.784595
0.99752
0.999994
0.997224
0.995341
0.980225
0.996719
0.999731
0.998205
0.991033
0.987385
0.989806
0.126339
0.982855
0.985379
0.986601
0.980594
0.962771
0.982364
0.95744
0.980492
0.985311
0.991394
0.995315
0.994524
0.994116
0.994454
0.993183
0.993983
0.874342
0.99595
0.996578
0.997638
0.931239
0.997469
0.999863
0.518788
0.518788
0.518788
0.518788
0.518788
0.518788
0.518788
0.518788
0.518788
0.518788
0.518788
0.518788
0.518788
0.518788
0.518788
0.518788
0.518788
0.518788
0.518788
0.518788
0.518788
0.518788
0.518788
0.518788
0.518788
0.518788
0.518788
0.518788
0.518788
0.518788
0.518788
0.518788
0.518788
0.518788
0.518788
0.518788
0.518788
0.518788
0.518788
0.518788
0.518788
0.518788
0.518788
0.518788
0.518788
0.518788
0.518788
0.518788
0.518788
0.518788
0.518788
0.518788
0.518788
0.518788
0.518788
0.518788
0.518787
0.518771
0.519664
0.464011
0.846198
0.999963
0.999995
0.999689
0.999798
0.999629
0.999991
0.98466
0.99999
0.999025
0.999556
0.999518
0.99948
0.999571
0.999606
0.999562
0.999325
0.999059
0.999195
0.999391
0.9978
0.994877
0.987693
0.5764
0.99094
0.986036
0.971506
0.98014
0.977483
0.997127
0.998622
0.998667
0.997286
0.990322
0.994831
0.999855
0.518788
0.518788
0.518788
0.518788
0.518788
0.518788
0.518788
0.518788
0.518788
0.518788
0.518788
0.518788
0.518788
0.518788
0.518788
0.518788
0.518788
0.518788
0.518788
0.518788
0.518788
0.518788
0.518788
0.518788
0.518788
0.518788
0.518788
0.518788
0.518788
0.518788
0.518788
0.518788
0.518788
0.518788
0.518788
0.518788
0.518788
0.518788
0.518788
0.518788
0.518788
0.518788
0.518788
0.518788
0.518788
0.518788
0.518788
0.518788
0.518788
0.518788
0.518788
0.518788
0.518788
0.518788
0.518788
0.518788
0.518787
0.518788
0.491495
0.457764
0.977655
0.998868
0.996748
0.998041
0.950562
0.995619
0.993282
0.99455
0.993583
0.996849
0.986648
0.985534
0.953982
0.990181
0.982929
8.35441e-05
0.99545
0.999237
0.999941
0.999989
0.999991
0.999225
0.999298
0.998495
0.974475
0.998345
0.980993
0.992578
0.93947
0.99812
0.998925
0.999001
0.996796
0.997033
0.994971
0.999862
0.518788
0.518788
0.518788
0.518788
0.518788
0.518788
0.518788
0.518788
0.518788
0.518788
0.518788
0.518788
0.518788
0.518788
0.518788
0.518788
0.518788
0.518788
0.518788
0.518788
0.518788
0.518788
0.518788
0.518788
0.518788
0.518788
0.518788
0.518788
0.518788
0.518788
0.518788
0.518788
0.518788
0.518788
0.518788
0.518788
0.518788
0.518788
0.518788
0.518788
0.518788
0.518788
0.518788
0.518788
0.518788
0.518788
0.518788
0.518788
0.518788
0.518788
0.518788
0.518788
0.518788
0.518788
0.518788
0.518788
0.518788
0.518739
0.514652
0.460776
0.323432
3.36866e-06
0.0543895
0.966472
0.289308
0.271549
0.0484683
3.29427e-07
0.913784
0.0864663
0.877261
0.853973
0.919813
0.947113
6.90837e-06
0.0081657
0.00856359
0.858983
1.32364e-08
0.0734894
0.986092
0.992577
0.00720095
0.999905
0.999991
0.999992
0.998669
0.999718
0.999026
0.999021
0.999152
0.998061
0.993932
0.998177
0.954645
0.999863
0.518788
0.518788
0.518788
0.518788
0.518788
0.518788
0.518788
0.518788
0.518788
0.518788
0.518788
0.518788
0.518788
0.518788
0.518788
0.518788
0.518788
0.518788
0.518788
0.518788
0.518788
0.518788
0.518788
0.518788
0.518788
0.518788
0.518788
0.518788
0.518788
0.518788
0.518788
0.518788
0.518788
0.518788
0.518788
0.518788
0.518788
0.518788
0.518788
0.518788
0.518788
0.518788
0.518788
0.518788
0.518788
0.518788
0.518788
0.518788
0.518788
0.518788
0.518788
0.518788
0.518788
0.518788
0.518788
0.518788
0.518788
0.518781
0.518673
0.460823
0.797335
0.167737
0.133281
0.0893366
4.40361e-06
2.04008e-05
0.626935
0.142269
0.14594
0.105946
0.000192466
0.000121981
0.210849
0.000514699
5.39811e-05
1.94047e-06
0.82721
0.118042
0.000955734
0.00055913
0.433349
0.00148255
0.276966
0.98427
0.982865
0.995776
0.999791
0.99999
0.999996
0.999961
0.99824
0.994313
0.996217
0.998108
0.994286
0.999868
0.518788
0.518788
0.518788
0.518788
0.518788
0.518788
0.518788
0.518788
0.518788
0.518788
0.518788
0.518788
0.518788
0.518788
0.518788
0.518788
0.518788
0.518788
0.518788
0.518788
0.518788
0.518788
0.518788
0.518788
0.518788
0.518788
0.518788
0.518788
0.518788
0.518788
0.518788
0.518788
0.518788
0.518788
0.518788
0.518788
0.518788
0.518788
0.518788
0.518788
0.518788
0.518788
0.518788
0.518788
0.518788
0.518788
0.518788
0.518788
0.518788
0.518788
0.518788
0.518788
0.518788
0.518788
0.518788
0.518788
0.51879
0.518825
0.519506
0.367459
3.24648e-07
0.0115312
0.000108037
1.00516e-09
0.000108933
0.306463
0.746033
0.267407
0.511313
3.03369e-05
0.447659
0.285865
0.00270601
0.02162
0.736305
0.146255
7.22672e-05
1.76474e-06
0.0548001
0.000657968
0.0130105
0.00743637
0.210839
0.560919
0.312952
0.787693
0.848533
0.985761
1.03956e-05
0.9999
0.999997
0.999953
0.999951
0.999865
0.999917
0.999935
0.518788
0.518788
0.518788
0.518788
0.518788
0.518788
0.518788
0.518788
0.518788
0.518788
0.518788
0.518788
0.518788
0.518788
0.518788
0.518788
0.518788
0.518788
0.518788
0.518788
0.518788
0.518788
0.518788
0.518788
0.518788
0.518788
0.518788
0.518788
0.518788
0.518788
0.518788
0.518788
0.518788
0.518788
0.518788
0.518788
0.518788
0.518788
0.518788
0.518788
0.518788
0.518788
0.518788
0.518788
0.518788
0.518788
0.518788
0.518788
0.518788
0.518788
0.518788
0.518788
0.518788
0.518788
0.518788
0.518788
0.518787
0.518772
0.518279
0.355536
0.876648
0.349676
0.539489
0.502333
0.118746
0.620004
0.472465
0.000209804
0.476834
0.485058
8.55559e-06
8.87272e-07
7.69768e-06
0.0463496
0.0561408
0.0864331
0.00445753
0.253258
3.97061e-08
0.403144
0.712487
0.647788
0.427609
0.553491
2.15065e-09
0.823946
0.348377
0.435417
0.0770371
0.442003
0.0836822
5.35166e-15
0.729147
4.83007e-08
0.146005
0.990788
0.518788
0.518788
0.518788
0.518788
0.518788
0.518788
0.518788
0.518788
0.518788
0.518788
0.518788
0.518788
0.518788
0.518788
0.518788
0.518788
0.518788
0.518788
0.518788
0.518788
0.518788
0.518788
0.518788
0.518788
0.518788
0.518788
0.518788
0.518788
0.518788
0.518788
0.518788
0.518788
0.518788
0.518788
0.518788
0.518788
0.518788
0.518788
0.518788
0.518788
0.518788
0.518788
0.518788
0.518788
0.518788
0.518788
0.518788
0.518788
0.518788
0.518788
0.518788
0.518788
0.518788
0.518788
0.518788
0.518788
0.518788
0.51879
0.518821
0.338733
0.877194
0.000497903
7.84827e-06
0.760585
0.0409397
0.609993
0.587687
0.000126509
0.603558
0.0360736
0.728481
0.623344
0.57439
0.516225
0.757419
0.649723
0.557901
0.438086
0.639913
0.43425
0.649073
0.422446
0.516028
0.403245
0.458049
0.526904
0.325275
0.651568
0.483641
0.533761
0.498813
0.607158
0.805597
0.000403277
0.00310785
0.000850775
0.518788
0.518788
0.518788
0.518788
0.518788
0.518788
0.518788
0.518788
0.518788
0.518788
0.518788
0.518788
0.518788
0.518788
0.518788
0.518788
0.518788
0.518788
0.518788
0.518788
0.518788
0.518788
0.518788
0.518788
0.518788
0.518788
0.518788
0.518788
0.518788
0.518788
0.518788
0.518788
0.518788
0.518788
0.518788
0.518788
0.518788
0.518788
0.518788
0.518788
0.518788
0.518788
0.518788
0.518788
0.518788
0.518788
0.518788
0.518788
0.518788
0.518788
0.518788
0.518788
0.518788
0.518788
0.518788
0.518788
0.518788
0.518618
0.515943
0.438967
0.748882
0.00499829
0.515794
0.605066
0.00134612
0.727329
0.33956
0.478311
0.452624
0.465712
0.212897
0.000396392
0.599168
0.11854
0.72355
0.000478265
0.0137069
0.0222638
0.000209163
0.0237797
0.414353
0.506557
0.409604
0.455695
0.168582
0.291045
0.663723
0.380467
0.662096
0.437964
0.484198
0.379534
0.460424
0.463667
0.000479947
0.0164882
0.518788
0.518788
0.518788
0.518788
0.518788
0.518788
0.518788
0.518788
0.518788
0.518788
0.518788
0.518788
0.518788
0.518788
0.518788
0.518788
0.518788
0.518788
0.518788
0.518788
0.518788
0.518788
0.518788
0.518788
0.518788
0.518788
0.518788
0.518788
0.518788
0.518788
0.518788
0.518788
0.518788
0.518788
0.518788
0.518788
0.518788
0.518788
0.518788
0.518788
0.518788
0.518788
0.518788
0.518788
0.518788
0.518788
0.518788
0.518788
0.518788
0.518788
0.518788
0.518788
0.518788
0.518788
0.518788
0.518788
0.518788
0.518805
0.519082
0.44243
0.941026
0.0964539
3.21332e-06
1.80927e-06
0.145737
0.00297864
0.776744
0.247591
0.578394
0.21109
4.78538e-07
0.88474
0.00121039
0.000469704
8.77393e-05
0.968428
0.969694
0.777394
0.954575
0.944975
0.808834
0.000133719
0.437461
0.548325
0.829656
0.641746
0.763194
0.000163263
0.0216015
0.576621
0.391684
0.60927
0.650842
0.75543
0.10318
0.981792
0.518788
0.518788
0.518788
0.518788
0.518788
0.518788
0.518788
0.518788
0.518788
0.518788
0.518788
0.518788
0.518788
0.518788
0.518788
0.518788
0.518788
0.518788
0.518788
0.518788
0.518788
0.518788
0.518788
0.518788
0.518788
0.518788
0.518788
0.518788
0.518788
0.518788
0.518788
0.518788
0.518788
0.518788
0.518788
0.518788
0.518788
0.518788
0.518788
0.518788
0.518788
0.518788
0.518788
0.518788
0.518788
0.518788
0.518788
0.518788
0.518788
0.518788
0.518788
0.518788
0.518788
0.518788
0.518788
0.518788
0.518787
0.518781
0.539344
0.42681
1.12364e-08
0.991617
0.986412
0.95496
0.933593
0.96196
0.9749
0.70963
0.943799
0.395247
0.855109
0.00455302
0.0465336
0.9683
0.562089
0.962258
0.955174
0.990273
0.958461
0.982486
0.90027
0.761757
0.515305
0.757562
0.177244
0.000763846
0.727082
0.000105874
1.60283e-16
0.138112
0.551287
0.0453356
0.086073
0.958586
0.988581
0.99967
0.518788
0.518788
0.518788
0.518788
0.518788
0.518788
0.518788
0.518788
0.518788
0.518788
0.518788
0.518788
0.518788
0.518788
0.518788
0.518788
0.518788
0.518788
0.518788
0.518788
0.518788
0.518788
0.518788
0.518788
0.518788
0.518788
0.518788
0.518788
0.518788
0.518788
0.518788
0.518788
0.518788
0.518788
0.518788
0.518788
0.518788
0.518788
0.518788
0.518788
0.518788
0.518788
0.518788
0.518788
0.518788
0.518788
0.518788
0.518788
0.518788
0.518788
0.518788
0.518788
0.518788
0.518788
0.518788
0.518788
0.518787
0.518788
0.51575
0.458332
0.187628
1.46405e-07
0.999929
0.999527
0.999118
0.999473
0.999626
0.999382
0.999354
0.999287
0.998941
0.998507
0.997081
0.976731
0.99772
0.998902
0.998499
0.998671
0.998158
0.983629
0.996716
0.995154
0.332606
0.376158
0.997323
0.994915
0.993336
0.969848
0.991805
0.99339
0.981187
0.937012
0.999531
0.999912
0.99999
0.999994
0.518788
0.518788
0.518788
0.518788
0.518788
0.518788
0.518788
0.518788
0.518788
0.518788
0.518788
0.518788
0.518788
0.518788
0.518788
0.518788
0.518788
0.518788
0.518788
0.518788
0.518788
0.518788
0.518788
0.518788
0.518788
0.518788
0.518788
0.518788
0.518788
0.518788
0.518788
0.518788
0.518788
0.518788
0.518788
0.518788
0.518788
0.518788
0.518788
0.518788
0.518788
0.518788
0.518788
0.518788
0.518788
0.518788
0.518788
0.518788
0.518788
0.518788
0.518788
0.518788
0.518788
0.518788
0.518788
0.518788
0.518787
0.518783
0.518765
0.439212
0.731308
0.997192
0.999089
0.999993
0.998646
0.823685
0.99937
0.999446
0.99953
0.99937
0.9993
0.99914
0.998828
0.998249
0.995986
0.992426
0.997816
0.999319
0.999737
0.999869
0.999858
0.998723
0.999443
0.999195
0.999629
0.999822
0.99978
0.999812
0.999874
0.999891
0.999862
0.999881
0.999885
0.99987
0.999868
0.999883
0.518788
0.518788
0.518788
0.518788
0.518788
0.518788
0.518788
0.518788
0.518788
0.518788
0.518788
0.518788
0.518788
0.518788
0.518788
0.518788
0.518788
0.518788
0.518788
0.518788
0.518788
0.518788
0.518788
0.518788
0.518788
0.518788
0.518788
0.518788
0.518788
0.518788
0.518788
0.518788
0.518788
0.518788
0.518788
0.518788
0.518788
0.518788
0.518788
0.518788
0.518788
0.518788
0.518788
0.518788
0.518788
0.518788
0.518788
0.518788
0.518788
0.518788
0.518788
0.518788
0.518788
0.518788
0.518788
0.518788
0.518786
0.518816
0.51653
0.452308
0.26871
0.999978
0.999925
0.999829
0.999659
0.999116
0.998868
0.998814
0.998809
0.998627
0.997386
0.967481
0.9947
0.997041
0.996853
0.996245
0.993788
0.994105
0.997268
0.998393
0.998961
0.998452
0.955767
0.99828
0.998237
0.998409
0.998494
0.998379
0.954083
0.99736
0.997411
0.99092
0.997066
0.998859
0.995493
0.99987
0.518788
0.518788
0.518788
0.518788
0.518788
0.518788
0.518788
0.518788
0.518788
0.518788
0.518788
0.518788
0.518788
0.518788
0.518788
0.518788
0.518788
0.518788
0.518788
0.518788
0.518788
0.518788
0.518788
0.518788
0.518788
0.518788
0.518788
0.518788
0.518788
0.518788
0.518788
0.518788
0.518788
0.518788
0.518788
0.518788
0.518788
0.518788
0.518788
0.518788
0.518788
0.518788
0.518788
0.518788
0.518788
0.518788
0.518788
0.518788
0.518788
0.518788
0.518788
0.518788
0.518788
0.518788
0.518788
0.518788
0.518785
0.518088
0.479379
0.490209
0.296437
0.999996
0.999636
0.999869
0.999721
0.992575
0.998312
0.997095
0.998064
0.998262
0.997644
0.995358
0.751225
0.993526
0.990099
0.986819
0.961293
0.991771
0.971285
0.997143
0.998618
0.998615
0.929705
0.993082
0.997954
0.998261
0.998472
0.998848
0.99885
0.998601
0.998443
0.998457
0.998864
0.999323
0.999294
0.999883
0.518788
0.518788
0.518788
0.518788
0.518788
0.518788
0.518788
0.518788
0.518788
0.518788
0.518788
0.518788
0.518788
0.518788
0.518788
0.518788
0.518788
0.518788
0.518788
0.518788
0.518788
0.518788
0.518788
0.518788
0.518788
0.518788
0.518788
0.518788
0.518788
0.518788
0.518788
0.518788
0.518788
0.518788
0.518788
0.518788
0.518788
0.518788
0.518788
0.518788
0.518788
0.518788
0.518788
0.518788
0.518788
0.518788
0.518788
0.518788
0.518788
0.518788
0.518788
0.518788
0.518788
0.518788
0.518788
0.518788
0.518786
0.518619
0.511621
0.406175
0.844763
0.994373
0.999997
0.999735
0.999012
0.998836
0.997264
0.997915
0.997398
0.997025
0.997253
0.996837
0.996891
0.996267
0.995373
0.989927
0.965728
0.989409
0.995665
0.998119
0.998893
0.998923
0.996854
0.971756
0.992988
0.98949
0.989402
0.996167
0.996506
0.995973
0.99634
0.997784
0.998503
0.998945
0.999152
0.999882
0.518788
0.518788
0.518788
0.518788
0.518788
0.518788
0.518788
0.518788
0.518788
0.518788
0.518788
0.518788
0.518788
0.518788
0.518788
0.518788
0.518788
0.518788
0.518788
0.518788
0.518788
0.518788
0.518788
0.518788
0.518788
0.518788
0.518788
0.518788
0.518788
0.518788
0.518788
0.518788
0.518788
0.518788
0.518788
0.518788
0.518788
0.518788
0.518788
0.518788
0.518788
0.518788
0.518788
0.518788
0.518788
0.518788
0.518788
0.518788
0.518788
0.518788
0.518788
0.518788
0.518788
0.518788
0.518788
0.518788
0.518788
0.518782
0.518558
0.386537
0.837432
0.998638
0.999993
0.999027
0.980745
0.978574
0.977421
0.9751
0.986595
0.997122
0.998492
0.996707
0.989945
0.995958
0.996191
0.980173
0.995971
0.99677
0.996205
0.995415
0.995116
0.994736
0.994378
0.994109
0.994544
0.994001
0.995774
0.996804
0.989991
0.985809
0.993758
0.994445
0.996795
0.993092
0.995966
0.999859
0.518788
0.518788
0.518788
0.518788
0.518788
0.518788
0.518788
0.518788
0.518788
0.518788
0.518788
0.518788
0.518788
0.518788
0.518788
0.518788
0.518788
0.518788
0.518788
0.518788
0.518788
0.518788
0.518788
0.518788
0.518788
0.518788
0.518788
0.518788
0.518788
0.518788
0.518788
0.518788
0.518788
0.518788
0.518788
0.518788
0.518788
0.518788
0.518788
0.518788
0.518788
0.518788
0.518788
0.518788
0.518788
0.518788
0.518788
0.518788
0.518788
0.518788
0.518788
0.518788
0.518788
0.518788
0.518788
0.518788
0.518787
0.518788
0.516094
0.454643
0.804779
0.992784
0.999995
0.999871
0.99989
0.999899
0.999866
0.999871
0.999745
0.999331
0.999424
0.999314
0.805786
0.997498
0.998074
0.994803
0.996727
0.996269
0.998612
0.99818
0.997637
0.997417
0.996995
0.996429
0.995251
0.98862
0.992671
0.995542
0.99448
0.997144
0.998026
0.998409
0.997318
0.992683
0.997857
0.999849
0.518788
0.518788
0.518788
0.518788
0.518788
0.518788
0.518788
0.518788
0.518788
0.518788
0.518788
0.518788
0.518788
0.518788
0.518788
0.518788
0.518788
0.518788
0.518788
0.518788
0.518788
0.518788
0.518788
0.518788
0.518788
0.518788
0.518788
0.518788
0.518788
0.518788
0.518788
0.518788
0.518788
0.518788
0.518788
0.518788
0.518788
0.518788
0.518788
0.518788
0.518788
0.518788
0.518788
0.518788
0.518788
0.518788
0.518788
0.518788
0.518788
0.518788
0.518788
0.518788
0.518788
0.518788
0.518788
0.518789
0.518787
0.518875
0.520898
0.436821
0.958114
0.999316
0.997968
0.999043
0.997299
0.998632
0.999126
0.999109
0.997391
0.999332
0.999028
0.997905
0.999064
0.999913
0.99999
0.999921
0.999989
0.99987
0.99999
0.999992
0.999649
0.999413
0.998937
0.998349
0.999405
0.995969
0.956006
0.971203
0.992165
0.986575
0.993289
0.998547
0.997858
0.993573
0.995286
0.999858
0.518788
0.518788
0.518788
0.518788
0.518788
0.518788
0.518788
0.518788
0.518788
0.518788
0.518788
0.518788
0.518788
0.518788
0.518788
0.518788
0.518788
0.518788
0.518788
0.518788
0.518788
0.518788
0.518788
0.518788
0.518788
0.518788
0.518788
0.518788
0.518788
0.518788
0.518788
0.518788
0.518788
0.518788
0.518788
0.518788
0.518788
0.518788
0.518788
0.518788
0.518788
0.518788
0.518788
0.518788
0.518788
0.518788
0.518788
0.518788
0.518788
0.518788
0.518788
0.518788
0.518788
0.518788
0.518788
0.518788
0.518787
0.518771
0.523726
0.44334
0.346556
0.983789
0.959116
0.898665
0.949706
0.92226
0.973088
0.997449
0.995395
0.998315
0.994901
4.79909e-06
0.997984
0.992724
0.998904
0.984796
0.959069
0.989148
0.956669
0.960253
0.729746
0.948308
0.999111
0.999933
0.99999
0.999991
0.999808
0.999742
0.998781
0.998701
0.998849
0.997557
0.993803
0.99813
0.98687
0.99986
0.518788
0.518788
0.518788
0.518788
0.518788
0.518788
0.518788
0.518788
0.518788
0.518788
0.518788
0.518788
0.518788
0.518788
0.518788
0.518788
0.518788
0.518788
0.518788
0.518788
0.518788
0.518788
0.518788
0.518788
0.518788
0.518788
0.518788
0.518788
0.518788
0.518788
0.518788
0.518788
0.518788
0.518788
0.518788
0.518788
0.518788
0.518788
0.518788
0.518788
0.518788
0.518788
0.518788
0.518788
0.518788
0.518788
0.518788
0.518788
0.518788
0.518788
0.518788
0.518788
0.518788
0.518788
0.518788
0.518788
0.518787
0.518788
0.520527
0.457102
0.0239179
4.25693e-05
3.97903e-15
0.00155867
0.287776
0.00180505
1.86511e-06
0.146316
0.0572303
0.118541
0.14637
0.146446
0.1463
0.0957854
0.670496
0.800783
0.122587
0.00365516
0.0890693
2.84799e-06
0.51108
0.924532
0.9213
0.0112141
0.975865
0.99568
0.999632
0.999978
0.999991
0.999967
0.999389
0.998089
0.997005
0.996947
0.986145
0.999862
0.518788
0.518788
0.518788
0.518788
0.518788
0.518788
0.518788
0.518788
0.518788
0.518788
0.518788
0.518788
0.518788
0.518788
0.518788
0.518788
0.518788
0.518788
0.518788
0.518788
0.518788
0.518788
0.518788
0.518788
0.518788
0.518788
0.518788
0.518788
0.518788
0.518788
0.518788
0.518788
0.518788
0.518788
0.518788
0.518788
0.518788
0.518788
0.518788
0.518788
0.518788
0.518788
0.518788
0.518788
0.518788
0.518788
0.518788
0.518788
0.518788
0.518788
0.518788
0.518788
0.518788
0.518788
0.518788
0.518788
0.518786
0.518799
0.561265
0.454247
0.0368571
0.564535
0.114721
0.00150962
0.00779025
0.754805
0.00170824
0.0421725
0.633519
0.00790513
0.194076
0.000584011
0.100131
0.0679571
0.145708
0.160878
1.37172e-07
0.377307
0.000183634
0.110706
0.923582
0.236952
0.922283
0.885155
0.824986
0.824251
0.972194
0.941835
0.997942
0.999963
0.999997
0.999364
0.999922
0.999874
0.999877
0.99991
0.518788
0.518788
0.518788
0.518788
0.518788
0.518788
0.518788
0.518788
0.518788
0.518788
0.518788
0.518788
0.518788
0.518788
0.518788
0.518788
0.518788
0.518788
0.518788
0.518788
0.518788
0.518788
0.518788
0.518788
0.518788
0.518788
0.518788
0.518788
0.518788
0.518788
0.518788
0.518788
0.518788
0.518788
0.518788
0.518788
0.518788
0.518788
0.518788
0.518788
0.518788
0.518788
0.518788
0.518788
0.518788
0.518788
0.518788
0.518788
0.518788
0.518788
0.518788
0.518788
0.518788
0.518788
0.518788
0.518788
0.518787
0.518801
0.519442
0.438587
0.904583
0.0388039
0.849099
0.622431
0.0157437
0.569249
0.19611
0.146442
0.146441
0.146436
0.145975
0.12993
0.00104222
0.146435
0.632637
0.708086
0.733298
0.843362
0.596876
0.457466
0.712573
0.140263
0.11716
0.968417
0.837102
0.000113168
0.124087
0.517951
0.167711
2.96097e-11
0.999686
0.99999
0.999861
0.883731
0.979104
0.999822
0.518788
0.518788
0.518788
0.518788
0.518788
0.518788
0.518788
0.518788
0.518788
0.518788
0.518788
0.518788
0.518788
0.518788
0.518788
0.518788
0.518788
0.518788
0.518788
0.518788
0.518788
0.518788
0.518788
0.518788
0.518788
0.518788
0.518788
0.518788
0.518788
0.518788
0.518788
0.518788
0.518788
0.518788
0.518788
0.518788
0.518788
0.518788
0.518788
0.518788
0.518788
0.518788
0.518788
0.518788
0.518788
0.518788
0.518788
0.518788
0.518788
0.518788
0.518788
0.518788
0.518788
0.518788
0.518788
0.518788
0.518786
0.518777
0.529442
0.404976
9.84514e-06
0.0328558
0.507781
0.0281596
0.0654743
1.9799e-05
0.116126
0.149151
0.0125391
0.477242
0.0264135
0.473918
0.407632
0.000534117
0.0127332
0.437123
0.10686
1.50842e-08
0.00223839
0.0774465
0.166758
0.0313178
4.18719e-09
0.00125172
0.00345289
0.785804
0.140343
0.619522
0.779508
0.59096
0.923249
0.931692
0.973944
0.933202
0.992128
0.996436
0.518788
0.518788
0.518788
0.518788
0.518788
0.518788
0.518788
0.518788
0.518788
0.518788
0.518788
0.518788
0.518788
0.518788
0.518788
0.518788
0.518788
0.518788
0.518788
0.518788
0.518788
0.518788
0.518788
0.518788
0.518788
0.518788
0.518788
0.518788
0.518788
0.518788
0.518788
0.518788
0.518788
0.518788
0.518788
0.518788
0.518788
0.518788
0.518788
0.518788
0.518788
0.518788
0.518788
0.518788
0.518788
0.518788
0.518788
0.518788
0.518788
0.518788
0.518788
0.518788
0.518788
0.518788
0.518788
0.518788
0.518787
0.518791
0.544678
0.459795
0.684534
0.128309
0.0196414
0.00212711
0.0873159
5.83074e-05
0.00646515
0.000301585
0.00125681
0.037292
0.875883
0.781899
0.907222
0.896287
0.370199
0.140987
0.0794112
0.463737
0.367826
0.0304237
0.138052
0.000213354
1.88566e-07
0.0978346
0.0976779
0.0361018
0.146441
0.52591
0.628212
0.650087
0.0484185
0.732652
0.980306
0.954661
0.997665
0.999942
0.518788
0.518788
0.518788
0.518788
0.518788
0.518788
0.518788
0.518788
0.518788
0.518788
0.518788
0.518788
0.518788
0.518788
0.518788
0.518788
0.518788
0.518788
0.518788
0.518788
0.518788
0.518788
0.518788
0.518788
0.518788
0.518788
0.518788
0.518788
0.518788
0.518788
0.518788
0.518788
0.518788
0.518788
0.518788
0.518788
0.518788
0.518788
0.518788
0.518788
0.518788
0.518788
0.518788
0.518788
0.518788
0.518788
0.518788
0.518788
0.518788
0.518788
0.518788
0.518788
0.518788
0.518788
0.518788
0.518788
0.518787
0.51879
0.518916
0.445543
0.931675
0.885666
0.117494
0.418276
0.0864137
0.00119187
2.34839e-05
0.00374212
0.0234636
0.0959255
0.995632
0.993901
0.826161
0.993863
0.996292
0.506307
0.890849
0.952237
0.905614
0.963332
0.565297
0.00245275
0.00039981
0.0298773
0.91273
0.205606
0.000725721
0.00032041
0.0015124
0.0683839
4.62667e-05
0.872818
0.651285
0.901056
0.883966
0.999329
0.518788
0.518788
0.518788
0.518788
0.518788
0.518788
0.518788
0.518788
0.518788
0.518788
0.518788
0.518788
0.518788
0.518788
0.518788
0.518788
0.518788
0.518788
0.518788
0.518788
0.518788
0.518788
0.518788
0.518788
0.518788
0.518788
0.518788
0.518788
0.518788
0.518788
0.518788
0.518788
0.518788
0.518788
0.518788
0.518788
0.518788
0.518788
0.518788
0.518788
0.518788
0.518788
0.518788
0.518788
0.518788
0.518788
0.518788
0.518788
0.518788
0.518788
0.518788
0.518788
0.518788
0.518788
0.518788
0.518788
0.518788
0.51878
0.52181
0.423021
0.973023
0.981349
0.98197
0.828476
0.914006
0.971945
0.982874
0.988889
0.978691
0.931525
0.998934
0.983072
0.998227
0.958691
0.99361
0.984207
0.992585
0.967272
0.886194
0.0361099
0.832636
0.00042354
0.987725
0.987774
0.558593
0.724642
0.931296
0.86314
0.846257
0.0480556
0.841359
0.159656
0.328243
0.962531
0.969176
0.999864
0.518788
0.518788
0.518788
0.518788
0.518788
0.518788
0.518788
0.518788
0.518788
0.518788
0.518788
0.518788
0.518788
0.518788
0.518788
0.518788
0.518788
0.518788
0.518788
0.518788
0.518788
0.518788
0.518788
0.518788
0.518788
0.518788
0.518788
0.518788
0.518788
0.518788
0.518788
0.518788
0.518788
0.518788
0.518788
0.518788
0.518788
0.518788
0.518788
0.518788
0.518788
0.518788
0.518788
0.518788
0.518788
0.518788
0.518788
0.518788
0.518788
0.518788
0.518788
0.518788
0.518788
0.518788
0.518788
0.518788
0.518787
0.518865
0.533923
0.409795
0.97765
0.9995
0.997643
0.99874
0.998767
0.999272
0.999225
0.99516
0.999169
0.999116
0.998066
0.997974
0.984295
0.970958
0.995038
0.998981
0.999371
0.999528
0.999551
0.999617
0.999527
0.999529
0.999031
0.998357
0.00313568
0.999777
0.999563
0.998619
0.995225
0.996529
0.993508
0.989438
0.986569
0.998537
0.999712
0.999995
0.518788
0.518788
0.518788
0.518788
0.518788
0.518788
0.518788
0.518788
0.518788
0.518788
0.518788
0.518788
0.518788
0.518788
0.518788
0.518788
0.518788
0.518788
0.518788
0.518788
0.518788
0.518788
0.518788
0.518788
0.518788
0.518788
0.518788
0.518788
0.518788
0.518788
0.518788
0.518788
0.518788
0.518788
0.518788
0.518788
0.518788
0.518788
0.518788
0.518788
0.518788
0.518788
0.518788
0.518788
0.518788
0.518788
0.518788
0.518788
0.518788
0.518788
0.518788
0.518788
0.518788
0.518788
0.518788
0.518788
0.518787
0.518769
0.518536
0.439546
0.865164
0.999895
0.999996
0.99611
0.999286
0.988529
0.999241
0.999602
0.999507
0.99933
0.999097
0.998594
0.998135
0.998396
0.999246
0.99959
0.999706
0.99977
0.999834
0.999883
0.9999
0.999829
0.999737
0.999207
0.999074
0.999482
0.999893
0.999871
0.999855
0.999864
0.999794
0.99982
0.999851
0.999879
0.99983
0.999753
0.518788
0.518788
0.518788
0.518788
0.518788
0.518788
0.518788
0.518788
0.518788
0.518788
0.518788
0.518788
0.518788
0.518788
0.518788
0.518788
0.518788
0.518788
0.518788
0.518788
0.518788
0.518788
0.518788
0.518788
0.518788
0.518788
0.518788
0.518788
0.518788
0.518788
0.518788
0.518788
0.518788
0.518788
0.518788
0.518788
0.518788
0.518788
0.518788
0.518788
0.518788
0.518788
0.518788
0.518788
0.518788
0.518788
0.518788
0.518788
0.518788
0.518788
0.518788
0.518788
0.518788
0.518788
0.518788
0.518788
0.518786
0.518739
0.516512
0.456178
0.169346
0.999996
0.999762
0.999804
0.999574
0.999444
0.999328
0.998948
0.997875
0.991785
0.984227
0.995946
0.997007
0.99634
0.992999
0.989603
0.9845
0.972848
0.995201
0.998115
0.998957
0.999259
0.999098
0.9916
0.996179
0.999201
0.999277
0.998876
0.998797
0.999093
0.996141
0.998724
0.999432
0.999482
0.999117
0.999871
0.518788
0.518788
0.518788
0.518788
0.518788
0.518788
0.518788
0.518788
0.518788
0.518788
0.518788
0.518788
0.518788
0.518788
0.518788
0.518788
0.518788
0.518788
0.518788
0.518788
0.518788
0.518788
0.518788
0.518788
0.518788
0.518788
0.518788
0.518788
0.518788
0.518788
0.518788
0.518788
0.518788
0.518788
0.518788
0.518788
0.518788
0.518788
0.518788
0.518788
0.518788
0.518788
0.518788
0.518788
0.518788
0.518788
0.518788
0.518788
0.518788
0.518788
0.518788
0.518788
0.518788
0.518788
0.518788
0.518788
0.518784
0.518692
0.423019
0.449867
0.862147
0.99997
0.999997
0.999798
0.999736
0.997662
0.999329
0.999238
0.99898
0.997963
0.957779
0.993024
0.995703
0.998327
0.998729
0.99815
0.995976
0.00135607
0.992449
0.998304
0.998885
0.999252
0.999069
0.993592
0.973198
0.999205
0.999123
0.999011
0.998727
0.062666
0.996521
0.993869
0.999131
0.999344
0.998396
0.999869
0.518788
0.518788
0.518788
0.518788
0.518788
0.518788
0.518788
0.518788
0.518788
0.518788
0.518788
0.518788
0.518788
0.518788
0.518788
0.518788
0.518788
0.518788
0.518788
0.518788
0.518788
0.518788
0.518788
0.518788
0.518788
0.518788
0.518788
0.518788
0.518788
0.518788
0.518788
0.518788
0.518788
0.518788
0.518788
0.518788
0.518788
0.518788
0.518788
0.518788
0.518788
0.518788
0.518788
0.518788
0.518788
0.518788
0.518788
0.518788
0.518788
0.518788
0.518788
0.518788
0.518788
0.518788
0.518788
0.518788
0.518785
0.517606
0.516382
0.445319
0.819693
0.0103598
0.999998
0.999691
0.999141
0.998704
0.998886
0.999174
0.99919
0.999077
0.998852
0.998464
0.997556
0.994663
0.986769
0.986771
0.997278
0.994392
0.993045
0.997934
0.998942
0.999293
0.999058
0.788012
0.992917
0.999084
0.997405
0.997574
0.982425
0.998289
0.998722
0.998046
0.997825
0.998171
0.996554
0.999871
0.518788
0.518788
0.518788
0.518788
0.518788
0.518788
0.518788
0.518788
0.518788
0.518788
0.518788
0.518788
0.518788
0.518788
0.518788
0.518788
0.518788
0.518788
0.518788
0.518788
0.518788
0.518788
0.518788
0.518788
0.518788
0.518788
0.518788
0.518788
0.518788
0.518788
0.518788
0.518788
0.518788
0.518788
0.518788
0.518788
0.518788
0.518788
0.518788
0.518788
0.518788
0.518788
0.518788
0.518788
0.518788
0.518788
0.518788
0.518788
0.518788
0.518788
0.518788
0.518788
0.518788
0.518788
0.518788
0.518788
0.518788
0.518788
0.50098
0.399158
0.894702
0.998264
0.999993
0.998117
0.999034
0.996791
0.993876
0.923744
0.992608
0.955348
0.68976
0.994807
0.965162
0.99393
0.99585
0.997733
0.996634
0.981568
0.992994
0.990685
0.990823
0.990709
0.990415
0.989061
0.959131
0.965057
0.980246
0.981918
0.987469
0.993277
0.995036
0.997147
0.996434
0.983886
0.99768
0.999862
0.518788
0.518788
0.518788
0.518788
0.518788
0.518788
0.518788
0.518788
0.518788
0.518788
0.518788
0.518788
0.518788
0.518788
0.518788
0.518788
0.518788
0.518788
0.518788
0.518788
0.518788
0.518788
0.518788
0.518788
0.518788
0.518788
0.518788
0.518788
0.518788
0.518788
0.518788
0.518788
0.518788
0.518788
0.518788
0.518788
0.518788
0.518788
0.518788
0.518788
0.518788
0.518788
0.518788
0.518788
0.518788
0.518788
0.518788
0.518788
0.518788
0.518788
0.518788
0.518788
0.518788
0.518788
0.518788
0.518788
0.518785
0.518191
0.487151
0.473143
0.787678
0.997041
0.999993
0.997712
0.994696
0.983858
0.992139
0.981475
0.991713
0.991214
0.994927
0.996344
0.997427
0.994331
0.994695
0.997517
0.997597
0.99416
0.950015
0.969327
0.959743
0.938036
0.882136
0.973752
0.983035
0.943379
0.993948
0.997059
0.99632
0.995461
0.995319
0.995893
0.998391
0.997187
0.997291
0.999848
0.518788
0.518788
0.518788
0.518788
0.518788
0.518788
0.518788
0.518788
0.518788
0.518788
0.518788
0.518788
0.518788
0.518788
0.518788
0.518788
0.518788
0.518788
0.518788
0.518788
0.518788
0.518788
0.518788
0.518788
0.518788
0.518788
0.518788
0.518788
0.518788
0.518788
0.518788
0.518788
0.518788
0.518788
0.518788
0.518788
0.518788
0.518788
0.518788
0.518788
0.518788
0.518788
0.518788
0.518788
0.518788
0.518788
0.518788
0.518788
0.518788
0.518788
0.518788
0.518788
0.518788
0.518788
0.518788
0.518788
0.518788
0.518782
0.519115
0.447552
0.845191
0.999451
0.999994
0.999783
0.999793
0.999207
0.9997
0.999756
0.999835
0.999865
0.99985
0.999604
0.999786
0.999748
0.999604
0.998772
0.999657
0.999204
0.994984
0.995038
0.99622
0.996798
0.996959
0.99745
0.997423
0.997381
0.997406
0.99072
0.998979
0.997948
0.991794
0.99649
0.998323
0.99701
0.998549
0.999866
0.518788
0.518788
0.518788
0.518788
0.518788
0.518788
0.518788
0.518788
0.518788
0.518788
0.518788
0.518788
0.518788
0.518788
0.518788
0.518788
0.518788
0.518788
0.518788
0.518788
0.518788
0.518788
0.518788
0.518788
0.518788
0.518788
0.518788
0.518788
0.518788
0.518788
0.518788
0.518788
0.518788
0.518788
0.518788
0.518788
0.518788
0.518788
0.518788
0.518788
0.518788
0.518788
0.518788
0.518788
0.518788
0.518788
0.518788
0.518788
0.518788
0.518788
0.518788
0.518788
0.518788
0.518788
0.518788
0.518788
0.518788
0.518856
0.476856
0.515068
0.475639
0.994709
0.997946
0.993243
0.998047
0.998497
0.999264
0.999588
0.999653
0.999923
0.999991
0.999987
0.999985
0.999982
0.999968
0.999982
0.999992
0.999668
0.99862
0.998874
0.999037
0.999454
0.999629
0.999708
0.999775
0.99655
0.998414
0.998704
0.999315
0.99718
0.998347
0.998619
0.995564
0.985916
0.992094
0.999864
0.518788
0.518788
0.518788
0.518788
0.518788
0.518788
0.518788
0.518788
0.518788
0.518788
0.518788
0.518788
0.518788
0.518788
0.518788
0.518788
0.518788
0.518788
0.518788
0.518788
0.518788
0.518788
0.518788
0.518788
0.518788
0.518788
0.518788
0.518788
0.518788
0.518788
0.518788
0.518788
0.518788
0.518788
0.518788
0.518788
0.518788
0.518788
0.518788
0.518788
0.518788
0.518788
0.518788
0.518788
0.518788
0.518788
0.518788
0.518788
0.518788
0.518788
0.518788
0.518788
0.518788
0.518788
0.518788
0.518788
0.518788
0.518794
0.518593
0.442076
0.8923
0.994296
0.938805
0.957502
0.984497
0.992887
0.990604
0.99736
0.996843
0.996971
0.991261
6.69993e-07
0.999951
0.999991
0.999316
0.997343
0.999516
0.999769
0.999862
0.999531
0.99987
0.999846
0.999864
0.999901
0.999917
0.999933
0.999931
0.999924
0.999764
0.998789
0.999283
0.998052
0.989136
0.991302
0.997903
0.999868
0.518788
0.518788
0.518788
0.518788
0.518788
0.518788
0.518788
0.518788
0.518788
0.518788
0.518788
0.518788
0.518788
0.518788
0.518788
0.518788
0.518788
0.518788
0.518788
0.518788
0.518788
0.518788
0.518788
0.518788
0.518788
0.518788
0.518788
0.518788
0.518788
0.518788
0.518788
0.518788
0.518788
0.518788
0.518788
0.518788
0.518788
0.518788
0.518788
0.518788
0.518788
0.518788
0.518788
0.518788
0.518788
0.518788
0.518788
0.518788
0.518788
0.518788
0.518788
0.518788
0.518788
0.518788
0.518788
0.518788
0.518788
0.518914
0.512793
0.475686
0.0177777
0.984626
0.592234
0.991974
0.910712
0.922607
0.96781
0.942306
0.972328
0.995098
0.999514
0.999934
0.99999
0.999998
0.999473
4.19997e-17
0.982962
0.999889
0.000773704
0.999953
0.999622
0.989214
0.999879
0.999922
0.999935
0.999959
0.99996
0.999933
0.999831
0.999855
0.999553
0.999202
0.997822
0.994279
0.998257
0.999872
0.518788
0.518788
0.518788
0.518788
0.518788
0.518788
0.518788
0.518788
0.518788
0.518788
0.518788
0.518788
0.518788
0.518788
0.518788
0.518788
0.518788
0.518788
0.518788
0.518788
0.518788
0.518788
0.518788
0.518788
0.518788
0.518788
0.518788
0.518788
0.518788
0.518788
0.518788
0.518788
0.518788
0.518788
0.518788
0.518788
0.518788
0.518788
0.518788
0.518788
0.518788
0.518788
0.518788
0.518788
0.518788
0.518788
0.518788
0.518788
0.518788
0.518788
0.518788
0.518788
0.518788
0.518788
0.518788
0.518788
0.518775
0.517374
0.551049
0.439777
0.392918
0.99411
0.982875
0.995795
0.955139
0.863445
0.766569
4.30114e-05
3.05003e-06
0.999856
0.999998
0.999762
0.997918
0.547787
1.07303e-05
0.99995
0.999774
3.73885e-08
0.999979
0.999988
0.999991
0.999895
0.989786
0.999914
0.999875
0.999946
1.25349e-06
0.999612
0.999929
0.999717
0.999942
0.999494
0.999404
0.997289
0.999492
0.999878
0.518788
0.518788
0.518788
0.518788
0.518788
0.518788
0.518788
0.518788
0.518788
0.518788
0.518788
0.518788
0.518788
0.518788
0.518788
0.518788
0.518788
0.518788
0.518788
0.518788
0.518788
0.518788
0.518788
0.518788
0.518788
0.518788
0.518788
0.518788
0.518788
0.518788
0.518788
0.518788
0.518788
0.518788
0.518788
0.518788
0.518788
0.518788
0.518788
0.518788
0.518788
0.518788
0.518788
0.518788
0.518788
0.518788
0.518788
0.518788
0.518788
0.518788
0.518788
0.518788
0.518788
0.518788
0.518788
0.518788
0.518787
0.518679
0.472249
0.479799
0.404478
2.34722e-08
0.995037
0.997518
0.966539
0.992181
0.960003
0.897473
0.0128522
0.997854
0.993414
0.932049
0.973676
0.966947
0.974153
0.984404
0.990337
0.992411
0.796117
0.188372
0.995702
0.999919
1.26301e-09
0.999998
3.92628e-05
2.24513e-06
2.18175e-06
6.68794e-05
7.75395e-07
3.93509e-07
1.0779e-05
0.999031
0.999807
0.999869
0.999756
0.999972
0.518788
0.518788
0.518788
0.518788
0.518788
0.518788
0.518788
0.518788
0.518788
0.518788
0.518788
0.518788
0.518788
0.518788
0.518788
0.518788
0.518788
0.518788
0.518788
0.518788
0.518788
0.518788
0.518788
0.518788
0.518788
0.518788
0.518788
0.518788
0.518788
0.518788
0.518788
0.518788
0.518788
0.518788
0.518788
0.518788
0.518788
0.518788
0.518788
0.518788
0.518788
0.518788
0.518788
0.518788
0.518788
0.518788
0.518788
0.518788
0.518788
0.518788
0.518788
0.518788
0.518788
0.518788
0.518788
0.518788
0.518787
0.518797
0.498959
0.471207
0.341076
0.963099
0.987627
0.992897
0.966109
0.952842
0.914794
0.939455
0.943406
0.939668
0.851331
0.973406
0.875516
0.943915
0.947162
0.943504
0.970326
0.874981
0.970452
0.00273887
0.984
0.923593
0.986705
0.996713
0.99424
0.996064
0.999917
0.999991
0.999992
0.999867
0.999813
0.999849
0.999864
0.999946
0.999964
0.99997
0.518788
0.518788
0.518788
0.518788
0.518788
0.518788
0.518788
0.518788
0.518788
0.518788
0.518788
0.518788
0.518788
0.518788
0.518788
0.518788
0.518788
0.518788
0.518788
0.518788
0.518788
0.518788
0.518788
0.518788
0.518788
0.518788
0.518788
0.518788
0.518788
0.518788
0.518788
0.518788
0.518788
0.518788
0.518788
0.518788
0.518788
0.518788
0.518788
0.518788
0.518788
0.518788
0.518788
0.518788
0.518788
0.518788
0.518788
0.518788
0.518788
0.518788
0.518788
0.518788
0.518788
0.518788
0.518788
0.518788
0.518786
0.518926
0.521065
0.416276
0.931054
0.959012
0.988892
0.988166
0.938751
0.990545
0.971298
0.893189
0.90487
0.929274
0.880883
0.097876
0.944597
0.981374
0.931788
0.989238
0.996721
0.999049
0.998202
0.999405
0.999086
0.000283026
0.995133
0.996939
0.999238
0.999177
0.99144
0.999447
0.999927
3.64883e-11
0.999991
0.999923
0.999899
0.99992
0.999909
0.999917
0.518788
0.518788
0.518788
0.518788
0.518788
0.518788
0.518788
0.518788
0.518788
0.518788
0.518788
0.518788
0.518788
0.518788
0.518788
0.518788
0.518788
0.518788
0.518788
0.518788
0.518788
0.518788
0.518788
0.518788
0.518788
0.518788
0.518788
0.518788
0.518788
0.518788
0.518788
0.518788
0.518788
0.518788
0.518788
0.518788
0.518788
0.518788
0.518788
0.518788
0.518788
0.518788
0.518788
0.518788
0.518788
0.518788
0.518788
0.518788
0.518788
0.518788
0.518788
0.518788
0.518788
0.518788
0.518788
0.518788
0.518788
0.518935
0.534789
0.530369
0.133491
0.99244
0.992413
0.989437
0.968041
0.997113
0.389826
0.987742
0.968579
0.990416
0.990576
0.996668
0.981475
0.995815
0.998076
0.999317
0.999393
0.999631
0.999534
0.999784
0.999947
0.999989
0.999991
0.999809
0.999992
0.999986
0.999857
0.999304
0.998633
0.0122474
0.999773
0.999987
0.999991
0.999026
0.996914
0.999838
0.518788
0.518788
0.518788
0.518788
0.518788
0.518788
0.518788
0.518788
0.518788
0.518788
0.518788
0.518788
0.518788
0.518788
0.518788
0.518788
0.518788
0.518788
0.518788
0.518788
0.518788
0.518788
0.518788
0.518788
0.518788
0.518788
0.518788
0.518788
0.518788
0.518788
0.518788
0.518788
0.518788
0.518788
0.518788
0.518788
0.518788
0.518788
0.518788
0.518788
0.518788
0.518788
0.518788
0.518788
0.518788
0.518788
0.518788
0.518788
0.518788
0.518788
0.518788
0.518788
0.518788
0.518788
0.518788
0.518788
0.518787
0.518759
0.517702
0.467598
0.607133
0.99444
0.995347
0.982294
0.999619
0.999902
0.999966
0.998629
0.999902
0.999989
0.999991
0.998935
0.998643
0.997608
0.995381
0.998922
0.99958
0.999722
0.999712
0.999679
0.999618
0.99965
0.999709
0.999885
0.999893
0.999823
0.999816
0.999861
0.998268
0.999355
0.999752
0.99984
0.99055
0.999083
0.999516
0.999888
0.518788
0.518788
0.518788
0.518788
0.518788
0.518788
0.518788
0.518788
0.518788
0.518788
0.518788
0.518788
0.518788
0.518788
0.518788
0.518788
0.518788
0.518788
0.518788
0.518788
0.518788
0.518788
0.518788
0.518788
0.518788
0.518788
0.518788
0.518788
0.518788
0.518788
0.518788
0.518788
0.518788
0.518788
0.518788
0.518788
0.518788
0.518788
0.518788
0.518788
0.518788
0.518788
0.518788
0.518788
0.518788
0.518788
0.518788
0.518788
0.518788
0.518788
0.518788
0.518788
0.518788
0.518788
0.518788
0.518788
0.518787
0.517979
0.517371
0.445629
0.872296
0.998861
0.999993
0.999992
0.999544
0.999461
0.999528
0.998707
0.999095
0.999285
0.996615
0.992603
0.991704
0.993177
0.996121
0.998018
0.998749
0.998591
0.995843
0.992022
0.996873
0.997721
0.997073
0.992944
0.996998
0.866563
0.999345
0.999527
0.999402
0.99915
0.998242
0.999386
0.999192
0.99872
0.999088
0.99988
0.518788
0.518788
0.518788
0.518788
0.518788
0.518788
0.518788
0.518788
0.518788
0.518788
0.518788
0.518788
0.518788
0.518788
0.518788
0.518788
0.518788
0.518788
0.518788
0.518788
0.518788
0.518788
0.518788
0.518788
0.518788
0.518788
0.518788
0.518788
0.518788
0.518788
0.518788
0.518788
0.518788
0.518788
0.518788
0.518788
0.518788
0.518788
0.518788
0.518788
0.518788
0.518788
0.518788
0.518788
0.518788
0.518788
0.518788
0.518788
0.518788
0.518788
0.518788
0.518788
0.518788
0.518788
0.518788
0.518788
0.518786
0.518753
0.499308
0.458307
0.824902
0.997901
0.999997
0.999633
0.995034
0.999113
0.998986
0.997718
0.989603
0.947321
0.994834
0.995463
0.990146
0.979378
0.993851
0.996931
0.996732
0.919358
0.99444
0.989533
0.978093
0.982102
0.993504
0.988719
0.997964
0.915551
0.999323
0.999369
0.999366
0.99922
0.995066
0.999373
0.999557
0.999267
0.998488
0.999874
0.518788
0.518788
0.518788
0.518788
0.518788
0.518788
0.518788
0.518788
0.518788
0.518788
0.518788
0.518788
0.518788
0.518788
0.518788
0.518788
0.518788
0.518788
0.518788
0.518788
0.518788
0.518788
0.518788
0.518788
0.518788
0.518788
0.518788
0.518788
0.518788
0.518788
0.518788
0.518788
0.518788
0.518788
0.518788
0.518788
0.518788
0.518788
0.518788
0.518788
0.518788
0.518788
0.518788
0.518788
0.518788
0.518788
0.518788
0.518788
0.518788
0.518788
0.518788
0.518788
0.518788
0.518788
0.518788
0.518788
0.518784
0.518666
0.491071
0.461195
0.802072
0.998583
0.999997
0.99957
0.998438
0.997999
0.999226
0.998915
0.997299
0.986393
0.992623
0.997691
0.998433
0.998407
0.997737
0.991662
0.982753
0.992314
0.995163
0.918651
0.896667
0.983346
0.996176
0.995622
0.997875
0.965024
0.999115
0.999365
0.994802
0.998961
0.998488
0.998928
0.999505
0.999454
0.998951
0.999874
0.518788
0.518788
0.518788
0.518788
0.518788
0.518788
0.518788
0.518788
0.518788
0.518788
0.518788
0.518788
0.518788
0.518788
0.518788
0.518788
0.518788
0.518788
0.518788
0.518788
0.518788
0.518788
0.518788
0.518788
0.518788
0.518788
0.518788
0.518788
0.518788
0.518788
0.518788
0.518788
0.518788
0.518788
0.518788
0.518788
0.518788
0.518788
0.518788
0.518788
0.518788
0.518788
0.518788
0.518788
0.518788
0.518788
0.518788
0.518788
0.518788
0.518788
0.518788
0.518788
0.518788
0.518788
0.518788
0.518788
0.518785
0.518763
0.510955
0.331915
2.86619e-06
0.999668
0.999998
0.999679
0.99807
0.995893
0.99861
0.999215
0.9991
0.998838
0.998451
0.996673
0.991321
0.991137
0.967168
0.99243
0.993638
0.954959
0.99325
0.983277
0.992291
0.992598
0.993136
0.986566
0.997949
0.989999
0.999006
0.999298
0.998707
0.998727
0.996541
0.992801
0.998363
0.9986
0.997002
0.999863
)
;

boundaryField
{
    outlet
    {
        type            zeroGradient;
    }
    inlet
    {
        type            fixedValue;
        value           uniform 0.02;
    }
    walls
    {
        type            zeroGradient;
    }
}


// ************************************************************************* //
