/*--------------------------------*- C++ -*----------------------------------*\
| =========                 |                                                 |
| \\      /  F ield         | OpenFOAM: The Open Source CFD Toolbox           |
|  \\    /   O peration     | Version:  2.3.0                                 |
|   \\  /    A nd           | Web:      www.OpenFOAM.org                      |
|    \\/     M anipulation  |                                                 |
\*---------------------------------------------------------------------------*/
FoamFile
{
    version     2.0;
    format      ascii;
    class       volScalarField;
    location    "39";
    object      w1;
}
// * * * * * * * * * * * * * * * * * * * * * * * * * * * * * * * * * * * * * //

dimensions      [0 0 0 0 0 0 0];

internalField   nonuniform List<scalar> 
6144
(
0.518788
0.518788
0.518788
0.518788
0.518788
0.518788
0.518788
0.518788
0.518788
0.518788
0.518788
0.518788
0.518788
0.518788
0.518788
0.518788
0.518788
0.518788
0.518788
0.518788
0.518788
0.518788
0.518788
0.518788
0.518788
0.518788
0.518788
0.518788
0.518788
0.518788
0.518788
0.518788
0.518788
0.518788
0.518788
0.518788
0.518788
0.518788
0.518788
0.518788
0.518788
0.518788
0.518788
0.518788
0.518788
0.518788
0.518788
0.518788
0.518788
0.518788
0.518788
0.518788
0.518788
0.518788
0.518788
0.518788
0.518787
0.51878
0.519343
0.468738
0.849231
0.999427
0.999996
0.999442
0.99145
0.997749
0.971238
0.996652
0.99607
0.998375
0.998691
0.99738
0.990004
0.813699
0.988299
0.982055
0.972732
0.986464
0.988131
0.987214
0.983298
0.983391
0.9708
0.957115
0.989774
0.991195
0.991853
0.988021
0.98441
0.941041
0.947707
0.923846
0.992919
0.998335
0.999454
0.999889
0.518788
0.518788
0.518788
0.518788
0.518788
0.518788
0.518788
0.518788
0.518788
0.518788
0.518788
0.518788
0.518788
0.518788
0.518788
0.518788
0.518788
0.518788
0.518788
0.518788
0.518788
0.518788
0.518788
0.518788
0.518788
0.518788
0.518788
0.518788
0.518788
0.518788
0.518788
0.518788
0.518788
0.518788
0.518788
0.518788
0.518788
0.518788
0.518788
0.518788
0.518788
0.518788
0.518788
0.518788
0.518788
0.518788
0.518788
0.518788
0.518788
0.518788
0.518788
0.518788
0.518788
0.518788
0.518788
0.518788
0.518779
0.51743
0.469288
0.485909
0.793415
0.998866
0.999996
0.999389
0.998937
0.996481
0.979629
0.996018
0.998946
0.998896
0.997496
0.992125
0.972498
0.991815
0.969963
0.985834
0.994058
0.994143
0.994411
0.994211
0.994692
0.995249
0.99528
0.995765
0.994934
0.995058
0.994957
0.994969
0.995104
0.995402
0.996391
0.996
0.996559
0.998919
0.999494
0.999886
0.518788
0.518788
0.518788
0.518788
0.518788
0.518788
0.518788
0.518788
0.518788
0.518788
0.518788
0.518788
0.518788
0.518788
0.518788
0.518788
0.518788
0.518788
0.518788
0.518788
0.518788
0.518788
0.518788
0.518788
0.518788
0.518788
0.518788
0.518788
0.518788
0.518788
0.518788
0.518788
0.518788
0.518788
0.518788
0.518788
0.518788
0.518788
0.518788
0.518788
0.518788
0.518788
0.518788
0.518788
0.518788
0.518788
0.518788
0.518788
0.518788
0.518788
0.518788
0.518788
0.518788
0.518788
0.518788
0.518788
0.518789
0.518632
0.50006
0.582716
0.194514
0.999118
0.999996
0.999929
0.999873
0.999809
0.999756
0.999457
0.9998
0.999654
0.996506
0.999139
0.999162
0.999286
0.999317
0.993867
0.988103
0.999392
0.999478
0.999453
0.999371
0.998956
0.926191
0.998821
0.998523
0.984784
0.852972
0.986921
0.966302
0.989081
0.976992
0.99123
0.99725
0.998838
0.999488
0.999884
0.518788
0.518788
0.518788
0.518788
0.518788
0.518788
0.518788
0.518788
0.518788
0.518788
0.518788
0.518788
0.518788
0.518788
0.518788
0.518788
0.518788
0.518788
0.518788
0.518788
0.518788
0.518788
0.518788
0.518788
0.518788
0.518788
0.518788
0.518788
0.518788
0.518788
0.518788
0.518788
0.518788
0.518788
0.518788
0.518788
0.518788
0.518788
0.518788
0.518788
0.518788
0.518788
0.518788
0.518788
0.518788
0.518788
0.518788
0.518788
0.518788
0.518788
0.518788
0.518788
0.518788
0.518788
0.518788
0.518788
0.518788
0.518789
0.515491
0.480395
0.0668658
0.823664
0.999508
0.999723
0.999707
0.998327
0.996828
0.998471
0.999211
0.999235
0.999408
0.998122
0.999378
0.999894
0.999988
0.999991
0.999977
0.99999
0.999981
0.999904
0.99993
0.999991
0.999926
0.999987
0.999981
0.999991
0.999244
0.999601
0.997154
0.960996
0.994199
0.978491
0.993087
0.998443
0.999425
0.999893
0.518788
0.518788
0.518788
0.518788
0.518788
0.518788
0.518788
0.518788
0.518788
0.518788
0.518788
0.518788
0.518788
0.518788
0.518788
0.518788
0.518788
0.518788
0.518788
0.518788
0.518788
0.518788
0.518788
0.518788
0.518788
0.518788
0.518788
0.518788
0.518788
0.518788
0.518788
0.518788
0.518788
0.518788
0.518788
0.518788
0.518788
0.518788
0.518788
0.518788
0.518788
0.518788
0.518788
0.518788
0.518788
0.518788
0.518788
0.518788
0.518788
0.518788
0.518788
0.518788
0.518788
0.518788
0.518788
0.518788
0.518787
0.518807
0.518797
0.504329
0.808852
0.969348
0.982449
0.946196
0.660578
0.802271
0.925367
0.0537116
0.844431
0.398592
0.880328
0.90297
0.912939
0.991995
0.995289
0.991809
0.99705
0.997906
0.997049
0.0297441
0.987048
0.971789
0.996722
0.995345
0.995086
0.999386
0.999934
0.999991
0.999993
0.999888
0.999935
0.998838
0.997857
0.996356
0.999418
0.999884
0.518788
0.518788
0.518788
0.518788
0.518788
0.518788
0.518788
0.518788
0.518788
0.518788
0.518788
0.518788
0.518788
0.518788
0.518788
0.518788
0.518788
0.518788
0.518788
0.518788
0.518788
0.518788
0.518788
0.518788
0.518788
0.518788
0.518788
0.518788
0.518788
0.518788
0.518788
0.518788
0.518788
0.518788
0.518788
0.518788
0.518788
0.518788
0.518788
0.518788
0.518788
0.518788
0.518788
0.518788
0.518788
0.518788
0.518788
0.518788
0.518788
0.518788
0.518788
0.518788
0.518788
0.518788
0.518788
0.518788
0.518788
0.518789
0.518784
0.512275
0.683279
0.533942
0.921495
0.855233
0.926748
0.298856
0.930959
0.757007
5.44415e-10
0.541943
0.669666
0.764168
0.0129401
0.00130072
0.0395692
0.000136743
0.244193
0.0127338
0.869066
6.07938e-07
0.00196985
0.996015
0.997012
0.997152
0.985559
0.985061
0.950793
0.988977
0.999177
0.99983
0.999977
0.999997
0.999952
0.999872
0.999833
0.999842
0.518788
0.518788
0.518788
0.518788
0.518788
0.518788
0.518788
0.518788
0.518788
0.518788
0.518788
0.518788
0.518788
0.518788
0.518788
0.518788
0.518788
0.518788
0.518788
0.518788
0.518788
0.518788
0.518788
0.518788
0.518788
0.518788
0.518788
0.518788
0.518788
0.518788
0.518788
0.518788
0.518788
0.518788
0.518788
0.518788
0.518788
0.518788
0.518788
0.518788
0.518788
0.518788
0.518788
0.518788
0.518788
0.518788
0.518788
0.518788
0.518788
0.518788
0.518788
0.518788
0.518788
0.518788
0.518788
0.518788
0.518785
0.51887
0.520546
0.422565
0.924899
0.00158307
0.00327033
0.880383
0.00396875
0.0036342
0.00310126
0.193191
0.92053
0.145286
2.11207e-06
0.0681568
0.599097
0.399642
0.118255
0.0912504
0.000100506
0.827842
0.070471
0.753603
0.986575
0.997747
3.53323e-06
0.999343
0.0016722
0.995053
0.994193
0.995668
0.995949
0.994443
0.988759
0.985829
0.960999
0.997439
0.999022
0.999992
0.518788
0.518788
0.518788
0.518788
0.518788
0.518788
0.518788
0.518788
0.518788
0.518788
0.518788
0.518788
0.518788
0.518788
0.518788
0.518788
0.518788
0.518788
0.518788
0.518788
0.518788
0.518788
0.518788
0.518788
0.518788
0.518788
0.518788
0.518788
0.518788
0.518788
0.518788
0.518788
0.518788
0.518788
0.518788
0.518788
0.518788
0.518788
0.518788
0.518788
0.518788
0.518788
0.518788
0.518788
0.518788
0.518788
0.518788
0.518788
0.518788
0.518788
0.518788
0.518788
0.518788
0.518788
0.518788
0.518788
0.518788
0.517966
0.533341
0.433591
0.912887
0.13779
0.0195549
0.000970061
0.144108
0.0114614
0.463955
7.34735e-08
0.0185038
0.00130174
0.00015123
0.625553
0.00678
0.27683
0.131159
0.475773
0.790082
0.142337
0.146423
0.145893
4.35213e-05
0.219621
0.000554075
0.988304
0.998046
2.42162e-06
0.993331
0.0667232
5.03773e-06
3.06571e-05
0.999888
0.993248
0.949381
1.32959e-12
4.87222e-05
0.999956
0.518788
0.518788
0.518788
0.518788
0.518788
0.518788
0.518788
0.518788
0.518788
0.518788
0.518788
0.518788
0.518788
0.518788
0.518788
0.518788
0.518788
0.518788
0.518788
0.518788
0.518788
0.518788
0.518788
0.518788
0.518788
0.518788
0.518788
0.518788
0.518788
0.518788
0.518788
0.518788
0.518788
0.518788
0.518788
0.518788
0.518788
0.518788
0.518788
0.518788
0.518788
0.518788
0.518788
0.518788
0.518788
0.518788
0.518788
0.518788
0.518788
0.518788
0.518788
0.518788
0.518788
0.518788
0.518788
0.518788
0.518789
0.518798
0.518505
0.436996
0.957617
0.057227
0.107654
0.000464153
0.124935
0.199345
0.232306
0.052995
0.000339247
0.000990586
0.135476
0.847179
0.86182
0.00118006
0.811261
0.0220655
0.00191381
0.694624
0.00119083
0.00125869
1.35849e-05
0.563801
0.122321
0.0538333
0.749737
8.47558e-05
0.631018
0.859501
0.95802
0.975139
0.99805
0.99911
0.999052
0.993885
0.982653
0.99989
0.518788
0.518788
0.518788
0.518788
0.518788
0.518788
0.518788
0.518788
0.518788
0.518788
0.518788
0.518788
0.518788
0.518788
0.518788
0.518788
0.518788
0.518788
0.518788
0.518788
0.518788
0.518788
0.518788
0.518788
0.518788
0.518788
0.518788
0.518788
0.518788
0.518788
0.518788
0.518788
0.518788
0.518788
0.518788
0.518788
0.518788
0.518788
0.518788
0.518788
0.518788
0.518788
0.518788
0.518788
0.518788
0.518788
0.518788
0.518788
0.518788
0.518788
0.518788
0.518788
0.518788
0.518788
0.518788
0.518788
0.518789
0.518789
0.51867
0.425746
0.931554
0.90739
0.881116
0.903528
0.932381
0.00252016
0.11523
0.122606
0.690995
0.691339
0.678483
0.00208891
0.0197023
0.133556
0.0316816
0.645629
0.0205946
1.05021e-05
0.649451
6.55231e-05
0.940957
0.00220502
0.120072
0.953425
0.587813
0.90793
0.17752
0.0531112
0.000241115
0.893608
0.8915
0.999487
0.987013
0.998707
0.999793
0.999992
0.518788
0.518788
0.518788
0.518788
0.518788
0.518788
0.518788
0.518788
0.518788
0.518788
0.518788
0.518788
0.518788
0.518788
0.518788
0.518788
0.518788
0.518788
0.518788
0.518788
0.518788
0.518788
0.518788
0.518788
0.518788
0.518788
0.518788
0.518788
0.518788
0.518788
0.518788
0.518788
0.518788
0.518788
0.518788
0.518788
0.518788
0.518788
0.518788
0.518788
0.518788
0.518788
0.518788
0.518788
0.518788
0.518788
0.518788
0.518788
0.518788
0.518788
0.518788
0.518788
0.518788
0.518788
0.518788
0.518788
0.518788
0.518875
0.517505
0.429331
0.905624
0.987032
0.969536
0.971406
0.949785
0.557671
0.802976
0.947668
0.94728
0.926083
0.686348
6.50794e-06
0.018033
0.928032
0.961014
0.977991
0.981127
0.945182
0.97953
0.97577
0.976627
0.976481
0.969708
0.989138
0.918659
0.935759
0.938733
0.0360974
0.000695585
0.00878572
2.20866e-08
0.995595
0.996326
0.999662
0.999955
0.999992
0.518788
0.518788
0.518788
0.518788
0.518788
0.518788
0.518788
0.518788
0.518788
0.518788
0.518788
0.518788
0.518788
0.518788
0.518788
0.518788
0.518788
0.518788
0.518788
0.518788
0.518788
0.518788
0.518788
0.518788
0.518788
0.518788
0.518788
0.518788
0.518788
0.518788
0.518788
0.518788
0.518788
0.518788
0.518788
0.518788
0.518788
0.518788
0.518788
0.518788
0.518788
0.518788
0.518788
0.518788
0.518788
0.518788
0.518788
0.518788
0.518788
0.518788
0.518788
0.518788
0.518788
0.518788
0.518788
0.518788
0.518788
0.518558
0.526992
0.450661
0.915165
0.998807
0.999258
0.999926
0.999973
0.999902
0.999957
0.999827
0.999368
0.994151
0.999925
0.999992
0.999993
0.999033
0.998241
0.999494
0.999992
0.998936
0.999991
0.999992
0.99999
0.999968
0.999672
0.999616
0.999183
0.998594
0.99797
0.998819
0.999414
0.999663
0.999692
0.999303
0.999965
0.999989
0.999988
0.999852
0.518788
0.518788
0.518788
0.518788
0.518788
0.518788
0.518788
0.518788
0.518788
0.518788
0.518788
0.518788
0.518788
0.518788
0.518788
0.518788
0.518788
0.518788
0.518788
0.518788
0.518788
0.518788
0.518788
0.518788
0.518788
0.518788
0.518788
0.518788
0.518788
0.518788
0.518788
0.518788
0.518788
0.518788
0.518788
0.518788
0.518788
0.518788
0.518788
0.518788
0.518788
0.518788
0.518788
0.518788
0.518788
0.518788
0.518788
0.518788
0.518788
0.518788
0.518788
0.518788
0.518788
0.518788
0.518788
0.518788
0.518788
0.518788
0.518759
0.397088
0.917431
0.99966
0.999998
0.999684
0.999848
0.998804
0.999225
0.992437
0.997406
0.998676
0.998878
0.998918
0.995632
0.994638
0.993759
0.994489
0.997149
0.998301
0.99795
0.998183
0.999547
0.999829
0.999844
0.999889
0.999903
0.999886
0.999784
0.999572
0.999633
0.999806
0.999857
0.999891
0.999885
0.999417
0.992365
0.999848
0.518788
0.518788
0.518788
0.518788
0.518788
0.518788
0.518788
0.518788
0.518788
0.518788
0.518788
0.518788
0.518788
0.518788
0.518788
0.518788
0.518788
0.518788
0.518788
0.518788
0.518788
0.518788
0.518788
0.518788
0.518788
0.518788
0.518788
0.518788
0.518788
0.518788
0.518788
0.518788
0.518788
0.518788
0.518788
0.518788
0.518788
0.518788
0.518788
0.518788
0.518788
0.518788
0.518788
0.518788
0.518788
0.518788
0.518788
0.518788
0.518788
0.518788
0.518788
0.518788
0.518788
0.518788
0.518788
0.518788
0.518788
0.518787
0.518721
0.444885
0.879085
0.999599
0.999997
0.999722
0.998587
0.998982
0.998566
0.996619
0.988662
0.840859
0.984701
0.984111
0.917642
0.990081
0.994315
0.992436
0.973582
0.99331
0.995235
0.995994
0.996948
0.974816
0.997146
0.998697
0.998087
0.99251
0.993879
0.996526
0.99967
0.999386
0.995779
0.995136
0.993713
0.981408
0.994639
0.999858
0.518788
0.518788
0.518788
0.518788
0.518788
0.518788
0.518788
0.518788
0.518788
0.518788
0.518788
0.518788
0.518788
0.518788
0.518788
0.518788
0.518788
0.518788
0.518788
0.518788
0.518788
0.518788
0.518788
0.518788
0.518788
0.518788
0.518788
0.518788
0.518788
0.518788
0.518788
0.518788
0.518788
0.518788
0.518788
0.518788
0.518788
0.518788
0.518788
0.518788
0.518788
0.518788
0.518788
0.518788
0.518788
0.518788
0.518788
0.518788
0.518788
0.518788
0.518788
0.518788
0.518788
0.518788
0.518788
0.518788
0.518788
0.518785
0.515082
0.408769
0.929311
0.999456
0.999997
0.999687
0.99918
0.997592
0.997421
0.993829
0.99333
0.995479
0.994076
0.991817
0.970296
0.978423
0.993553
0.994641
0.976217
0.593422
0.993438
0.988014
0.784482
0.995837
0.990797
0.997706
0.994179
0.995916
0.998054
0.998283
0.999694
0.999418
0.995713
0.995849
0.997649
0.998271
0.998803
0.999873
0.518788
0.518788
0.518788
0.518788
0.518788
0.518788
0.518788
0.518788
0.518788
0.518788
0.518788
0.518788
0.518788
0.518788
0.518788
0.518788
0.518788
0.518788
0.518788
0.518788
0.518788
0.518788
0.518788
0.518788
0.518788
0.518788
0.518788
0.518788
0.518788
0.518788
0.518788
0.518788
0.518788
0.518788
0.518788
0.518788
0.518788
0.518788
0.518788
0.518788
0.518788
0.518788
0.518788
0.518788
0.518788
0.518788
0.518788
0.518788
0.518788
0.518788
0.518788
0.518788
0.518788
0.518788
0.518788
0.518788
0.518788
0.518791
0.520046
0.443797
0.892635
0.998876
0.999998
0.999689
0.992594
0.998542
0.997025
0.997918
0.996906
0.992851
0.967583
0.98216
0.990834
0.992632
0.994069
0.990512
0.990427
0.858475
0.980888
0.990787
0.98427
0.99522
0.992316
0.99852
0.996474
0.997843
0.998406
0.998002
0.999583
0.999239
0.994855
0.917782
0.996976
0.998569
0.998869
0.999872
0.518788
0.518788
0.518788
0.518788
0.518788
0.518788
0.518788
0.518788
0.518788
0.518788
0.518788
0.518788
0.518788
0.518788
0.518788
0.518788
0.518788
0.518788
0.518788
0.518788
0.518788
0.518788
0.518788
0.518788
0.518788
0.518788
0.518788
0.518788
0.518788
0.518788
0.518788
0.518788
0.518788
0.518788
0.518788
0.518788
0.518788
0.518788
0.518788
0.518788
0.518788
0.518788
0.518788
0.518788
0.518788
0.518788
0.518788
0.518788
0.518788
0.518788
0.518788
0.518788
0.518788
0.518788
0.518788
0.518788
0.518787
0.517455
0.489917
0.467472
0.835868
0.998594
0.999996
0.999492
0.99748
0.994977
0.991154
0.996366
0.995996
0.998385
0.99837
0.99755
0.996451
0.99478
0.994865
0.992224
0.987769
0.982217
0.983148
0.985239
0.989105
0.989759
0.989824
0.986533
0.97887
0.988401
0.989144
0.985471
0.967029
0.967012
0.988037
0.991282
0.996019
0.998549
0.999457
0.999888
0.518788
0.518788
0.518788
0.518788
0.518788
0.518788
0.518788
0.518788
0.518788
0.518788
0.518788
0.518788
0.518788
0.518788
0.518788
0.518788
0.518788
0.518788
0.518788
0.518788
0.518788
0.518788
0.518788
0.518788
0.518788
0.518788
0.518788
0.518788
0.518788
0.518788
0.518788
0.518788
0.518788
0.518788
0.518788
0.518788
0.518788
0.518788
0.518788
0.518788
0.518788
0.518788
0.518788
0.518788
0.518788
0.518788
0.518788
0.518788
0.518788
0.518788
0.518788
0.518788
0.518788
0.518788
0.518788
0.518788
0.518786
0.518743
0.518593
0.464118
0.361959
0.999989
0.999909
0.999412
0.999421
0.995712
0.718858
0.997233
0.998962
0.99909
0.998141
0.990341
0.99054
0.959164
0.968318
0.639242
0.985737
0.986663
0.989974
0.9929
0.994454
0.994216
0.992485
0.991451
0.99308
0.986916
0.870608
0.897516
0.978603
0.986834
0.992159
0.996378
0.997734
0.999036
0.999483
0.999885
0.518788
0.518788
0.518788
0.518788
0.518788
0.518788
0.518788
0.518788
0.518788
0.518788
0.518788
0.518788
0.518788
0.518788
0.518788
0.518788
0.518788
0.518788
0.518788
0.518788
0.518788
0.518788
0.518788
0.518788
0.518788
0.518788
0.518788
0.518788
0.518788
0.518788
0.518788
0.518788
0.518788
0.518788
0.518788
0.518788
0.518788
0.518788
0.518788
0.518788
0.518788
0.518788
0.518788
0.518788
0.518788
0.518788
0.518788
0.518788
0.518788
0.518788
0.518788
0.518788
0.518788
0.518788
0.518788
0.518788
0.518787
0.51878
0.531429
0.440804
0.578126
0.999999
0.999988
0.999979
0.99999
0.999767
0.999789
0.99948
0.999786
0.999991
0.999984
0.999985
0.999993
0.999608
0.999545
0.999346
0.99945
0.999307
0.998826
0.996376
0.997064
0.995132
0.997635
0.981534
0.997009
0.984304
0.994074
0.994821
0.993442
0.984551
0.9654
0.988516
0.996955
0.998947
0.999494
0.999886
0.518788
0.518788
0.518788
0.518788
0.518788
0.518788
0.518788
0.518788
0.518788
0.518788
0.518788
0.518788
0.518788
0.518788
0.518788
0.518788
0.518788
0.518788
0.518788
0.518788
0.518788
0.518788
0.518788
0.518788
0.518788
0.518788
0.518788
0.518788
0.518788
0.518788
0.518788
0.518788
0.518788
0.518788
0.518788
0.518788
0.518788
0.518788
0.518788
0.518788
0.518788
0.518788
0.518788
0.518788
0.518788
0.518788
0.518788
0.518788
0.518788
0.518788
0.518788
0.518788
0.518788
0.518788
0.518788
0.518788
0.518788
0.51885
0.516602
0.470974
0.393711
0.999121
0.979107
0.997601
0.997916
0.994417
0.91331
0.991219
0.989356
0.993519
0.99183
0.907859
0.972428
0.989527
0.356199
8.61117e-06
0.993377
0.985793
0.989476
0.0108612
0.99965
0.999954
0.999992
0.999983
0.979692
0.999984
0.999627
0.990445
0.969897
0.986158
0.992364
0.994584
0.997492
0.998751
0.999514
0.999887
0.518788
0.518788
0.518788
0.518788
0.518788
0.518788
0.518788
0.518788
0.518788
0.518788
0.518788
0.518788
0.518788
0.518788
0.518788
0.518788
0.518788
0.518788
0.518788
0.518788
0.518788
0.518788
0.518788
0.518788
0.518788
0.518788
0.518788
0.518788
0.518788
0.518788
0.518788
0.518788
0.518788
0.518788
0.518788
0.518788
0.518788
0.518788
0.518788
0.518788
0.518788
0.518788
0.518788
0.518788
0.518788
0.518788
0.518788
0.518788
0.518788
0.518788
0.518788
0.518788
0.518788
0.518788
0.518788
0.518788
0.518788
0.518773
0.51859
0.451
0.902072
0.802483
0.937548
0.912596
0.852338
0.952807
0.000153207
0.865687
0.000105999
0.0127665
1.94719e-05
3.79313e-05
0.00418883
0.00882755
0.852078
0.945018
0.967997
0.044781
0.000693725
8.73179e-07
0.828327
0.88928
0.960576
0.917739
0.997998
0.999829
0.999987
0.999993
0.999886
0.99986
0.997707
0.989672
0.997216
0.998446
0.999411
0.999898
0.518788
0.518788
0.518788
0.518788
0.518788
0.518788
0.518788
0.518788
0.518788
0.518788
0.518788
0.518788
0.518788
0.518788
0.518788
0.518788
0.518788
0.518788
0.518788
0.518788
0.518788
0.518788
0.518788
0.518788
0.518788
0.518788
0.518788
0.518788
0.518788
0.518788
0.518788
0.518788
0.518788
0.518788
0.518788
0.518788
0.518788
0.518788
0.518788
0.518788
0.518788
0.518788
0.518788
0.518788
0.518788
0.518788
0.518788
0.518788
0.518788
0.518788
0.518788
0.518788
0.518788
0.518788
0.518788
0.518789
0.518801
0.518953
0.520576
0.390466
9.66388e-06
1.61918e-06
0.0021706
0.128829
1.92492e-05
0.110996
0.146747
0.000316749
0.521154
0.00642184
0.138151
5.23937e-06
0.0970889
0.382572
0.0863886
0.772595
0.176099
0.00199925
0.00515022
0.0823877
0.123223
0.68354
0.544664
0.669543
0.203409
0.923408
0.829725
0.97763
0.999286
0.999986
0.999996
0.999893
0.999892
0.999919
0.999913
0.999969
0.518788
0.518788
0.518788
0.518788
0.518788
0.518788
0.518788
0.518788
0.518788
0.518788
0.518788
0.518788
0.518788
0.518788
0.518788
0.518788
0.518788
0.518788
0.518788
0.518788
0.518788
0.518788
0.518788
0.518788
0.518788
0.518788
0.518788
0.518788
0.518788
0.518788
0.518788
0.518788
0.518788
0.518788
0.518788
0.518788
0.518788
0.518788
0.518788
0.518788
0.518788
0.518788
0.518788
0.518788
0.518788
0.518788
0.518788
0.518788
0.518788
0.518788
0.518788
0.518788
0.518788
0.518788
0.518788
0.518788
0.518788
0.518776
0.526306
0.34455
0.920782
0.309656
0.550702
0.500916
0.00321645
0.753685
1.97396e-05
0.347777
0.492677
8.14545e-05
0.450224
0.576839
0.223954
0.79045
0.570234
0.372802
0.443991
0.680086
0.213961
0.000229875
0.000182221
0.350052
0.67319
0.389434
0.445337
0.388602
0.0185418
0.0268547
0.335
0.954282
0.961702
0.0991916
0.00818501
6.95493e-10
0.13498
3.68702e-07
0.518788
0.518788
0.518788
0.518788
0.518788
0.518788
0.518788
0.518788
0.518788
0.518788
0.518788
0.518788
0.518788
0.518788
0.518788
0.518788
0.518788
0.518788
0.518788
0.518788
0.518788
0.518788
0.518788
0.518788
0.518788
0.518788
0.518788
0.518788
0.518788
0.518788
0.518788
0.518788
0.518788
0.518788
0.518788
0.518788
0.518788
0.518788
0.518788
0.518788
0.518788
0.518788
0.518788
0.518788
0.518788
0.518788
0.518788
0.518788
0.518788
0.518788
0.518788
0.518788
0.518788
0.518788
0.518788
0.518788
0.518769
0.518787
0.516798
0.359696
0.837919
0.000941695
5.42747e-05
0.404341
0.172523
0.655636
0.317745
0.0290233
0.00035178
0.00450564
9.08541e-05
0.547902
0.0590007
0.279222
0.534228
0.514066
0.767352
0.00133387
0.0015928
0.263547
0.0383574
0.533166
0.449059
0.331355
0.629894
0.619011
0.432874
0.0575085
0.758426
0.331602
1.59867e-05
0.578865
0.745637
0.00103606
0.00227761
4.10126e-05
0.518788
0.518788
0.518788
0.518788
0.518788
0.518788
0.518788
0.518788
0.518788
0.518788
0.518788
0.518788
0.518788
0.518788
0.518788
0.518788
0.518788
0.518788
0.518788
0.518788
0.518788
0.518788
0.518788
0.518788
0.518788
0.518788
0.518788
0.518788
0.518788
0.518788
0.518788
0.518788
0.518788
0.518788
0.518788
0.518788
0.518788
0.518788
0.518788
0.518788
0.518788
0.518788
0.518788
0.518788
0.518788
0.518788
0.518788
0.518788
0.518788
0.518788
0.518788
0.518788
0.518788
0.518788
0.518788
0.518788
0.518788
0.518811
0.519429
0.449578
0.598958
0.0305716
0.00454205
0.0330555
5.63304e-06
7.74299e-05
6.52244e-05
0.00235231
0.039508
0.137571
0.549615
0.755051
0.473582
0.689726
0.207791
0.687757
0.753585
0.423212
0.0455337
0.0130507
0.0138134
0.0692822
0.804005
0.63239
0.416931
0.37854
0.796928
0.610235
0.606864
0.516397
0.570538
0.17071
0.520453
0.475911
0.00029674
0.00201202
0.518788
0.518788
0.518788
0.518788
0.518788
0.518788
0.518788
0.518788
0.518788
0.518788
0.518788
0.518788
0.518788
0.518788
0.518788
0.518788
0.518788
0.518788
0.518788
0.518788
0.518788
0.518788
0.518788
0.518788
0.518788
0.518788
0.518788
0.518788
0.518788
0.518788
0.518788
0.518788
0.518788
0.518788
0.518788
0.518788
0.518788
0.518788
0.518788
0.518788
0.518788
0.518788
0.518788
0.518788
0.518788
0.518788
0.518788
0.518788
0.518788
0.518788
0.518788
0.518788
0.518788
0.518788
0.518788
0.518788
0.518788
0.518828
0.51916
0.445572
0.94161
0.143957
0.0016364
0.433103
0.00198755
0.106027
8.55931e-05
0.000539898
0.0616609
0.0205795
0.2244
0.001305
0.00207575
0.000568979
0.191658
0.000392511
0.0416801
0.000329761
0.0512797
2.27525e-05
0.757739
0.00025702
0.007277
0.570252
0.848517
0.000891438
0.0656046
0.43557
0.665026
0.0269027
0.432373
0.648144
0.588291
1.69511e-06
0.0854951
0.993117
0.518788
0.518788
0.518788
0.518788
0.518788
0.518788
0.518788
0.518788
0.518788
0.518788
0.518788
0.518788
0.518788
0.518788
0.518788
0.518788
0.518788
0.518788
0.518788
0.518788
0.518788
0.518788
0.518788
0.518788
0.518788
0.518788
0.518788
0.518788
0.518788
0.518788
0.518788
0.518788
0.518788
0.518788
0.518788
0.518788
0.518788
0.518788
0.518788
0.518788
0.518788
0.518788
0.518788
0.518788
0.518788
0.518788
0.518788
0.518788
0.518788
0.518788
0.518788
0.518788
0.518788
0.518788
0.518788
0.518788
0.518788
0.518879
0.53785
0.421284
9.2898e-10
0.910193
0.021801
0.00339117
0.922442
0.0131194
0.0221676
0.898047
0.146151
0.811608
0.906041
0.838042
0.91686
0.145532
0.644803
0.000100535
0.691725
0.901169
0.874805
0.654447
0.859157
0.936244
0.0361629
0.859311
0.000935923
0.913231
0.956428
0.882196
0.943413
0.14611
0.130543
0.609871
0.920094
0.888435
0.99577
0.999919
0.518788
0.518788
0.518788
0.518788
0.518788
0.518788
0.518788
0.518788
0.518788
0.518788
0.518788
0.518788
0.518788
0.518788
0.518788
0.518788
0.518788
0.518788
0.518788
0.518788
0.518788
0.518788
0.518788
0.518788
0.518788
0.518788
0.518788
0.518788
0.518788
0.518788
0.518788
0.518788
0.518788
0.518788
0.518788
0.518788
0.518788
0.518788
0.518788
0.518788
0.518788
0.518788
0.518788
0.518788
0.518788
0.518788
0.518788
0.518788
0.518788
0.518788
0.518788
0.518788
0.518788
0.518788
0.518788
0.518788
0.518787
0.518815
0.553864
0.434022
0.00113702
0.998524
0.632591
0.993308
0.996941
0.996928
0.995968
0.999374
0.996453
0.999545
0.852005
0.983064
0.928286
0.95735
0.995384
0.997673
0.997174
0.99538
0.9954
0.995586
0.995221
0.99409
0.985661
0.987068
0.9411
0.988256
0.970753
0.990564
0.996048
0.998262
0.997512
0.997868
0.999928
0.999989
0.999991
0.999872
0.518788
0.518788
0.518788
0.518788
0.518788
0.518788
0.518788
0.518788
0.518788
0.518788
0.518788
0.518788
0.518788
0.518788
0.518788
0.518788
0.518788
0.518788
0.518788
0.518788
0.518788
0.518788
0.518788
0.518788
0.518788
0.518788
0.518788
0.518788
0.518788
0.518788
0.518788
0.518788
0.518788
0.518788
0.518788
0.518788
0.518788
0.518788
0.518788
0.518788
0.518788
0.518788
0.518788
0.518788
0.518788
0.518788
0.518788
0.518788
0.518788
0.518788
0.518788
0.518788
0.518788
0.518788
0.518788
0.518788
0.518788
0.518802
0.515295
0.431427
0.834734
1.57835e-11
0.999829
0.999993
0.999988
0.999989
0.999923
0.999989
0.999994
0.999286
0.999484
0.999593
0.999633
0.999618
0.999134
0.999378
0.999717
0.999723
0.999737
0.9998
0.999842
0.999843
0.999757
0.999614
0.999358
0.998545
0.994192
0.999746
0.999872
0.99986
0.999833
0.999794
0.999656
0.998958
0.998007
0.999846
0.518788
0.518788
0.518788
0.518788
0.518788
0.518788
0.518788
0.518788
0.518788
0.518788
0.518788
0.518788
0.518788
0.518788
0.518788
0.518788
0.518788
0.518788
0.518788
0.518788
0.518788
0.518788
0.518788
0.518788
0.518788
0.518788
0.518788
0.518788
0.518788
0.518788
0.518788
0.518788
0.518788
0.518788
0.518788
0.518788
0.518788
0.518788
0.518788
0.518788
0.518788
0.518788
0.518788
0.518788
0.518788
0.518788
0.518788
0.518788
0.518788
0.518788
0.518788
0.518788
0.518788
0.518788
0.518788
0.518788
0.518788
0.518634
0.517245
0.453497
0.261673
0.999992
0.999951
0.999343
0.999277
0.999294
0.99949
0.999366
0.994916
0.987533
0.979553
0.970052
0.915978
0.953352
0.987375
0.979846
0.996209
0.996164
0.99507
0.997761
0.998067
0.996811
0.99853
0.998328
0.998475
0.997746
0.990276
0.999506
0.999493
0.998238
0.990885
0.992855
0.987548
0.995757
0.994099
0.999851
0.518788
0.518788
0.518788
0.518788
0.518788
0.518788
0.518788
0.518788
0.518788
0.518788
0.518788
0.518788
0.518788
0.518788
0.518788
0.518788
0.518788
0.518788
0.518788
0.518788
0.518788
0.518788
0.518788
0.518788
0.518788
0.518788
0.518788
0.518788
0.518788
0.518788
0.518788
0.518788
0.518788
0.518788
0.518788
0.518788
0.518788
0.518788
0.518788
0.518788
0.518788
0.518788
0.518788
0.518788
0.518788
0.518788
0.518788
0.518788
0.518788
0.518788
0.518788
0.518788
0.518788
0.518788
0.518788
0.518788
0.518787
0.518433
0.489149
0.494161
0.268821
0.999996
0.999272
0.999813
0.999622
0.998056
0.970606
0.997718
0.998071
0.997935
0.997089
0.994435
0.981661
0.992877
0.996643
0.996805
0.984939
0.993571
0.99594
0.997156
0.99627
0.998204
0.998395
0.990716
0.993318
0.991339
0.967882
0.999434
0.99957
0.998779
0.989132
0.997062
0.997677
0.998344
0.996864
0.999862
0.518788
0.518788
0.518788
0.518788
0.518788
0.518788
0.518788
0.518788
0.518788
0.518788
0.518788
0.518788
0.518788
0.518788
0.518788
0.518788
0.518788
0.518788
0.518788
0.518788
0.518788
0.518788
0.518788
0.518788
0.518788
0.518788
0.518788
0.518788
0.518788
0.518788
0.518788
0.518788
0.518788
0.518788
0.518788
0.518788
0.518788
0.518788
0.518788
0.518788
0.518788
0.518788
0.518788
0.518788
0.518788
0.518788
0.518788
0.518788
0.518788
0.518788
0.518788
0.518788
0.518788
0.518788
0.518788
0.518788
0.518788
0.5187
0.514278
0.420731
0.906119
0.999537
0.999997
0.999748
0.999339
0.999005
0.996297
0.996532
0.735584
0.990826
0.988824
0.983458
0.970801
0.979999
0.989842
0.97934
0.943386
0.959942
0.957107
0.993089
0.995889
0.998899
0.998063
0.992069
0.998047
0.974472
0.991006
0.999126
0.999391
0.998413
0.980088
0.993273
0.997276
0.998406
0.993459
0.999861
0.518788
0.518788
0.518788
0.518788
0.518788
0.518788
0.518788
0.518788
0.518788
0.518788
0.518788
0.518788
0.518788
0.518788
0.518788
0.518788
0.518788
0.518788
0.518788
0.518788
0.518788
0.518788
0.518788
0.518788
0.518788
0.518788
0.518788
0.518788
0.518788
0.518788
0.518788
0.518788
0.518788
0.518788
0.518788
0.518788
0.518788
0.518788
0.518788
0.518788
0.518788
0.518788
0.518788
0.518788
0.518788
0.518788
0.518788
0.518788
0.518788
0.518788
0.518788
0.518788
0.518788
0.518788
0.518788
0.518788
0.518786
0.518779
0.518643
0.388986
0.842806
0.99898
0.999996
0.999424
0.995866
0.996723
0.995373
0.996544
0.990778
0.99523
0.998487
0.998238
0.9937
0.972537
0.996432
0.995239
0.989842
0.989613
0.992202
0.992784
0.992718
0.99229
0.990746
0.990895
0.989612
0.990016
0.992886
0.99361
0.994634
0.994558
0.994629
0.99467
0.996984
0.998819
0.999507
0.999888
0.518788
0.518788
0.518788
0.518788
0.518788
0.518788
0.518788
0.518788
0.518788
0.518788
0.518788
0.518788
0.518788
0.518788
0.518788
0.518788
0.518788
0.518788
0.518788
0.518788
0.518788
0.518788
0.518788
0.518788
0.518788
0.518788
0.518788
0.518788
0.518788
0.518788
0.518788
0.518788
0.518788
0.518788
0.518788
0.518788
0.518788
0.518788
0.518788
0.518788
0.518788
0.518788
0.518788
0.518788
0.518788
0.518788
0.518788
0.518788
0.518788
0.518788
0.518788
0.518788
0.518788
0.518788
0.518788
0.518788
0.518787
0.518781
0.516234
0.452569
0.79048
0.995752
0.999995
0.999608
0.999422
0.99585
0.992544
0.995134
0.994393
0.997293
0.998681
0.998075
0.992623
0.99556
0.992056
0.99683
0.984705
0.988046
0.99287
0.995429
0.997072
0.997349
0.996611
0.996093
0.996143
0.995245
0.994898
0.989181
0.981411
0.989624
0.995617
0.99746
0.9981
0.999074
0.999479
0.999888
0.518788
0.518788
0.518788
0.518788
0.518788
0.518788
0.518788
0.518788
0.518788
0.518788
0.518788
0.518788
0.518788
0.518788
0.518788
0.518788
0.518788
0.518788
0.518788
0.518788
0.518788
0.518788
0.518788
0.518788
0.518788
0.518788
0.518788
0.518788
0.518788
0.518788
0.518788
0.518788
0.518788
0.518788
0.518788
0.518788
0.518788
0.518788
0.518788
0.518788
0.518788
0.518788
0.518788
0.518788
0.518788
0.518788
0.518788
0.518788
0.518788
0.518788
0.518788
0.518788
0.518788
0.518788
0.518788
0.518788
0.518787
0.518841
0.519294
0.441726
0.922569
0.999959
0.999995
0.99989
0.99988
0.999822
0.999771
0.999675
0.999646
0.999087
0.998017
0.998669
0.998778
0.999364
0.999713
0.999756
0.999672
0.999669
0.999644
0.999429
0.999533
0.999417
0.998341
0.988752
0.79329
0.989267
0.986416
0.971821
0.971992
0.97473
0.965722
0.986671
0.997515
0.998888
0.999528
0.999884
0.518788
0.518788
0.518788
0.518788
0.518788
0.518788
0.518788
0.518788
0.518788
0.518788
0.518788
0.518788
0.518788
0.518788
0.518788
0.518788
0.518788
0.518788
0.518788
0.518788
0.518788
0.518788
0.518788
0.518788
0.518788
0.518788
0.518788
0.518788
0.518788
0.518788
0.518788
0.518788
0.518788
0.518788
0.518788
0.518788
0.518788
0.518788
0.518788
0.518788
0.518788
0.518788
0.518788
0.518788
0.518788
0.518788
0.518788
0.518788
0.518788
0.518788
0.518788
0.518788
0.518788
0.518788
0.518788
0.518788
0.518787
0.518735
0.523516
0.450076
0.553037
0.999364
0.97761
0.999392
0.995557
0.99476
0.995711
0.99259
0.996437
0.978297
0.995836
0.993804
0.994413
0.995562
0.998893
0.998578
0.997494
0.993229
0.998036
0.996945
5.54796e-07
0.999986
0.999992
0.999406
0.999249
0.999791
0.999724
0.99767
0.995537
0.994354
0.994523
0.955599
0.996717
0.998824
0.999474
0.999889
0.518788
0.518788
0.518788
0.518788
0.518788
0.518788
0.518788
0.518788
0.518788
0.518788
0.518788
0.518788
0.518788
0.518788
0.518788
0.518788
0.518788
0.518788
0.518788
0.518788
0.518788
0.518788
0.518788
0.518788
0.518788
0.518788
0.518788
0.518788
0.518788
0.518788
0.518788
0.518788
0.518788
0.518788
0.518788
0.518788
0.518788
0.518788
0.518788
0.518788
0.518788
0.518788
0.518788
0.518788
0.518788
0.518788
0.518788
0.518788
0.518788
0.518788
0.518788
0.518788
0.518788
0.518788
0.518788
0.518788
0.518788
0.518788
0.519271
0.456836
0.00950966
0.973728
0.93781
0.975582
0.874954
0.949074
0.808166
0.930986
0.874269
0.169942
0.949905
0.710141
0.813688
0.00228672
0.000790423
3.95514e-08
0.912379
0.913306
0.221302
0.000377291
0.000182768
0.913888
0.878123
0.983236
0.999024
0.99988
0.999989
0.999993
0.999816
0.999837
0.995238
0.975257
0.977215
0.99854
0.999469
0.999885
0.518788
0.518788
0.518788
0.518788
0.518788
0.518788
0.518788
0.518788
0.518788
0.518788
0.518788
0.518788
0.518788
0.518788
0.518788
0.518788
0.518788
0.518788
0.518788
0.518788
0.518788
0.518788
0.518788
0.518788
0.518788
0.518788
0.518788
0.518788
0.518788
0.518788
0.518788
0.518788
0.518788
0.518788
0.518788
0.518788
0.518788
0.518788
0.518788
0.518788
0.518788
0.518788
0.518788
0.518788
0.518788
0.518788
0.518788
0.518788
0.518788
0.518788
0.518788
0.518788
0.518788
0.518788
0.518788
0.518789
0.518786
0.518785
0.564642
0.434681
0.0305212
0.00694804
0.886212
0.975674
0.376916
0.912479
0.266886
0.000667831
0.107201
0.144916
0.686823
8.7324e-16
0.0109875
0.0802935
0.673366
0.17458
0.000477993
0.322145
0.0338748
0.00201359
0.0170854
0.726635
0.795036
0.578684
0.361281
0.843301
0.938652
0.983749
0.999334
0.999961
0.999991
0.999956
0.999917
0.999868
0.999872
0.999884
0.518788
0.518788
0.518788
0.518788
0.518788
0.518788
0.518788
0.518788
0.518788
0.518788
0.518788
0.518788
0.518788
0.518788
0.518788
0.518788
0.518788
0.518788
0.518788
0.518788
0.518788
0.518788
0.518788
0.518788
0.518788
0.518788
0.518788
0.518788
0.518788
0.518788
0.518788
0.518788
0.518788
0.518788
0.518788
0.518788
0.518788
0.518788
0.518788
0.518788
0.518788
0.518788
0.518788
0.518788
0.518788
0.518788
0.518788
0.518788
0.518788
0.518788
0.518788
0.518788
0.518788
0.518788
0.518788
0.518788
0.518788
0.518976
0.521092
0.437808
0.897648
0.00104438
0.469971
0.485259
0.000327647
0.0161101
0.134299
4.4487e-05
0.000857378
0.0029243
0.000656431
1.08001e-07
0.685732
0.123172
0.078482
0.103832
0.0251881
0.680415
0.774469
0.208083
0.734683
0.00516988
0.6503
0.611835
0.589133
0.061649
0.0611449
0.647689
0.482111
0.892852
0.9729
2.04267e-05
0.000192259
0.999444
0.999882
2.57767e-12
0.518788
0.518788
0.518788
0.518788
0.518788
0.518788
0.518788
0.518788
0.518788
0.518788
0.518788
0.518788
0.518788
0.518788
0.518788
0.518788
0.518788
0.518788
0.518788
0.518788
0.518788
0.518788
0.518788
0.518788
0.518788
0.518788
0.518788
0.518788
0.518788
0.518788
0.518788
0.518788
0.518788
0.518788
0.518788
0.518788
0.518788
0.518788
0.518788
0.518788
0.518788
0.518788
0.518788
0.518788
0.518788
0.518788
0.518788
0.518788
0.518788
0.518788
0.518788
0.518788
0.518788
0.518788
0.518788
0.518788
0.518786
0.518758
0.530436
0.407983
0.936394
0.000160757
0.712385
0.026488
3.12572e-06
0.016835
0.00451089
0.158221
0.144957
0.00773044
0.260971
4.37433e-10
0.505333
0.000211145
0.330001
7.58343e-07
0.138585
0.640216
0.000486114
0.010296
0.0519636
0.000186613
0.0429978
0.684757
0.00741828
0.00132361
0.292485
0.721273
0.756315
2.46443e-06
0.0493387
3.94577e-05
0.000970305
0.00612195
1.74225e-08
0.994604
0.518788
0.518788
0.518788
0.518788
0.518788
0.518788
0.518788
0.518788
0.518788
0.518788
0.518788
0.518788
0.518788
0.518788
0.518788
0.518788
0.518788
0.518788
0.518788
0.518788
0.518788
0.518788
0.518788
0.518788
0.518788
0.518788
0.518788
0.518788
0.518788
0.518788
0.518788
0.518788
0.518788
0.518788
0.518788
0.518788
0.518788
0.518788
0.518788
0.518788
0.518788
0.518788
0.518788
0.518788
0.518788
0.518788
0.518788
0.518788
0.518788
0.518788
0.518788
0.518788
0.518788
0.518788
0.518788
0.518788
0.51879
0.518815
0.55187
0.303254
0.152847
0.228756
0.220752
0.182478
4.77216e-06
0.00937893
0.0668703
0.000126997
0.238982
0.117825
0.144459
0.00212181
0.571823
0.803908
0.415725
0.0469793
0.000584052
0.183185
0.622711
0.257724
0.0161523
1.27676e-07
9.20472e-05
0.816842
0.926636
0.00107977
0.613767
0.565914
0.00346797
0.418515
2.05721e-05
0.039144
0.00127337
0.889495
0.941332
0.999369
0.518788
0.518788
0.518788
0.518788
0.518788
0.518788
0.518788
0.518788
0.518788
0.518788
0.518788
0.518788
0.518788
0.518788
0.518788
0.518788
0.518788
0.518788
0.518788
0.518788
0.518788
0.518788
0.518788
0.518788
0.518788
0.518788
0.518788
0.518788
0.518788
0.518788
0.518788
0.518788
0.518788
0.518788
0.518788
0.518788
0.518788
0.518788
0.518788
0.518788
0.518788
0.518788
0.518788
0.518788
0.518788
0.518788
0.518788
0.518788
0.518788
0.518788
0.518788
0.518788
0.518788
0.518788
0.518787
0.518788
0.518788
0.518866
0.519525
0.442241
0.933964
0.0601334
0.163196
0.438434
0.012207
0.0213708
0.0941544
0.146217
0.180625
0.084495
0.0104368
0.0272877
0.888835
7.69197e-06
0.0514707
0.0633122
0.282709
0.973715
0.747503
0.000149134
0.137418
0.146358
0.16892
0.00131479
0.803117
0.667903
0.575141
1.29089e-12
0.000897267
1.37703e-07
0.000267573
0.987219
0.943845
0.939044
0.980698
0.999866
0.518788
0.518788
0.518788
0.518788
0.518788
0.518788
0.518788
0.518788
0.518788
0.518788
0.518788
0.518788
0.518788
0.518788
0.518788
0.518788
0.518788
0.518788
0.518788
0.518788
0.518788
0.518788
0.518788
0.518788
0.518788
0.518788
0.518788
0.518788
0.518788
0.518788
0.518788
0.518788
0.518788
0.518788
0.518788
0.518788
0.518788
0.518788
0.518788
0.518788
0.518788
0.518788
0.518788
0.518788
0.518788
0.518788
0.518788
0.518788
0.518788
0.518788
0.518788
0.518788
0.518788
0.518788
0.518788
0.518788
0.518788
0.518794
0.520407
0.419042
0.971465
0.852028
0.00070166
0.933087
0.977885
4.63714e-06
0.255057
0.927955
0.775999
0.177401
0.822436
0.804945
0.935359
0.753273
0.906643
0.00247747
0.0511005
0.838807
0.852725
0.939976
0.0355704
0.00278928
0.97977
0.977786
0.967085
0.968006
0.935773
0.948317
0.93824
0.0137835
0.960235
0.978895
0.991416
0.995701
0.997341
0.999992
0.518788
0.518788
0.518788
0.518788
0.518788
0.518788
0.518788
0.518788
0.518788
0.518788
0.518788
0.518788
0.518788
0.518788
0.518788
0.518788
0.518788
0.518788
0.518788
0.518788
0.518788
0.518788
0.518788
0.518788
0.518788
0.518788
0.518788
0.518788
0.518788
0.518788
0.518788
0.518788
0.518788
0.518788
0.518788
0.518788
0.518788
0.518788
0.518788
0.518788
0.518788
0.518788
0.518788
0.518788
0.518788
0.518788
0.518788
0.518788
0.518788
0.518788
0.518788
0.518788
0.518788
0.518788
0.518788
0.518788
0.518788
0.518816
0.543145
0.413338
0.992273
0.993278
0.984318
0.891798
0.954764
0.979572
0.742374
0.992826
0.981247
0.972735
0.953996
0.988654
0.891455
0.987669
0.996979
0.998507
0.999055
0.999191
0.999371
0.99946
0.999097
0.919254
0.997753
0.997219
0.99593
0.964576
0.996671
0.989259
0.998539
0.999224
0.999938
0.99999
0.999986
0.999969
0.999966
0.999981
0.518788
0.518788
0.518788
0.518788
0.518788
0.518788
0.518788
0.518788
0.518788
0.518788
0.518788
0.518788
0.518788
0.518788
0.518788
0.518788
0.518788
0.518788
0.518788
0.518788
0.518788
0.518788
0.518788
0.518788
0.518788
0.518788
0.518788
0.518788
0.518788
0.518788
0.518788
0.518788
0.518788
0.518788
0.518788
0.518788
0.518788
0.518788
0.518788
0.518788
0.518788
0.518788
0.518788
0.518788
0.518788
0.518788
0.518788
0.518788
0.518788
0.518788
0.518788
0.518788
0.518788
0.518788
0.518788
0.518788
0.518788
0.518821
0.515839
0.440723
0.980633
0.999907
0.995016
0.999968
0.999992
0.999954
0.999986
0.999875
0.999991
0.999994
0.998125
0.999715
0.999732
0.999709
0.994725
0.999797
0.999881
0.999889
0.999862
0.999891
0.999877
0.999648
0.99954
0.999655
0.999754
0.999733
0.999392
0.999651
0.999693
0.999429
0.999681
0.999812
0.991059
0.998869
0.999341
0.999865
0.518788
0.518788
0.518788
0.518788
0.518788
0.518788
0.518788
0.518788
0.518788
0.518788
0.518788
0.518788
0.518788
0.518788
0.518788
0.518788
0.518788
0.518788
0.518788
0.518788
0.518788
0.518788
0.518788
0.518788
0.518788
0.518788
0.518788
0.518788
0.518788
0.518788
0.518788
0.518788
0.518788
0.518788
0.518788
0.518788
0.518788
0.518788
0.518788
0.518788
0.518788
0.518788
0.518788
0.518788
0.518788
0.518788
0.518788
0.518788
0.518788
0.518788
0.518788
0.518788
0.518788
0.518788
0.518788
0.518788
0.518789
0.518423
0.51729
0.451189
0.238912
0.999995
0.999876
0.999984
0.998303
0.996622
0.992831
0.996762
0.998655
0.996638
0.99491
0.993892
0.991455
0.98949
0.991973
0.989884
0.997145
0.994271
0.985677
0.995397
0.994627
0.997118
0.999047
0.999166
0.999209
0.999159
0.99799
0.999211
0.998422
0.996731
0.998588
0.997761
0.9943
0.997622
0.996265
0.999863
0.518788
0.518788
0.518788
0.518788
0.518788
0.518788
0.518788
0.518788
0.518788
0.518788
0.518788
0.518788
0.518788
0.518788
0.518788
0.518788
0.518788
0.518788
0.518788
0.518788
0.518788
0.518788
0.518788
0.518788
0.518788
0.518788
0.518788
0.518788
0.518788
0.518788
0.518788
0.518788
0.518788
0.518788
0.518788
0.518788
0.518788
0.518788
0.518788
0.518788
0.518788
0.518788
0.518788
0.518788
0.518788
0.518788
0.518788
0.518788
0.518788
0.518788
0.518788
0.518788
0.518788
0.518788
0.518788
0.518788
0.518787
0.518741
0.461595
0.473802
0.690293
0.999996
0.999945
0.999783
0.999655
0.996186
0.996405
0.993837
0.996537
0.997835
0.998173
0.998266
0.998512
0.998529
0.998503
0.996475
0.9887
0.995404
0.996693
0.998385
0.998309
0.993438
0.997911
0.998562
0.998904
0.998694
0.997084
0.998998
0.999059
0.997448
0.998047
0.998693
0.99855
0.998387
0.998013
0.999876
0.518788
0.518788
0.518788
0.518788
0.518788
0.518788
0.518788
0.518788
0.518788
0.518788
0.518788
0.518788
0.518788
0.518788
0.518788
0.518788
0.518788
0.518788
0.518788
0.518788
0.518788
0.518788
0.518788
0.518788
0.518788
0.518788
0.518788
0.518788
0.518788
0.518788
0.518788
0.518788
0.518788
0.518788
0.518788
0.518788
0.518788
0.518788
0.518788
0.518788
0.518788
0.518788
0.518788
0.518788
0.518788
0.518788
0.518788
0.518788
0.518788
0.518788
0.518788
0.518788
0.518788
0.518788
0.518788
0.518788
0.518788
0.517945
0.517298
0.444354
0.884756
0.997542
0.999997
0.999758
0.999325
0.99882
0.997632
0.996903
0.994288
0.991487
0.993362
0.994632
0.995385
0.997058
0.998227
0.998095
0.997258
0.994426
0.995196
0.860507
0.982241
0.997449
0.998356
0.999069
0.999016
0.998971
0.990335
0.997981
0.998975
0.996617
0.99389
0.998356
0.998805
0.99889
0.998481
0.999877
0.518788
0.518788
0.518788
0.518788
0.518788
0.518788
0.518788
0.518788
0.518788
0.518788
0.518788
0.518788
0.518788
0.518788
0.518788
0.518788
0.518788
0.518788
0.518788
0.518788
0.518788
0.518788
0.518788
0.518788
0.518788
0.518788
0.518788
0.518788
0.518788
0.518788
0.518788
0.518788
0.518788
0.518788
0.518788
0.518788
0.518788
0.518788
0.518788
0.518788
0.518788
0.518788
0.518788
0.518788
0.518788
0.518788
0.518788
0.518788
0.518788
0.518788
0.518788
0.518788
0.518788
0.518788
0.518788
0.518788
0.518787
0.518787
0.519639
0.394132
0.911685
0.999109
0.999996
0.99942
0.996742
0.998168
0.978316
0.996382
0.99586
6.95335e-06
0.985998
0.984976
1.76575e-06
0.9926
0.997389
0.998438
0.996849
0.997009
0.995763
0.995036
0.994161
0.993447
0.992947
0.991221
0.991138
0.991635
0.985721
0.986796
0.987868
0.966155
0.941257
0.980262
0.996147
0.998328
0.999344
0.999884
0.518788
0.518788
0.518788
0.518788
0.518788
0.518788
0.518788
0.518788
0.518788
0.518788
0.518788
0.518788
0.518788
0.518788
0.518788
0.518788
0.518788
0.518788
0.518788
0.518788
0.518788
0.518788
0.518788
0.518788
0.518788
0.518788
0.518788
0.518788
0.518788
0.518788
0.518788
0.518788
0.518788
0.518788
0.518788
0.518788
0.518788
0.518788
0.518788
0.518788
0.518788
0.518788
0.518788
0.518788
0.518788
0.518788
0.518788
0.518788
0.518788
0.518788
0.518788
0.518788
0.518788
0.518788
0.518788
0.518788
0.518781
0.518147
0.492109
0.471842
0.792349
0.997524
0.999995
0.999078
0.998384
0.996213
0.987572
0.992528
0.985509
0.989874
0.987269
3.55327e-05
0.145949
0.00692599
0.99813
0.998117
0.99607
0.996642
0.993433
0.977949
0.959572
0.991009
0.993676
0.992593
0.984149
0.592229
0.929044
0.91223
0.986669
0.992609
0.993223
0.994706
0.992534
0.997306
0.999309
0.999885
0.518788
0.518788
0.518788
0.518788
0.518788
0.518788
0.518788
0.518788
0.518788
0.518788
0.518788
0.518788
0.518788
0.518788
0.518788
0.518788
0.518788
0.518788
0.518788
0.518788
0.518788
0.518788
0.518788
0.518788
0.518788
0.518788
0.518788
0.518788
0.518788
0.518788
0.518788
0.518788
0.518788
0.518788
0.518788
0.518788
0.518788
0.518788
0.518788
0.518788
0.518788
0.518788
0.518788
0.518788
0.518788
0.518788
0.518788
0.518788
0.518788
0.518788
0.518788
0.518788
0.518788
0.518788
0.518788
0.518788
0.518786
0.518777
0.519749
0.451324
0.823752
0.999301
0.999996
0.999925
0.999152
0.998614
0.995915
0.999595
0.999708
0.999698
0.999679
0.984802
0.00218577
0.996405
0.990814
0.995103
0.994471
0.979158
0.989268
0.979616
0.970955
0.999697
0.993449
0.993187
0.966971
0.993063
0.991653
0.996264
0.99779
0.996634
0.96635
0.89307
0.997844
0.998561
0.999316
0.99988
0.518788
0.518788
0.518788
0.518788
0.518788
0.518788
0.518788
0.518788
0.518788
0.518788
0.518788
0.518788
0.518788
0.518788
0.518788
0.518788
0.518788
0.518788
0.518788
0.518788
0.518788
0.518788
0.518788
0.518788
0.518788
0.518788
0.518788
0.518788
0.518788
0.518788
0.518788
0.518788
0.518788
0.518788
0.518788
0.518788
0.518788
0.518788
0.518788
0.518788
0.518788
0.518788
0.518788
0.518788
0.518788
0.518788
0.518788
0.518788
0.518788
0.518788
0.518788
0.518788
0.518788
0.518788
0.518788
0.518788
0.518787
0.518808
0.482071
0.524135
0.513297
0.993629
0.99993
0.99999
0.999994
0.999441
0.999985
0.999989
0.999975
0.999742
0.99999
0.999992
0.999817
0.999769
0.994535
0.997097
0.999718
0.999578
0.999539
0.99977
0.999983
0.987594
0.999982
0.986467
0.998519
0.999109
0.999513
0.999206
0.999348
0.999488
0.999094
0.995328
0.987072
0.997655
0.999345
0.999886
0.518788
0.518788
0.518788
0.518788
0.518788
0.518788
0.518788
0.518788
0.518788
0.518788
0.518788
0.518788
0.518788
0.518788
0.518788
0.518788
0.518788
0.518788
0.518788
0.518788
0.518788
0.518788
0.518788
0.518788
0.518788
0.518788
0.518788
0.518788
0.518788
0.518788
0.518788
0.518788
0.518788
0.518788
0.518788
0.518788
0.518788
0.518788
0.518788
0.518788
0.518788
0.518788
0.518788
0.518788
0.518788
0.518788
0.518788
0.518788
0.518788
0.518788
0.518788
0.518788
0.518788
0.518788
0.518788
0.518788
0.518788
0.518801
0.518138
0.443922
0.828343
0.990922
0.990758
0.985844
0.997362
0.996781
0.977281
0.996521
0.989882
0.997315
0.999565
0.99989
0.999986
0.999994
0.99717
0.999993
0.999984
0.999838
0.999527
0.998437
0.99993
0.99999
0.999991
0.999718
0.999348
0.999222
0.999868
0.999787
0.999076
0.999718
0.999677
0.999155
0.967966
0.99748
0.999125
0.99988
0.518788
0.518788
0.518788
0.518788
0.518788
0.518788
0.518788
0.518788
0.518788
0.518788
0.518788
0.518788
0.518788
0.518788
0.518788
0.518788
0.518788
0.518788
0.518788
0.518788
0.518788
0.518788
0.518788
0.518788
0.518788
0.518788
0.518788
0.518788
0.518788
0.518788
0.518788
0.518788
0.518788
0.518788
0.518788
0.518788
0.518788
0.518788
0.518788
0.518788
0.518788
0.518788
0.518788
0.518788
0.518788
0.518788
0.518788
0.518788
0.518788
0.518788
0.518788
0.518788
0.518788
0.518788
0.518788
0.518788
0.518788
0.518965
0.514514
0.50037
0.0544693
0.880149
0.904722
0.893235
0.954363
0.995035
0.948489
0.991908
0.990029
0.981333
2.34178e-05
0.9936
0.99895
0.999647
0.9975
0.99636
0.996577
0.982656
0.987423
0.981525
0.971686
0.985719
0.993081
0.997564
0.99979
0.999978
0.999991
0.999953
0.999845
0.998289
0.999525
0.999078
0.999007
0.993764
0.999255
0.999886
0.518788
0.518788
0.518788
0.518788
0.518788
0.518788
0.518788
0.518788
0.518788
0.518788
0.518788
0.518788
0.518788
0.518788
0.518788
0.518788
0.518788
0.518788
0.518788
0.518788
0.518788
0.518788
0.518788
0.518788
0.518788
0.518788
0.518788
0.518788
0.518788
0.518788
0.518788
0.518788
0.518788
0.518788
0.518788
0.518788
0.518788
0.518788
0.518788
0.518788
0.518788
0.518788
0.518788
0.518788
0.518788
0.518788
0.518788
0.518788
0.518788
0.518788
0.518788
0.518788
0.518788
0.518788
0.518788
0.518788
0.518752
0.517713
0.533528
0.451049
0.356397
0.923937
0.906881
0.00222025
0.00108695
0.00125838
0.0164496
0.924253
0.978723
0.974747
3.36156e-05
0.985793
0.400761
0.000735044
0.730445
0.000251299
0.650696
0.954705
0.877933
0.963115
0.918412
0.911051
0.969849
0.877397
0.99672
0.999611
0.999961
0.999998
0.999962
0.99833
0.999589
0.999518
0.999579
0.999411
0.996602
0.999878
0.518788
0.518788
0.518788
0.518788
0.518788
0.518788
0.518788
0.518788
0.518788
0.518788
0.518788
0.518788
0.518788
0.518788
0.518788
0.518788
0.518788
0.518788
0.518788
0.518788
0.518788
0.518788
0.518788
0.518788
0.518788
0.518788
0.518788
0.518788
0.518788
0.518788
0.518788
0.518788
0.518788
0.518788
0.518788
0.518788
0.518788
0.518788
0.518788
0.518788
0.518788
0.518788
0.518788
0.518788
0.518788
0.518788
0.518788
0.518788
0.518788
0.518788
0.518788
0.518788
0.518788
0.518788
0.518788
0.518788
0.518787
0.518505
0.492068
0.466024
0.224253
0.947835
0.340996
0.824111
2.69525e-06
0.0257245
0.864767
0.860884
0.0192197
3.71026e-05
0.861375
0.0341484
0.00175105
0.722421
0.082913
0.0537906
7.03401e-11
0.740352
0.240334
0.529993
0.898547
0.90273
0.913543
0.929375
0.985974
0.999156
0.997334
0.999956
0.99956
3.64597e-10
3.25668e-11
0.999901
1.63395e-05
0.999699
0.999966
0.999983
0.518788
0.518788
0.518788
0.518788
0.518788
0.518788
0.518788
0.518788
0.518788
0.518788
0.518788
0.518788
0.518788
0.518788
0.518788
0.518788
0.518788
0.518788
0.518788
0.518788
0.518788
0.518788
0.518788
0.518788
0.518788
0.518788
0.518788
0.518788
0.518788
0.518788
0.518788
0.518788
0.518788
0.518788
0.518788
0.518788
0.518788
0.518788
0.518788
0.518788
0.518788
0.518788
0.518788
0.518788
0.518788
0.518788
0.518788
0.518788
0.518788
0.518788
0.518788
0.518788
0.518788
0.518788
0.518788
0.518788
0.518787
0.518793
0.507606
0.4546
0.133776
0.938143
0.778228
0.796481
0.000610402
0.496452
0.954402
0.938873
0.372576
1.79365e-06
9.91153e-07
0.93021
0.964036
0.902913
1.58167e-07
0.000974229
0.775646
0.577241
0.515802
0.60498
0.938322
0.665197
0.794703
0.0953458
0.000109692
0.897776
0.0165679
0.997054
0.999797
0.999986
0.999997
0.999424
0.999891
0.999959
0.999979
0.999983
0.518788
0.518788
0.518788
0.518788
0.518788
0.518788
0.518788
0.518788
0.518788
0.518788
0.518788
0.518788
0.518788
0.518788
0.518788
0.518788
0.518788
0.518788
0.518788
0.518788
0.518788
0.518788
0.518788
0.518788
0.518788
0.518788
0.518788
0.518788
0.518788
0.518788
0.518788
0.518788
0.518788
0.518788
0.518788
0.518788
0.518788
0.518788
0.518788
0.518788
0.518788
0.518788
0.518788
0.518788
0.518788
0.518788
0.518788
0.518788
0.518788
0.518788
0.518788
0.518788
0.518788
0.518788
0.518788
0.518788
0.518774
0.519242
0.519379
0.429192
0.000233605
0.967397
0.811707
0.394363
2.30683e-06
0.828275
0.866111
1.73908e-05
0.961963
0.973459
0.00101797
0.85771
0.960192
0.0683195
0.968439
0.98579
0.960005
0.935004
0.987724
0.936693
0.955295
0.977538
0.942761
0.991581
0.985851
0.989776
0.99723
0.997087
0.999536
5.78271e-07
0.999992
0.999907
0.999909
0.999957
0.999952
0.999958
0.518788
0.518788
0.518788
0.518788
0.518788
0.518788
0.518788
0.518788
0.518788
0.518788
0.518788
0.518788
0.518788
0.518788
0.518788
0.518788
0.518788
0.518788
0.518788
0.518788
0.518788
0.518788
0.518788
0.518788
0.518788
0.518788
0.518788
0.518788
0.518788
0.518788
0.518788
0.518788
0.518788
0.518788
0.518788
0.518788
0.518788
0.518788
0.518788
0.518788
0.518788
0.518788
0.518788
0.518788
0.518788
0.518788
0.518788
0.518788
0.518788
0.518788
0.518788
0.518788
0.518788
0.518788
0.518788
0.518788
0.518788
0.518396
0.526318
0.515252
0.100712
0.961345
0.000271135
0.336253
0.863901
0.976789
0.908981
0.944704
0.823711
0.950595
0.934488
0.974305
0.000202108
0.000343606
0.99697
0.99948
0.999666
0.999551
0.999432
0.999144
0.993874
0.998764
0.99723
0.992932
0.9994
0.999918
0.999985
0.999991
0.998906
0.0001186
0.975018
0.999826
0.999905
0.999945
0.999875
0.999923
0.518788
0.518788
0.518788
0.518788
0.518788
0.518788
0.518788
0.518788
0.518788
0.518788
0.518788
0.518788
0.518788
0.518788
0.518788
0.518788
0.518788
0.518788
0.518788
0.518788
0.518788
0.518788
0.518788
0.518788
0.518788
0.518788
0.518788
0.518788
0.518788
0.518788
0.518788
0.518788
0.518788
0.518788
0.518788
0.518788
0.518788
0.518788
0.518788
0.518788
0.518788
0.518788
0.518788
0.518788
0.518788
0.518788
0.518788
0.518788
0.518788
0.518788
0.518788
0.518788
0.518788
0.518788
0.518788
0.518788
0.518788
0.518786
0.517847
0.463475
0.564634
0.961179
2.93703e-07
0.0344438
0.966293
0.981426
0.957213
0.193124
0.994911
0.979657
0.998784
0.999917
0.999993
0.999983
0.999845
0.999987
0.999929
0.999872
0.999858
0.999721
0.999206
0.999737
0.997982
0.999573
0.999699
0.99979
0.999623
0.999733
0.999718
0.99963
0.999691
0.998871
0.999329
0.999847
0.999904
0.999869
0.518788
0.518788
0.518788
0.518788
0.518788
0.518788
0.518788
0.518788
0.518788
0.518788
0.518788
0.518788
0.518788
0.518788
0.518788
0.518788
0.518788
0.518788
0.518788
0.518788
0.518788
0.518788
0.518788
0.518788
0.518788
0.518788
0.518788
0.518788
0.518788
0.518788
0.518788
0.518788
0.518788
0.518788
0.518788
0.518788
0.518788
0.518788
0.518788
0.518788
0.518788
0.518788
0.518788
0.518788
0.518788
0.518788
0.518788
0.518788
0.518788
0.518788
0.518788
0.518788
0.518788
0.518788
0.518788
0.518788
0.518786
0.518853
0.517073
0.44255
0.906054
0.998386
0.998939
0.986093
0.999517
0.999912
0.999988
0.999993
0.999988
0.999987
0.999983
0.999991
0.999644
0.995896
0.994501
0.99907
0.9991
0.989383
0.996254
0.995012
0.998323
0.997994
0.996416
0.997763
0.98399
0.997944
0.998468
0.989853
0.99826
0.999222
0.998987
0.996818
0.999264
0.999452
0.998812
0.999863
0.518788
0.518788
0.518788
0.518788
0.518788
0.518788
0.518788
0.518788
0.518788
0.518788
0.518788
0.518788
0.518788
0.518788
0.518788
0.518788
0.518788
0.518788
0.518788
0.518788
0.518788
0.518788
0.518788
0.518788
0.518788
0.518788
0.518788
0.518788
0.518788
0.518788
0.518788
0.518788
0.518788
0.518788
0.518788
0.518788
0.518788
0.518788
0.518788
0.518788
0.518788
0.518788
0.518788
0.518788
0.518788
0.518788
0.518788
0.518788
0.518788
0.518788
0.518788
0.518788
0.518788
0.518788
0.518788
0.518788
0.518786
0.518969
0.501498
0.455918
0.866517
0.999168
0.999994
0.999676
0.999485
0.999334
0.999459
0.986836
0.992606
0.999634
0.999624
0.995951
0.989015
0.958333
0.996515
0.998398
0.998492
0.994067
0.997784
0.0824475
0.99818
0.998889
0.998294
0.998537
0.997945
0.991997
0.996879
0.982353
0.997834
0.999399
0.99954
0.999046
0.998623
0.996278
0.998802
0.999858
0.518788
0.518788
0.518788
0.518788
0.518788
0.518788
0.518788
0.518788
0.518788
0.518788
0.518788
0.518788
0.518788
0.518788
0.518788
0.518788
0.518788
0.518788
0.518788
0.518788
0.518788
0.518788
0.518788
0.518788
0.518788
0.518788
0.518788
0.518788
0.518788
0.518788
0.518788
0.518788
0.518788
0.518788
0.518788
0.518788
0.518788
0.518788
0.518788
0.518788
0.518788
0.518788
0.518788
0.518788
0.518788
0.518788
0.518788
0.518788
0.518788
0.518788
0.518788
0.518788
0.518788
0.518788
0.518788
0.518788
0.518787
0.518731
0.492845
0.460422
0.852435
0.99941
0.999998
0.999657
0.999188
0.99374
0.998881
0.99902
0.998716
0.998062
0.996546
0.992843
0.984794
0.955105
0.98172
0.997149
0.997623
0.993496
0.987847
0.998528
0.998609
0.998452
0.996948
0.997188
0.993306
0.996482
0.997263
0.990746
0.990655
0.996139
0.998952
0.999324
0.999454
0.998702
0.997872
0.999873
0.518788
0.518788
0.518788
0.518788
0.518788
0.518788
0.518788
0.518788
0.518788
0.518788
0.518788
0.518788
0.518788
0.518788
0.518788
0.518788
0.518788
0.518788
0.518788
0.518788
0.518788
0.518788
0.518788
0.518788
0.518788
0.518788
0.518788
0.518788
0.518788
0.518788
0.518788
0.518788
0.518788
0.518788
0.518788
0.518788
0.518788
0.518788
0.518788
0.518788
0.518788
0.518788
0.518788
0.518788
0.518788
0.518788
0.518788
0.518788
0.518788
0.518788
0.518788
0.518788
0.518788
0.518788
0.518788
0.518788
0.518786
0.519096
0.497879
0.364059
3.9862e-06
0.999823
0.999998
0.999702
0.997088
0.99842
0.996775
0.998461
0.998184
0.998198
0.998329
0.998336
0.998408
0.998444
0.998477
0.997837
0.994251
0.944933
0.991266
0.992555
0.993605
0.998346
0.998784
0.998747
0.997668
0.995759
0.991631
0.994911
0.994942
0.985996
0.986915
0.996718
0.996603
0.997877
0.995906
0.999866
)
;

boundaryField
{
    outlet
    {
        type            zeroGradient;
    }
    inlet
    {
        type            fixedValue;
        value           uniform 0.02;
    }
    walls
    {
        type            zeroGradient;
    }
}


// ************************************************************************* //
