/*--------------------------------*- C++ -*----------------------------------*\
| =========                 |                                                 |
| \\      /  F ield         | OpenFOAM: The Open Source CFD Toolbox           |
|  \\    /   O peration     | Version:  2.3.0                                 |
|   \\  /    A nd           | Web:      www.OpenFOAM.org                      |
|    \\/     M anipulation  |                                                 |
\*---------------------------------------------------------------------------*/
FoamFile
{
    version     2.0;
    format      ascii;
    class       volScalarField;
    location    "39";
    object      w2;
}
// * * * * * * * * * * * * * * * * * * * * * * * * * * * * * * * * * * * * * //

dimensions      [0 0 0 0 0 0 0];

internalField   nonuniform List<scalar> 
6144
(
0.452838
0.452838
0.452838
0.452838
0.452838
0.452838
0.452838
0.452838
0.452838
0.452838
0.452838
0.452838
0.452838
0.452838
0.452838
0.452838
0.452838
0.452838
0.452838
0.452838
0.452838
0.452838
0.452838
0.452838
0.452838
0.452838
0.452838
0.452838
0.452838
0.452838
0.452838
0.452838
0.452838
0.452838
0.452838
0.452838
0.452838
0.452838
0.452838
0.452838
0.452838
0.452838
0.452838
0.452838
0.452838
0.452838
0.452838
0.452838
0.452838
0.452838
0.452838
0.452838
0.452838
0.452838
0.452838
0.452838
0.45284
0.452846
0.452394
0.498115
0.140494
0.000533144
3.8033e-06
0.000519291
0.0079584
0.00209625
0.0266976
0.00312313
0.0036587
0.00151242
0.00121817
0.00243955
0.009304
0.173499
0.0108943
0.0167058
0.025386
0.0126008
0.0110526
0.0119076
0.0155517
0.0154505
0.0271865
0.039886
0.00953232
0.00819717
0.00758389
0.0111563
0.0145141
0.0548676
0.0487182
0.0708735
0.00659161
0.0015501
0.000507916
0.000103398
0.452838
0.452838
0.452838
0.452838
0.452838
0.452838
0.452838
0.452838
0.452838
0.452838
0.452838
0.452838
0.452838
0.452838
0.452838
0.452838
0.452838
0.452838
0.452838
0.452838
0.452838
0.452838
0.452838
0.452838
0.452838
0.452838
0.452838
0.452838
0.452838
0.452838
0.452838
0.452838
0.452838
0.452838
0.452838
0.452838
0.452838
0.452838
0.452838
0.452838
0.452838
0.452838
0.452838
0.452838
0.452838
0.452838
0.452838
0.452838
0.452838
0.452838
0.452838
0.452838
0.452838
0.452838
0.452838
0.452838
0.452846
0.454004
0.495594
0.485024
0.193485
0.00111756
3.87315e-06
0.000569249
0.000989465
0.00327567
0.0190095
0.00370135
0.000980758
0.00102797
0.00233176
0.0073463
0.0254979
0.00761539
0.0280433
0.013184
0.00553172
0.0054519
0.00520286
0.00538847
0.00494169
0.00442332
0.00438414
0.00394277
0.0047148
0.00460331
0.00469435
0.00468304
0.00455882
0.0042808
0.00335598
0.00372473
0.00320289
0.00100648
0.000471077
0.000106445
0.452838
0.452838
0.452838
0.452838
0.452838
0.452838
0.452838
0.452838
0.452838
0.452838
0.452838
0.452838
0.452838
0.452838
0.452838
0.452838
0.452838
0.452838
0.452838
0.452838
0.452838
0.452838
0.452838
0.452838
0.452838
0.452838
0.452838
0.452838
0.452838
0.452838
0.452838
0.452838
0.452838
0.452838
0.452838
0.452838
0.452838
0.452838
0.452838
0.452838
0.452838
0.452838
0.452838
0.452838
0.452838
0.452838
0.452838
0.452838
0.452838
0.452838
0.452838
0.452838
0.452838
0.452838
0.452838
0.452838
0.452838
0.452966
0.468184
0.403602
0.75004
0.000881247
3.64905e-06
6.64211e-05
0.000118238
0.000177435
0.000227087
0.00050516
0.000186303
0.000322048
0.00325305
0.000801753
0.000779808
0.000664802
0.000635921
0.00570932
0.0110949
0.000565121
0.000485887
0.000509191
0.000585202
0.000972208
0.0690339
0.00109428
0.00137488
0.0141745
0.136907
0.0121716
0.0314099
0.010154
0.021429
0.00816581
0.00255943
0.00108163
0.000476928
0.000108298
0.452838
0.452838
0.452838
0.452838
0.452838
0.452838
0.452838
0.452838
0.452838
0.452838
0.452838
0.452838
0.452838
0.452838
0.452838
0.452838
0.452838
0.452838
0.452838
0.452838
0.452838
0.452838
0.452838
0.452838
0.452838
0.452838
0.452838
0.452838
0.452838
0.452838
0.452838
0.452838
0.452838
0.452838
0.452838
0.452838
0.452838
0.452838
0.452838
0.452838
0.452838
0.452838
0.452838
0.452838
0.452838
0.452838
0.452838
0.452838
0.452838
0.452838
0.452838
0.452838
0.452838
0.452838
0.452838
0.452838
0.452839
0.452838
0.455393
0.494069
0.883588
0.174779
0.00045818
0.000258101
0.000266169
0.00150974
0.00294807
0.00140809
0.00073477
0.000683059
0.000554755
0.0017451
0.000579636
9.85087e-05
1.12832e-05
8.48103e-06
2.13086e-05
9.12123e-06
1.75666e-05
8.9471e-05
6.51504e-05
8.11217e-06
6.87592e-05
1.22436e-05
1.80844e-05
8.37579e-06
0.000704055
0.000371788
0.00264518
0.0363669
0.005401
0.0200246
0.00643617
0.00144922
0.000535656
9.95978e-05
0.452838
0.452838
0.452838
0.452838
0.452838
0.452838
0.452838
0.452838
0.452838
0.452838
0.452838
0.452838
0.452838
0.452838
0.452838
0.452838
0.452838
0.452838
0.452838
0.452838
0.452838
0.452838
0.452838
0.452838
0.452838
0.452838
0.452838
0.452838
0.452838
0.452838
0.452838
0.452838
0.452838
0.452838
0.452838
0.452838
0.452838
0.452838
0.452838
0.452838
0.452838
0.452838
0.452838
0.452838
0.452838
0.452838
0.452838
0.452838
0.452838
0.452838
0.452838
0.452838
0.452838
0.452838
0.452838
0.452838
0.452839
0.452822
0.452837
0.464786
0.186801
0.0264089
0.0163336
0.0504173
0.316256
0.186062
0.0676196
0.78372
0.154382
0.543154
0.119285
0.0857876
0.0776617
0.0078484
0.00439714
0.00765455
0.00277462
0.00190369
0.00294386
0.966501
0.0120783
0.0259753
0.00311033
0.00433299
0.00457486
0.000571514
6.2648e-05
8.39582e-06
6.86102e-06
0.000103816
6.01117e-05
0.00108146
0.00199492
0.00339265
0.000541746
0.00010782
0.452838
0.452838
0.452838
0.452838
0.452838
0.452838
0.452838
0.452838
0.452838
0.452838
0.452838
0.452838
0.452838
0.452838
0.452838
0.452838
0.452838
0.452838
0.452838
0.452838
0.452838
0.452838
0.452838
0.452838
0.452838
0.452838
0.452838
0.452838
0.452838
0.452838
0.452838
0.452838
0.452838
0.452838
0.452838
0.452838
0.452838
0.452838
0.452838
0.452838
0.452838
0.452838
0.452838
0.452838
0.452838
0.452838
0.452838
0.452838
0.452838
0.452838
0.452838
0.452838
0.452838
0.452838
0.452838
0.452838
0.452838
0.452838
0.452843
0.46228
0.296697
0.465437
0.0724463
0.133927
0.0717754
0.626244
0.069041
0.241488
0.874369
0.43983
0.32123
0.21824
0.942998
0.938417
0.186758
0.0809918
0.728365
0.859751
0.110771
0.999996
0.993379
0.0037096
0.00282865
0.0026319
0.0134227
0.0139034
0.0451972
0.0103386
0.000765742
0.000158543
2.18641e-05
2.49217e-06
4.48864e-05
0.000119226
0.000155549
0.000147219
0.452838
0.452838
0.452838
0.452838
0.452838
0.452838
0.452838
0.452838
0.452838
0.452838
0.452838
0.452838
0.452838
0.452838
0.452838
0.452838
0.452838
0.452838
0.452838
0.452838
0.452838
0.452838
0.452838
0.452838
0.452838
0.452838
0.452838
0.452838
0.452838
0.452838
0.452838
0.452838
0.452838
0.452838
0.452838
0.452838
0.452838
0.452838
0.452838
0.452838
0.452838
0.452838
0.452838
0.452838
0.452838
0.452838
0.452838
0.452838
0.452838
0.452838
0.452838
0.452838
0.452838
0.452838
0.452838
0.452838
0.45284
0.452789
0.451195
0.537527
0.068913
0.978679
0.935224
0.112886
0.982693
0.0457199
0.983685
0.740798
0.0794632
0.00431856
0.999984
0.896423
0.39373
0.541017
0.0553367
0.790642
0.948207
0.157229
0.874373
0.231586
0.0123043
0.00209649
0.999426
0.00061205
0.997447
0.00460844
0.00550958
0.0042149
0.00377202
0.00517213
0.0104447
0.0132244
0.0368687
0.00256094
0.000916723
7.54177e-06
0.452838
0.452838
0.452838
0.452838
0.452838
0.452838
0.452838
0.452838
0.452838
0.452838
0.452838
0.452838
0.452838
0.452838
0.452838
0.452838
0.452838
0.452838
0.452838
0.452838
0.452838
0.452838
0.452838
0.452838
0.452838
0.452838
0.452838
0.452838
0.452838
0.452838
0.452838
0.452838
0.452838
0.452838
0.452838
0.452838
0.452838
0.452838
0.452838
0.452838
0.452838
0.452838
0.452838
0.452838
0.452838
0.452838
0.452838
0.452838
0.452838
0.452838
0.452838
0.452838
0.452838
0.452838
0.452838
0.452838
0.452838
0.453545
0.440379
0.528631
0.0804638
0.0095122
0.975221
0.639639
0.00149197
0.946681
0.503347
1
0.974152
0.888122
0.950357
0.372115
0.873691
0.671241
0.775943
0.520062
0.209086
0.00255184
2.65034e-06
0.00036382
0.982159
0.747818
0.996251
0.0116941
0.00181554
0.99999
0.00618267
0.931005
0.999991
0.407847
0.000104606
0.00628356
0.0474115
0.371056
0.995908
4.12124e-05
0.452838
0.452838
0.452838
0.452838
0.452838
0.452838
0.452838
0.452838
0.452838
0.452838
0.452838
0.452838
0.452838
0.452838
0.452838
0.452838
0.452838
0.452838
0.452838
0.452838
0.452838
0.452838
0.452838
0.452838
0.452838
0.452838
0.452838
0.452838
0.452838
0.452838
0.452838
0.452838
0.452838
0.452838
0.452838
0.452838
0.452838
0.452838
0.452838
0.452838
0.452838
0.452838
0.452838
0.452838
0.452838
0.452838
0.452838
0.452838
0.452838
0.452838
0.452838
0.452838
0.452838
0.452838
0.452838
0.452838
0.452838
0.45283
0.453073
0.525412
0.0423762
0.898679
0.892345
0.997398
0.146799
0.754404
0.744122
0.295941
0.994804
0.993771
0.86452
0.152735
0.13818
0.994824
0.188458
0.971814
0.936515
0.305376
0.833236
0.941306
0.999984
0.415618
0.0878526
0.691701
0.23129
0.864578
0.340014
0.137666
0.0413754
0.0231844
0.00181207
0.000860848
0.000884471
0.00577284
0.0161039
0.000101644
0.452838
0.452838
0.452838
0.452838
0.452838
0.452838
0.452838
0.452838
0.452838
0.452838
0.452838
0.452838
0.452838
0.452838
0.452838
0.452838
0.452838
0.452838
0.452838
0.452838
0.452838
0.452838
0.452838
0.452838
0.452838
0.452838
0.452838
0.452838
0.452838
0.452838
0.452838
0.452838
0.452838
0.452838
0.452838
0.452838
0.452838
0.452838
0.452838
0.452838
0.452838
0.452838
0.452838
0.452838
0.452838
0.452838
0.452838
0.452838
0.452838
0.452838
0.452838
0.452838
0.452838
0.452838
0.452838
0.452838
0.452838
0.452838
0.45293
0.534245
0.0680406
0.0797437
0.104956
0.092089
0.0624125
0.977933
0.88477
0.0144034
0.308964
0.203256
0.310845
0.96734
0.693613
0.822554
0.954468
0.330184
0.889982
0.893595
0.326663
0.916192
0.0572396
0.925408
0.0580464
0.0465636
0.338789
0.0900088
0.779334
0.854678
0.972199
0.099454
0.100985
0.00050333
0.0119999
0.00120333
0.00019322
7.21605e-06
0.452838
0.452838
0.452838
0.452838
0.452838
0.452838
0.452838
0.452838
0.452838
0.452838
0.452838
0.452838
0.452838
0.452838
0.452838
0.452838
0.452838
0.452838
0.452838
0.452838
0.452838
0.452838
0.452838
0.452838
0.452838
0.452838
0.452838
0.452838
0.452838
0.452838
0.452838
0.452838
0.452838
0.452838
0.452838
0.452838
0.452838
0.452838
0.452838
0.452838
0.452838
0.452838
0.452838
0.452838
0.452838
0.452838
0.452838
0.452838
0.452838
0.452838
0.452838
0.452838
0.452838
0.452838
0.452839
0.452838
0.452839
0.452762
0.453987
0.532893
0.0878797
0.0126062
0.0278974
0.0262714
0.0478611
0.411173
0.180614
0.0454504
0.0478788
0.0673768
0.288792
0.980035
0.965865
0.0683519
0.0358802
0.0202375
0.017387
0.0522056
0.019065
0.0220053
0.0221068
0.0218456
0.0260688
0.0103108
0.0761788
0.0574571
0.0570363
0.0695823
0.995461
0.976217
0.989842
0.0040737
0.00345556
0.000314262
4.20554e-05
7.60692e-06
0.452838
0.452838
0.452838
0.452838
0.452838
0.452838
0.452838
0.452838
0.452838
0.452838
0.452838
0.452838
0.452838
0.452838
0.452838
0.452838
0.452838
0.452838
0.452838
0.452838
0.452838
0.452838
0.452838
0.452838
0.452838
0.452838
0.452838
0.452838
0.452838
0.452838
0.452838
0.452838
0.452838
0.452838
0.452838
0.452838
0.452838
0.452838
0.452838
0.452838
0.452838
0.452838
0.452838
0.452838
0.452838
0.452838
0.452838
0.452838
0.452838
0.452838
0.452838
0.452838
0.452838
0.452838
0.452838
0.452838
0.452839
0.453023
0.446313
0.514526
0.0787675
0.0011861
0.000690969
6.8674e-05
2.49831e-05
9.17168e-05
4.03675e-05
0.00016069
0.000588466
0.00544775
6.95387e-05
7.74685e-06
6.25465e-06
0.000900043
0.00163737
0.00047148
7.84994e-06
0.000988251
8.63383e-06
7.36252e-06
8.92732e-06
2.97796e-05
0.000306571
0.000359146
0.000760581
0.0013093
0.00189115
0.00109881
0.000545173
0.000315675
0.000287074
0.000649663
3.30381e-05
1.02665e-05
1.09925e-05
0.000138048
0.452838
0.452838
0.452838
0.452838
0.452838
0.452838
0.452838
0.452838
0.452838
0.452838
0.452838
0.452838
0.452838
0.452838
0.452838
0.452838
0.452838
0.452838
0.452838
0.452838
0.452838
0.452838
0.452838
0.452838
0.452838
0.452838
0.452838
0.452838
0.452838
0.452838
0.452838
0.452838
0.452838
0.452838
0.452838
0.452838
0.452838
0.452838
0.452838
0.452838
0.452838
0.452838
0.452838
0.452838
0.452838
0.452838
0.452838
0.452838
0.452838
0.452838
0.452838
0.452838
0.452838
0.452838
0.452838
0.452838
0.452839
0.452838
0.452867
0.558448
0.0825675
0.000316321
2.29952e-06
0.000294025
0.000141455
0.00111374
0.000721483
0.00704122
0.00241432
0.00123148
0.00104393
0.00100728
0.00406992
0.00499169
0.00580876
0.00512898
0.00265621
0.00158102
0.00190802
0.00169183
0.000421516
0.000158719
0.000145198
0.000103049
9.04392e-05
0.000105688
0.000200903
0.000398024
0.000341491
0.000180588
0.000132933
0.000101691
0.000106698
0.000543113
0.00711467
0.000141098
0.452838
0.452838
0.452838
0.452838
0.452838
0.452838
0.452838
0.452838
0.452838
0.452838
0.452838
0.452838
0.452838
0.452838
0.452838
0.452838
0.452838
0.452838
0.452838
0.452838
0.452838
0.452838
0.452838
0.452838
0.452838
0.452838
0.452838
0.452838
0.452838
0.452838
0.452838
0.452838
0.452838
0.452838
0.452838
0.452838
0.452838
0.452838
0.452838
0.452838
0.452838
0.452838
0.452838
0.452838
0.452838
0.452838
0.452838
0.452838
0.452838
0.452838
0.452838
0.452838
0.452838
0.452838
0.452838
0.452838
0.452839
0.452839
0.4529
0.519816
0.112817
0.000372889
2.36958e-06
0.000259012
0.00131512
0.000948115
0.00133506
0.00314818
0.0105555
0.148185
0.0142441
0.014791
0.0766069
0.00923953
0.0052923
0.00704334
0.0245434
0.0062349
0.0044345
0.00373032
0.0028399
0.0234006
0.0026508
0.0012133
0.00178115
0.00697486
0.00569717
0.00323417
0.000307205
0.000571595
0.00392743
0.00453052
0.0058478
0.0173221
0.00499028
0.000132559
0.452838
0.452838
0.452838
0.452838
0.452838
0.452838
0.452838
0.452838
0.452838
0.452838
0.452838
0.452838
0.452838
0.452838
0.452838
0.452838
0.452838
0.452838
0.452838
0.452838
0.452838
0.452838
0.452838
0.452838
0.452838
0.452838
0.452838
0.452838
0.452838
0.452838
0.452838
0.452838
0.452838
0.452838
0.452838
0.452838
0.452838
0.452838
0.452838
0.452838
0.452838
0.452838
0.452838
0.452838
0.452838
0.452838
0.452838
0.452838
0.452838
0.452838
0.452838
0.452838
0.452838
0.452838
0.452838
0.452838
0.452839
0.452841
0.456222
0.553918
0.0470622
0.000523529
2.3633e-06
0.000291203
0.000763222
0.00223961
0.00240288
0.00573348
0.00621993
0.00420773
0.0055112
0.00762084
0.0276537
0.0200814
0.00600196
0.00498856
0.0221186
0.370071
0.00641068
0.0112384
0.200661
0.00387513
0.0085578
0.00213852
0.00541906
0.00380382
0.00181028
0.00159809
0.000284865
0.000541584
0.00399109
0.00386157
0.00218833
0.0016094
0.00111455
0.000118149
0.452838
0.452838
0.452838
0.452838
0.452838
0.452838
0.452838
0.452838
0.452838
0.452838
0.452838
0.452838
0.452838
0.452838
0.452838
0.452838
0.452838
0.452838
0.452838
0.452838
0.452838
0.452838
0.452838
0.452838
0.452838
0.452838
0.452838
0.452838
0.452838
0.452838
0.452838
0.452838
0.452838
0.452838
0.452838
0.452838
0.452838
0.452838
0.452838
0.452838
0.452838
0.452838
0.452838
0.452838
0.452838
0.452838
0.452838
0.452838
0.452838
0.452838
0.452838
0.452838
0.452838
0.452838
0.452838
0.452838
0.452839
0.452836
0.451878
0.520629
0.0999518
0.00104835
2.29182e-06
0.000289562
0.00689412
0.0013564
0.00276955
0.00193825
0.00288234
0.00665159
0.0302693
0.0165581
0.00853386
0.00686166
0.00552054
0.00883198
0.00895665
0.13141
0.0177925
0.00857657
0.0146866
0.00444453
0.00715089
0.0013778
0.00328409
0.00200648
0.00148418
0.00185989
0.000388298
0.000708385
0.00477189
0.076806
0.00281534
0.00133239
0.0010528
0.000119016
0.452838
0.452838
0.452838
0.452838
0.452838
0.452838
0.452838
0.452838
0.452838
0.452838
0.452838
0.452838
0.452838
0.452838
0.452838
0.452838
0.452838
0.452838
0.452838
0.452838
0.452838
0.452838
0.452838
0.452838
0.452838
0.452838
0.452838
0.452838
0.452838
0.452838
0.452838
0.452838
0.452838
0.452838
0.452838
0.452838
0.452838
0.452838
0.452838
0.452838
0.452838
0.452838
0.452838
0.452838
0.452838
0.452838
0.452838
0.452838
0.452838
0.452838
0.452838
0.452838
0.452838
0.452838
0.452838
0.452838
0.452839
0.453968
0.476666
0.50162
0.158685
0.00130901
3.88738e-06
0.000472654
0.0023446
0.00467668
0.00816344
0.00338415
0.00372684
0.0015036
0.00151778
0.00228111
0.00330351
0.00485954
0.00478008
0.00724053
0.0113893
0.0165546
0.0156808
0.0137438
0.010143
0.00953723
0.00948125
0.0125405
0.0196596
0.0108134
0.0101078
0.0135233
0.0306676
0.0306943
0.0111385
0.00811628
0.00370543
0.00135127
0.000505116
0.000103936
0.452838
0.452838
0.452838
0.452838
0.452838
0.452838
0.452838
0.452838
0.452838
0.452838
0.452838
0.452838
0.452838
0.452838
0.452838
0.452838
0.452838
0.452838
0.452838
0.452838
0.452838
0.452838
0.452838
0.452838
0.452838
0.452838
0.452838
0.452838
0.452838
0.452838
0.452838
0.452838
0.452838
0.452838
0.452838
0.452838
0.452838
0.452838
0.452838
0.452838
0.452838
0.452838
0.452838
0.452838
0.452838
0.452838
0.452838
0.452838
0.452838
0.452838
0.452838
0.452838
0.452838
0.452838
0.452838
0.452838
0.45284
0.452877
0.453017
0.502398
0.573323
9.9366e-06
8.43509e-05
0.000546932
0.000538897
0.004025
0.258585
0.00258338
0.000966391
0.000847092
0.00173106
0.00899991
0.0087985
0.0380181
0.0291094
0.339387
0.0132782
0.0124139
0.00933351
0.00661078
0.00516289
0.00538355
0.00699733
0.00795298
0.00644404
0.0121718
0.120355
0.0952435
0.0199471
0.0122613
0.00729733
0.00337162
0.00210933
0.000897095
0.000481444
0.000106629
0.452838
0.452838
0.452838
0.452838
0.452838
0.452838
0.452838
0.452838
0.452838
0.452838
0.452838
0.452838
0.452838
0.452838
0.452838
0.452838
0.452838
0.452838
0.452838
0.452838
0.452838
0.452838
0.452838
0.452838
0.452838
0.452838
0.452838
0.452838
0.452838
0.452838
0.452838
0.452838
0.452838
0.452838
0.452838
0.452838
0.452838
0.452838
0.452838
0.452838
0.452838
0.452838
0.452838
0.452838
0.452838
0.452838
0.452838
0.452838
0.452838
0.452838
0.452838
0.452838
0.452838
0.452838
0.452838
0.452839
0.452839
0.452846
0.441632
0.5235
0.394463
1.40727e-06
1.12675e-05
1.9816e-05
9.33083e-06
0.000216475
0.000198556
0.000484477
0.000199246
8.28756e-06
1.48572e-05
1.41317e-05
6.63888e-06
0.000364527
0.000423362
0.000606634
0.000512426
0.000645111
0.00109452
0.00337394
0.0027341
0.00453174
0.00220085
0.0171741
0.00278342
0.0146141
0.00551441
0.0048334
0.00610984
0.0144008
0.0321365
0.010694
0.00283439
0.00098055
0.000471255
0.000106102
0.452838
0.452838
0.452838
0.452838
0.452838
0.452838
0.452838
0.452838
0.452838
0.452838
0.452838
0.452838
0.452838
0.452838
0.452838
0.452838
0.452838
0.452838
0.452838
0.452838
0.452838
0.452838
0.452838
0.452838
0.452838
0.452838
0.452838
0.452838
0.452838
0.452838
0.452838
0.452838
0.452838
0.452838
0.452838
0.452838
0.452838
0.452838
0.452838
0.452838
0.452838
0.452838
0.452838
0.452838
0.452838
0.452838
0.452838
0.452838
0.452838
0.452838
0.452838
0.452838
0.452838
0.452838
0.452838
0.452838
0.452839
0.452787
0.453788
0.498294
0.59933
0.000857925
0.0190897
0.00225069
0.00194022
0.00537657
0.0817731
0.00792238
0.00990924
0.00598313
0.00762908
0.0919731
0.0254823
0.00979715
0.603208
0.916704
0.00660363
0.0127386
0.0105236
0.987529
0.000325119
4.27645e-05
7.83671e-06
1.6121e-05
0.0188896
1.47827e-05
0.000347717
0.00889423
0.0279618
0.0129017
0.00710642
0.00504563
0.00233535
0.00116237
0.000452737
0.000104805
0.452838
0.452838
0.452838
0.452838
0.452838
0.452838
0.452838
0.452838
0.452838
0.452838
0.452838
0.452838
0.452838
0.452838
0.452838
0.452838
0.452838
0.452838
0.452838
0.452838
0.452838
0.452838
0.452838
0.452838
0.452838
0.452838
0.452838
0.452838
0.452838
0.452838
0.452838
0.452838
0.452838
0.452838
0.452838
0.452838
0.452838
0.452838
0.452838
0.452838
0.452838
0.452838
0.452838
0.452838
0.452838
0.452838
0.452838
0.452838
0.452838
0.452838
0.452838
0.452838
0.452838
0.452838
0.452839
0.452838
0.452839
0.452851
0.452972
0.514699
0.0928219
0.196961
0.0570832
0.0830419
0.13429
0.0331442
0.897465
0.129945
0.957852
0.87927
0.957212
0.936404
0.945128
0.933565
0.14189
0.054882
0.0320018
0.871115
0.974214
0.999994
0.160734
0.104991
0.0386176
0.0765742
0.00200205
0.000160171
1.20637e-05
6.28432e-06
0.000106436
0.000130319
0.00213466
0.00961584
0.00259059
0.00144681
0.000548525
9.48835e-05
0.452838
0.452838
0.452838
0.452838
0.452838
0.452838
0.452838
0.452838
0.452838
0.452838
0.452838
0.452838
0.452838
0.452838
0.452838
0.452838
0.452838
0.452838
0.452838
0.452838
0.452838
0.452838
0.452838
0.452838
0.452838
0.452838
0.452838
0.452838
0.452838
0.452838
0.452838
0.452838
0.452838
0.452838
0.452838
0.452838
0.452838
0.452838
0.452838
0.452838
0.452838
0.452838
0.452838
0.452838
0.452838
0.452838
0.452838
0.452838
0.452838
0.452838
0.452838
0.452838
0.452838
0.452838
0.452839
0.452838
0.452827
0.452698
0.451319
0.565702
0.961402
0.138374
0.902563
0.76429
0.182307
0.0655691
0.000318446
0.997501
0.438702
0.825699
0.788564
0.78081
0.834839
0.57141
0.801108
0.227349
0.782955
0.997625
0.993678
0.709162
0.69556
0.305659
0.43021
0.307266
0.735247
0.0765919
0.158175
0.0220302
0.00067231
1.30597e-05
4.18244e-06
9.94423e-05
0.000100455
8.09086e-05
8.07224e-05
2.88248e-05
0.452838
0.452838
0.452838
0.452838
0.452838
0.452838
0.452838
0.452838
0.452838
0.452838
0.452838
0.452838
0.452838
0.452838
0.452838
0.452838
0.452838
0.452838
0.452838
0.452838
0.452838
0.452838
0.452838
0.452838
0.452838
0.452838
0.452838
0.452838
0.452838
0.452838
0.452838
0.452838
0.452838
0.452838
0.452838
0.452838
0.452838
0.452838
0.452838
0.452838
0.452838
0.452838
0.452838
0.452838
0.452838
0.452838
0.452838
0.452838
0.452838
0.452838
0.452838
0.452838
0.452838
0.452838
0.452838
0.452838
0.452838
0.45285
0.447043
0.60307
0.0780609
0.690344
0.447743
0.479627
0.867411
0.237627
0.999977
0.577262
0.498731
0.84564
0.52495
0.407183
0.70971
0.209547
0.412746
0.583172
0.522869
0.312368
0.709995
0.911906
0.997796
0.600204
0.318814
0.55942
0.531221
0.566071
0.884788
0.973069
0.664389
0.0358661
0.0382981
0.797368
0.917552
0.134957
0.00896933
0.995749
0.452838
0.452838
0.452838
0.452838
0.452838
0.452838
0.452838
0.452838
0.452838
0.452838
0.452838
0.452838
0.452838
0.452838
0.452838
0.452838
0.452838
0.452838
0.452838
0.452838
0.452838
0.452838
0.452838
0.452838
0.452838
0.452838
0.452838
0.452838
0.452838
0.452838
0.452838
0.452838
0.452838
0.452838
0.452838
0.452838
0.452838
0.452838
0.452838
0.452838
0.452838
0.452838
0.452838
0.452838
0.452838
0.452838
0.452838
0.452838
0.452838
0.452838
0.452838
0.452838
0.452838
0.452838
0.452838
0.452839
0.452855
0.45284
0.454627
0.586695
0.162079
0.998865
0.911733
0.552582
0.763336
0.335875
0.597167
0.888652
0.806013
0.904626
0.870379
0.447801
0.833016
0.654637
0.440531
0.463584
0.230654
0.971675
0.998098
0.68599
0.874883
0.445976
0.511747
0.622062
0.357572
0.367194
0.529676
0.832508
0.241005
0.622369
0.85012
0.399693
0.25294
0.98586
0.98609
0.999952
0.452838
0.452838
0.452838
0.452838
0.452838
0.452838
0.452838
0.452838
0.452838
0.452838
0.452838
0.452838
0.452838
0.452838
0.452838
0.452838
0.452838
0.452838
0.452838
0.452838
0.452838
0.452838
0.452838
0.452838
0.452838
0.452838
0.452838
0.452838
0.452838
0.452838
0.452838
0.452838
0.452838
0.452838
0.452838
0.452838
0.452838
0.452838
0.452838
0.452838
0.452838
0.452838
0.452838
0.452838
0.452838
0.452838
0.452838
0.452838
0.452838
0.452838
0.452838
0.452838
0.452838
0.452838
0.452838
0.452838
0.452838
0.45282
0.452317
0.514925
0.373152
0.963123
0.995016
0.767246
0.999994
0.810018
0.875573
0.996914
0.102786
0.00837241
0.450383
0.244835
0.450169
0.310154
0.695026
0.305661
0.244817
0.529273
0.871912
0.938863
0.986181
0.847888
0.195983
0.350366
0.544974
0.572948
0.20277
0.372641
0.374513
0.458503
0.412175
0.754876
0.455151
0.494313
0.884434
0.893411
0.452838
0.452838
0.452838
0.452838
0.452838
0.452838
0.452838
0.452838
0.452838
0.452838
0.452838
0.452838
0.452838
0.452838
0.452838
0.452838
0.452838
0.452838
0.452838
0.452838
0.452838
0.452838
0.452838
0.452838
0.452838
0.452838
0.452838
0.452838
0.452838
0.452838
0.452838
0.452838
0.452838
0.452838
0.452838
0.452838
0.452838
0.452838
0.452838
0.452838
0.452838
0.452838
0.452838
0.452838
0.452838
0.452838
0.452838
0.452838
0.452838
0.452838
0.452838
0.452838
0.452838
0.452838
0.452838
0.452838
0.452838
0.452802
0.452501
0.519138
0.0578263
0.841406
0.921303
0.526623
0.867093
0.810525
0.950998
0.108045
0.916632
0.973412
0.723292
0.998433
0.597692
0.816333
0.768844
0.970877
0.957548
0.996102
0.862264
0.818181
0.242261
0.999694
0.991093
0.412207
0.151442
0.991491
0.920155
0.549929
0.33379
0.863251
0.531473
0.345723
0.401977
0.798004
0.845401
0.00670156
0.452838
0.452838
0.452838
0.452838
0.452838
0.452838
0.452838
0.452838
0.452838
0.452838
0.452838
0.452838
0.452838
0.452838
0.452838
0.452838
0.452838
0.452838
0.452838
0.452838
0.452838
0.452838
0.452838
0.452838
0.452838
0.452838
0.452838
0.452838
0.452838
0.452838
0.452838
0.452838
0.452838
0.452838
0.452838
0.452838
0.452838
0.452838
0.452838
0.452838
0.452838
0.452838
0.452838
0.452838
0.452838
0.452838
0.452838
0.452838
0.452838
0.452838
0.452838
0.452838
0.452838
0.452838
0.452839
0.452839
0.452838
0.452758
0.435604
0.539632
0.980717
0.0833436
0.104469
0.948374
0.0775583
0.434976
0.972331
0.10009
0.735959
0.176871
0.087623
0.161943
0.0826273
0.000254541
0.340784
0.999881
0.274198
0.0920615
0.110279
0.336353
0.140031
0.0637153
0.915848
0.140049
0.99833
0.085794
0.0434379
0.111124
0.0480441
0.000288092
0.057701
0.360605
0.0795877
0.10116
0.00423047
7.45281e-05
0.452838
0.452838
0.452838
0.452838
0.452838
0.452838
0.452838
0.452838
0.452838
0.452838
0.452838
0.452838
0.452838
0.452838
0.452838
0.452838
0.452838
0.452838
0.452838
0.452838
0.452838
0.452838
0.452838
0.452838
0.452838
0.452838
0.452838
0.452838
0.452838
0.452838
0.452838
0.452838
0.452838
0.452838
0.452838
0.452838
0.452838
0.452838
0.452838
0.452838
0.452838
0.452838
0.452838
0.452838
0.452838
0.452838
0.452838
0.452838
0.452838
0.452838
0.452838
0.452838
0.452838
0.452838
0.452838
0.452838
0.452839
0.452814
0.421057
0.531021
0.993324
0.00143027
0.35705
0.0062898
0.00285419
0.00290371
0.00372069
0.000583122
0.00330447
0.000442439
0.134663
0.0166969
0.0649006
0.0385244
0.00437252
0.00216598
0.00263135
0.00431581
0.00428234
0.00413028
0.0044469
0.00550447
0.0132833
0.011842
0.0563663
0.0111259
0.0272359
0.00865459
0.00368228
0.00173768
0.00248831
0.00198193
7.14782e-05
1.02009e-05
8.4965e-06
0.000119183
0.452838
0.452838
0.452838
0.452838
0.452838
0.452838
0.452838
0.452838
0.452838
0.452838
0.452838
0.452838
0.452838
0.452838
0.452838
0.452838
0.452838
0.452838
0.452838
0.452838
0.452838
0.452838
0.452838
0.452838
0.452838
0.452838
0.452838
0.452838
0.452838
0.452838
0.452838
0.452838
0.452838
0.452838
0.452838
0.452838
0.452838
0.452838
0.452838
0.452838
0.452838
0.452838
0.452838
0.452838
0.452838
0.452838
0.452838
0.452838
0.452838
0.452838
0.452838
0.452838
0.452838
0.452838
0.452838
0.452838
0.452839
0.452827
0.45587
0.531838
0.165185
0.99999
0.000158455
6.87455e-06
1.15453e-05
1.04212e-05
7.15884e-05
9.98145e-06
5.69278e-06
0.000664586
0.000480119
0.000379155
0.000341559
0.000356379
0.00080602
0.00057871
0.00026335
0.000258151
0.000244445
0.000185927
0.00014696
0.000145726
0.000226661
0.000359559
0.000597725
0.00135479
0.00540643
0.000236561
0.000118781
0.000130669
0.000155716
0.000191561
0.000319834
0.000970618
0.00185476
0.000143561
0.452838
0.452838
0.452838
0.452838
0.452838
0.452838
0.452838
0.452838
0.452838
0.452838
0.452838
0.452838
0.452838
0.452838
0.452838
0.452838
0.452838
0.452838
0.452838
0.452838
0.452838
0.452838
0.452838
0.452838
0.452838
0.452838
0.452838
0.452838
0.452838
0.452838
0.452838
0.452838
0.452838
0.452838
0.452838
0.452838
0.452838
0.452838
0.452838
0.452838
0.452838
0.452838
0.452838
0.452838
0.452838
0.452838
0.452838
0.452838
0.452838
0.452838
0.452838
0.452838
0.452838
0.452838
0.452838
0.452838
0.452838
0.452972
0.454276
0.512249
0.678347
7.78692e-06
4.53345e-05
0.00061148
0.000673123
0.000657363
0.00047497
0.000590207
0.00473045
0.0116213
0.0190727
0.0277724
0.0784492
0.0433217
0.011756
0.0187796
0.00352898
0.00357145
0.00458827
0.00208431
0.00179914
0.00296824
0.00136876
0.00155623
0.00141974
0.00209863
0.00905215
0.000459514
0.000472028
0.00164041
0.00848534
0.00664055
0.0116102
0.00394884
0.00549352
0.000138637
0.452838
0.452838
0.452838
0.452838
0.452838
0.452838
0.452838
0.452838
0.452838
0.452838
0.452838
0.452838
0.452838
0.452838
0.452838
0.452838
0.452838
0.452838
0.452838
0.452838
0.452838
0.452838
0.452838
0.452838
0.452838
0.452838
0.452838
0.452838
0.452838
0.452838
0.452838
0.452838
0.452838
0.452838
0.452838
0.452838
0.452838
0.452838
0.452838
0.452838
0.452838
0.452838
0.452838
0.452838
0.452838
0.452838
0.452838
0.452838
0.452838
0.452838
0.452838
0.452838
0.452838
0.452838
0.452838
0.452838
0.452839
0.453164
0.480106
0.476018
0.664105
3.39554e-06
0.000677557
0.000174038
0.000352293
0.00180995
0.027236
0.00213433
0.00179276
0.00192201
0.00270945
0.00518447
0.0171341
0.00661801
0.00312509
0.00297447
0.0139565
0.00601109
0.00377534
0.00264876
0.00347462
0.00167091
0.00149384
0.00864075
0.00621916
0.00803606
0.0300264
0.000527319
0.000400188
0.00113701
0.0101219
0.00273426
0.00216371
0.00154121
0.00291956
0.000128152
0.452838
0.452838
0.452838
0.452838
0.452838
0.452838
0.452838
0.452838
0.452838
0.452838
0.452838
0.452838
0.452838
0.452838
0.452838
0.452838
0.452838
0.452838
0.452838
0.452838
0.452838
0.452838
0.452838
0.452838
0.452838
0.452838
0.452838
0.452838
0.452838
0.452838
0.452838
0.452838
0.452838
0.452838
0.452838
0.452838
0.452838
0.452838
0.452838
0.452838
0.452838
0.452838
0.452838
0.452838
0.452838
0.452838
0.452838
0.452838
0.452838
0.452838
0.452838
0.452838
0.452838
0.452838
0.452838
0.452838
0.452839
0.452896
0.455819
0.540476
0.0931059
0.000397657
2.36266e-06
0.000234717
0.000615604
0.000926369
0.00344728
0.00322845
0.246968
0.00854248
0.0103944
0.0154321
0.0271606
0.0186667
0.00944293
0.0191646
0.0527704
0.0372669
0.0399974
0.00643113
0.0038298
0.00102432
0.00180191
0.00738913
0.00181806
0.0238093
0.00836065
0.000813283
0.000566974
0.00147968
0.0184983
0.00626672
0.00253685
0.00148365
0.00608937
0.000129644
0.452838
0.452838
0.452838
0.452838
0.452838
0.452838
0.452838
0.452838
0.452838
0.452838
0.452838
0.452838
0.452838
0.452838
0.452838
0.452838
0.452838
0.452838
0.452838
0.452838
0.452838
0.452838
0.452838
0.452838
0.452838
0.452838
0.452838
0.452838
0.452838
0.452838
0.452838
0.452838
0.452838
0.452838
0.452838
0.452838
0.452838
0.452838
0.452838
0.452838
0.452838
0.452838
0.452838
0.452838
0.452838
0.452838
0.452838
0.452838
0.452838
0.452838
0.452838
0.452838
0.452838
0.452838
0.452838
0.452838
0.45284
0.452846
0.452973
0.561704
0.157149
0.00101689
3.69603e-06
0.000535903
0.00384971
0.00305089
0.00430843
0.00321729
0.00858937
0.00443951
0.00140732
0.00164113
0.00588084
0.0255408
0.00331675
0.00443185
0.00945666
0.00967421
0.00725855
0.00671238
0.00678116
0.00717676
0.00861306
0.00848383
0.00967746
0.0092878
0.00662409
0.00594842
0.00499256
0.00506787
0.00500024
0.00496207
0.00280731
0.0010994
0.000459285
0.000104326
0.452838
0.452838
0.452838
0.452838
0.452838
0.452838
0.452838
0.452838
0.452838
0.452838
0.452838
0.452838
0.452838
0.452838
0.452838
0.452838
0.452838
0.452838
0.452838
0.452838
0.452838
0.452838
0.452838
0.452838
0.452838
0.452838
0.452838
0.452838
0.452838
0.452838
0.452838
0.452838
0.452838
0.452838
0.452838
0.452838
0.452838
0.452838
0.452838
0.452838
0.452838
0.452838
0.452838
0.452838
0.452838
0.452838
0.452838
0.452838
0.452838
0.452838
0.452838
0.452838
0.452838
0.452838
0.452838
0.452838
0.45284
0.452845
0.455159
0.512894
0.194984
0.00418854
4.23088e-06
0.00036449
0.000537764
0.003864
0.00693825
0.00453023
0.00521994
0.0025206
0.00122782
0.00179164
0.00737687
0.00413111
0.00739432
0.00295284
0.0142392
0.0111289
0.00663734
0.00425471
0.00272666
0.00246819
0.00315471
0.00363789
0.00359091
0.00446413
0.00475503
0.0100704
0.017307
0.00965916
0.00407984
0.00236437
0.0017687
0.000862333
0.000484955
0.000104438
0.452838
0.452838
0.452838
0.452838
0.452838
0.452838
0.452838
0.452838
0.452838
0.452838
0.452838
0.452838
0.452838
0.452838
0.452838
0.452838
0.452838
0.452838
0.452838
0.452838
0.452838
0.452838
0.452838
0.452838
0.452838
0.452838
0.452838
0.452838
0.452838
0.452838
0.452838
0.452838
0.452838
0.452838
0.452838
0.452838
0.452838
0.452838
0.452838
0.452838
0.452838
0.452838
0.452838
0.452838
0.452838
0.452838
0.452838
0.452838
0.452838
0.452838
0.452838
0.452838
0.452838
0.452838
0.452838
0.452838
0.45284
0.45279
0.452383
0.522763
0.071677
3.78434e-05
4.34627e-06
0.0001024
0.000111419
0.000165383
0.000213291
0.0003026
0.00032907
0.000850769
0.00184637
0.00123872
0.00113789
0.000592308
0.000267138
0.000227191
0.000305196
0.000308004
0.000331828
0.00053114
0.000434895
0.000543001
0.00154462
0.0104816
0.191417
0.0100121
0.0126461
0.0262184
0.0260479
0.0235361
0.0319123
0.0123716
0.00231353
0.00103536
0.000439698
0.000108283
0.452838
0.452838
0.452838
0.452838
0.452838
0.452838
0.452838
0.452838
0.452838
0.452838
0.452838
0.452838
0.452838
0.452838
0.452838
0.452838
0.452838
0.452838
0.452838
0.452838
0.452838
0.452838
0.452838
0.452838
0.452838
0.452838
0.452838
0.452838
0.452838
0.452838
0.452838
0.452838
0.452838
0.452838
0.452838
0.452838
0.452838
0.452838
0.452838
0.452838
0.452838
0.452838
0.452838
0.452838
0.452838
0.452838
0.452838
0.452838
0.452838
0.452838
0.452838
0.452838
0.452838
0.452838
0.452838
0.452838
0.452839
0.452879
0.449211
0.515126
0.431712
0.000594927
0.0206883
0.000567249
0.0041314
0.00487941
0.00394254
0.00689795
0.00330426
0.0202844
0.00387553
0.00577202
0.00520963
0.00412329
0.00108803
0.00132271
0.00233262
0.00628522
0.00181094
0.00280222
0.999953
1.29144e-05
7.70776e-06
0.000553129
0.000699383
0.000194454
0.000257112
0.00216926
0.0041564
0.00525785
0.00509894
0.0414458
0.00304963
0.0010951
0.00048978
0.000103751
0.452838
0.452838
0.452838
0.452838
0.452838
0.452838
0.452838
0.452838
0.452838
0.452838
0.452838
0.452838
0.452838
0.452838
0.452838
0.452838
0.452838
0.452838
0.452838
0.452838
0.452838
0.452838
0.452838
0.452838
0.452838
0.452838
0.452838
0.452838
0.452838
0.452838
0.452838
0.452838
0.452838
0.452838
0.452838
0.452838
0.452838
0.452838
0.452838
0.452838
0.452838
0.452838
0.452838
0.452838
0.452838
0.452838
0.452838
0.452838
0.452838
0.452838
0.452838
0.452838
0.452838
0.452838
0.452839
0.452838
0.452839
0.452839
0.452267
0.510747
0.979848
0.0247671
0.0572356
0.0237248
0.115467
0.0483635
0.182435
0.0592733
0.123648
0.819291
0.0493835
0.264684
0.16883
0.990145
0.998957
1
0.0812137
0.0730039
0.766364
0.952357
0.997125
0.081777
0.10927
0.0165865
0.000913055
0.000111873
1.00005e-05
6.97499e-06
0.000171386
0.000151706
0.00443339
0.0230309
0.0212186
0.00136036
0.000494517
0.000107518
0.452838
0.452838
0.452838
0.452838
0.452838
0.452838
0.452838
0.452838
0.452838
0.452838
0.452838
0.452838
0.452838
0.452838
0.452838
0.452838
0.452838
0.452838
0.452838
0.452838
0.452838
0.452838
0.452838
0.452838
0.452838
0.452838
0.452838
0.452838
0.452838
0.452838
0.452838
0.452838
0.452838
0.452838
0.452838
0.452838
0.452838
0.452838
0.452838
0.452838
0.452838
0.452838
0.452838
0.452838
0.452838
0.452838
0.452838
0.452838
0.452838
0.452838
0.452838
0.452838
0.452838
0.452839
0.452838
0.452838
0.45284
0.452841
0.414189
0.529656
0.943197
0.881793
0.109692
0.0236984
0.581444
0.0829653
0.73311
0.916011
0.892799
0.855037
0.313176
0.805853
0.877836
0.782371
0.32242
0.750216
0.862348
0.676716
0.341076
0.684355
0.980108
0.271026
0.200999
0.388713
0.606033
0.156641
0.0586501
0.0149926
0.000620889
3.4708e-05
8.17604e-06
4.08114e-05
7.72336e-05
0.000123079
0.000119598
0.000108284
0.452838
0.452838
0.452838
0.452838
0.452838
0.452838
0.452838
0.452838
0.452838
0.452838
0.452838
0.452838
0.452838
0.452838
0.452838
0.452838
0.452838
0.452838
0.452838
0.452838
0.452838
0.452838
0.452838
0.452838
0.452838
0.452838
0.452838
0.452838
0.452838
0.452838
0.452838
0.452838
0.452838
0.452838
0.452838
0.452838
0.452838
0.452838
0.452838
0.452838
0.452838
0.452838
0.452838
0.452838
0.452838
0.452838
0.452838
0.452838
0.452838
0.452838
0.452838
0.452838
0.452838
0.452839
0.452839
0.452838
0.452839
0.45268
0.4509
0.525179
0.0958016
0.979086
0.48859
0.485617
0.997094
0.972953
0.00956271
0.375927
0.848136
0.956011
0.99913
0.999999
0.299309
0.826198
0.199592
0.885439
0.766914
0.289848
0.225447
0.732517
0.264716
0.869727
0.337595
0.366383
0.405933
0.508908
0.870643
0.34886
0.501201
0.105701
0.0238708
0.999724
0.999724
0.000500609
0.000111084
0.999998
0.452838
0.452838
0.452838
0.452838
0.452838
0.452838
0.452838
0.452838
0.452838
0.452838
0.452838
0.452838
0.452838
0.452838
0.452838
0.452838
0.452838
0.452838
0.452838
0.452838
0.452838
0.452838
0.452838
0.452838
0.452838
0.452838
0.452838
0.452838
0.452838
0.452838
0.452838
0.452838
0.452838
0.452838
0.452838
0.452838
0.452838
0.452838
0.452838
0.452838
0.452838
0.452838
0.452838
0.452838
0.452838
0.452838
0.452838
0.452838
0.452838
0.452838
0.452838
0.452838
0.452838
0.452838
0.452839
0.452838
0.45284
0.452865
0.442723
0.553494
0.0636058
0.999809
0.278872
0.849736
0.999996
0.971129
0.993409
0.550193
0.000113242
0.987665
0.730206
0.841145
0.457355
0.998427
0.668372
0.778542
0.776834
0.359697
0.920588
0.75901
0.860265
0.997991
0.912949
0.314778
0.851603
0.975576
0.657316
0.277818
0.243241
0.999997
0.0438531
0.999701
0.986942
0.953713
0.991187
0.00502873
0.452838
0.452838
0.452838
0.452838
0.452838
0.452838
0.452838
0.452838
0.452838
0.452838
0.452838
0.452838
0.452838
0.452838
0.452838
0.452838
0.452838
0.452838
0.452838
0.452838
0.452838
0.452838
0.452838
0.452838
0.452838
0.452838
0.452838
0.452838
0.452838
0.452838
0.452838
0.452838
0.452838
0.452838
0.452838
0.452838
0.452838
0.452838
0.452838
0.452838
0.452838
0.452838
0.452838
0.452838
0.452838
0.452838
0.452838
0.452838
0.452838
0.452838
0.452838
0.452838
0.452838
0.452838
0.452839
0.452838
0.452836
0.452814
0.422649
0.642543
0.657209
0.506419
0.507979
0.539186
0.999967
0.930571
0.795958
0.998993
0.501062
0.642447
0.000573131
0.997318
0.391357
0.196087
0.570512
0.822281
0.999296
0.760213
0.366992
0.680244
0.950232
0.999999
0.999277
0.183156
0.0733519
0.998684
0.382791
0.416494
0.979455
0.517599
0.735254
0.467958
0.987845
0.105891
0.0548247
0.000598191
0.452838
0.452838
0.452838
0.452838
0.452838
0.452838
0.452838
0.452838
0.452838
0.452838
0.452838
0.452838
0.452838
0.452838
0.452838
0.452838
0.452838
0.452838
0.452838
0.452838
0.452838
0.452838
0.452838
0.452838
0.452838
0.452838
0.452838
0.452838
0.452838
0.452838
0.452838
0.452838
0.452838
0.452838
0.452838
0.452838
0.452838
0.452838
0.452838
0.452838
0.452838
0.452838
0.452838
0.452838
0.452838
0.452838
0.452838
0.452838
0.452838
0.452838
0.452838
0.452838
0.452838
0.452838
0.452839
0.452838
0.452839
0.452769
0.452189
0.521817
0.065954
0.811004
0.564913
0.518787
0.964598
0.976291
0.0441828
3.87642e-05
0.534112
0.0965977
0.964502
0.946656
0.110901
0.922125
0.897151
0.931341
0.659174
0.0235649
0.228395
0.998939
0.00337024
0.853642
0.830966
0.975073
0.193221
0.290854
0.369364
0.923134
0.991602
0.999999
0.976285
0.0127815
0.0537157
0.058695
0.0171847
0.000125576
0.452838
0.452838
0.452838
0.452838
0.452838
0.452838
0.452838
0.452838
0.452838
0.452838
0.452838
0.452838
0.452838
0.452838
0.452838
0.452838
0.452838
0.452838
0.452838
0.452838
0.452838
0.452838
0.452838
0.452838
0.452838
0.452838
0.452838
0.452838
0.452838
0.452838
0.452838
0.452838
0.452838
0.452838
0.452838
0.452838
0.452838
0.452838
0.452838
0.452838
0.452838
0.452838
0.452838
0.452838
0.452838
0.452838
0.452838
0.452838
0.452838
0.452838
0.452838
0.452838
0.452838
0.452838
0.452839
0.452838
0.452839
0.452833
0.451378
0.540513
0.0285349
0.137624
0.993236
0.0665738
0.0210616
0.899897
0.685752
0.0709303
0.223147
0.490367
0.166575
0.185271
0.0643069
0.229444
0.0899114
0.996741
0.94694
0.143223
0.137117
0.0584574
0.962759
0.988469
0.0202232
0.0211136
0.0305308
0.029726
0.0610038
0.0485735
0.0588913
0.955273
0.0397654
0.0193487
0.00791275
0.00400271
0.00247506
7.47345e-06
0.452838
0.452838
0.452838
0.452838
0.452838
0.452838
0.452838
0.452838
0.452838
0.452838
0.452838
0.452838
0.452838
0.452838
0.452838
0.452838
0.452838
0.452838
0.452838
0.452838
0.452838
0.452838
0.452838
0.452838
0.452838
0.452838
0.452838
0.452838
0.452838
0.452838
0.452838
0.452838
0.452838
0.452838
0.452838
0.452838
0.452838
0.452838
0.452838
0.452838
0.452838
0.452838
0.452838
0.452838
0.452838
0.452838
0.452838
0.452838
0.452838
0.452838
0.452838
0.452838
0.452838
0.452838
0.452838
0.452839
0.452839
0.452815
0.432432
0.546747
0.00772651
0.00608369
0.0149387
0.10016
0.0422161
0.019291
0.235712
0.00715306
0.0174581
0.0253878
0.0437052
0.010941
0.0972531
0.0118497
0.00283073
0.00142485
0.000879392
0.000752852
0.000586632
0.000507546
0.000841541
0.077585
0.00207539
0.00257989
0.00380959
0.0328016
0.00309918
0.00996795
0.00136623
0.000751005
5.73291e-05
9.4012e-06
1.27364e-05
2.88811e-05
3.20726e-05
1.74112e-05
0.452838
0.452838
0.452838
0.452838
0.452838
0.452838
0.452838
0.452838
0.452838
0.452838
0.452838
0.452838
0.452838
0.452838
0.452838
0.452838
0.452838
0.452838
0.452838
0.452838
0.452838
0.452838
0.452838
0.452838
0.452838
0.452838
0.452838
0.452838
0.452838
0.452838
0.452838
0.452838
0.452838
0.452838
0.452838
0.452838
0.452838
0.452838
0.452838
0.452838
0.452838
0.452838
0.452838
0.452838
0.452838
0.452838
0.452838
0.452838
0.452838
0.452838
0.452838
0.452838
0.452838
0.452838
0.452838
0.452839
0.452839
0.45281
0.455375
0.523457
0.0182459
8.64326e-05
0.00462862
2.97088e-05
7.58339e-06
4.30475e-05
1.34478e-05
0.000116657
7.93079e-06
5.97903e-06
0.00174764
0.000265357
0.000248301
0.000270422
0.00490822
0.000189104
0.000111162
0.000103713
0.000128456
0.000101242
0.000114101
0.000327633
0.000427946
0.000321086
0.000228988
0.000247724
0.000565806
0.000324677
0.000286085
0.000531528
0.000296879
0.000175243
0.00832868
0.00105216
0.000613743
0.000125549
0.452838
0.452838
0.452838
0.452838
0.452838
0.452838
0.452838
0.452838
0.452838
0.452838
0.452838
0.452838
0.452838
0.452838
0.452838
0.452838
0.452838
0.452838
0.452838
0.452838
0.452838
0.452838
0.452838
0.452838
0.452838
0.452838
0.452838
0.452838
0.452838
0.452838
0.452838
0.452838
0.452838
0.452838
0.452838
0.452838
0.452838
0.452838
0.452838
0.452838
0.452838
0.452838
0.452838
0.452838
0.452838
0.452838
0.452838
0.452838
0.452838
0.452838
0.452838
0.452838
0.452838
0.452838
0.452838
0.452838
0.452838
0.453163
0.454189
0.514415
0.683313
4.89484e-06
0.000115741
1.49438e-05
0.00158004
0.00314383
0.00666839
0.00301862
0.00125233
0.00312943
0.00473796
0.00568589
0.00795529
0.00977908
0.0074713
0.00942648
0.0026567
0.00534622
0.0133027
0.00428502
0.00500155
0.00268212
0.000887621
0.000776171
0.000736159
0.000782743
0.00187145
0.000734438
0.00146935
0.00304319
0.00131437
0.00208432
0.00530661
0.0022142
0.00347709
0.000127649
0.452838
0.452838
0.452838
0.452838
0.452838
0.452838
0.452838
0.452838
0.452838
0.452838
0.452838
0.452838
0.452838
0.452838
0.452838
0.452838
0.452838
0.452838
0.452838
0.452838
0.452838
0.452838
0.452838
0.452838
0.452838
0.452838
0.452838
0.452838
0.452838
0.452838
0.452838
0.452838
0.452838
0.452838
0.452838
0.452838
0.452838
0.452838
0.452838
0.452838
0.452838
0.452838
0.452838
0.452838
0.452838
0.452838
0.452838
0.452838
0.452838
0.452838
0.452838
0.452838
0.452838
0.452838
0.452838
0.452838
0.452839
0.452876
0.502371
0.496174
0.291452
3.48558e-06
5.10852e-05
0.000201769
0.000321534
0.00355311
0.00334538
0.00573542
0.00322406
0.00201546
0.00170046
0.00161384
0.00138542
0.00136923
0.00139322
0.00328334
0.0105154
0.00427774
0.00307908
0.00150302
0.00157397
0.00611108
0.0019443
0.00133898
0.00102012
0.00121611
0.00271424
0.000932697
0.000876141
0.00237551
0.00181804
0.00121641
0.00134963
0.00150184
0.00184977
0.000115464
0.452838
0.452838
0.452838
0.452838
0.452838
0.452838
0.452838
0.452838
0.452838
0.452838
0.452838
0.452838
0.452838
0.452838
0.452838
0.452838
0.452838
0.452838
0.452838
0.452838
0.452838
0.452838
0.452838
0.452838
0.452838
0.452838
0.452838
0.452838
0.452838
0.452838
0.452838
0.452838
0.452838
0.452838
0.452838
0.452838
0.452838
0.452838
0.452838
0.452838
0.452838
0.452838
0.452838
0.452838
0.452838
0.452838
0.452838
0.452838
0.452838
0.452838
0.452838
0.452838
0.452838
0.452838
0.452838
0.452838
0.452839
0.453562
0.454234
0.520261
0.107298
0.00238983
2.37562e-06
0.000225336
0.000628577
0.00109875
0.0022041
0.00288316
0.00531147
0.0079251
0.00618
0.00499981
0.00429709
0.0027376
0.00165069
0.00177401
0.00255338
0.00518871
0.0044704
0.130809
0.0164806
0.00237444
0.00153029
0.000866257
0.000915818
0.000957368
0.00900478
0.00187854
0.000954163
0.00314928
0.00568975
0.00153111
0.00111263
0.00103354
0.00141455
0.000114656
0.452838
0.452838
0.452838
0.452838
0.452838
0.452838
0.452838
0.452838
0.452838
0.452838
0.452838
0.452838
0.452838
0.452838
0.452838
0.452838
0.452838
0.452838
0.452838
0.452838
0.452838
0.452838
0.452838
0.452838
0.452838
0.452838
0.452838
0.452838
0.452838
0.452838
0.452838
0.452838
0.452838
0.452838
0.452838
0.452838
0.452838
0.452838
0.452838
0.452838
0.452838
0.452838
0.452838
0.452838
0.452838
0.452838
0.452838
0.452838
0.452838
0.452838
0.452838
0.452838
0.452838
0.452838
0.452838
0.452838
0.45284
0.452839
0.452181
0.564782
0.088158
0.000827207
3.74895e-06
0.000540103
0.0030314
0.00170507
0.0201777
0.00336913
0.00386743
0.999956
0.0139215
0.0139931
0.95703
0.00690238
0.00243049
0.00145425
0.00293375
0.00278293
0.00394532
0.00462244
0.00543475
0.00610056
0.00656609
0.00816934
0.00825004
0.00778778
0.0132883
0.0122745
0.011307
0.0313677
0.0549415
0.0183645
0.00358858
0.00155639
0.000610806
0.000108302
0.452838
0.452838
0.452838
0.452838
0.452838
0.452838
0.452838
0.452838
0.452838
0.452838
0.452838
0.452838
0.452838
0.452838
0.452838
0.452838
0.452838
0.452838
0.452838
0.452838
0.452838
0.452838
0.452838
0.452838
0.452838
0.452838
0.452838
0.452838
0.452838
0.452838
0.452838
0.452838
0.452838
0.452838
0.452838
0.452838
0.452838
0.452838
0.452838
0.452838
0.452838
0.452838
0.452838
0.452838
0.452838
0.452838
0.452838
0.452838
0.452838
0.452838
0.452838
0.452838
0.452838
0.452838
0.452838
0.452838
0.452845
0.453376
0.47531
0.497355
0.19304
0.00240915
4.71814e-06
0.000858277
0.00150394
0.00353235
0.0115502
0.00695379
0.0134926
0.00942511
0.0118649
0.994051
8.47881e-05
0.989421
0.00173924
0.00175245
0.00365842
0.00312571
0.00611147
0.0205243
0.0376288
0.00836942
0.00588605
0.00689487
0.014665
0.397305
0.0645551
0.0819816
0.0124101
0.00687907
0.00631403
0.00492524
0.00694951
0.00250824
0.000643159
0.00010695
0.452838
0.452838
0.452838
0.452838
0.452838
0.452838
0.452838
0.452838
0.452838
0.452838
0.452838
0.452838
0.452838
0.452838
0.452838
0.452838
0.452838
0.452838
0.452838
0.452838
0.452838
0.452838
0.452838
0.452838
0.452838
0.452838
0.452838
0.452838
0.452838
0.452838
0.452838
0.452838
0.452838
0.452838
0.452838
0.452838
0.452838
0.452838
0.452838
0.452838
0.452838
0.452838
0.452838
0.452838
0.452838
0.452838
0.452838
0.452838
0.452838
0.452838
0.452838
0.452838
0.452838
0.452838
0.452838
0.452838
0.45284
0.452848
0.452004
0.514239
0.16429
0.000690652
3.61818e-06
7.01799e-05
0.000789268
0.00129079
0.00380309
0.000376713
0.000271653
0.000280853
0.000298226
0.0141529
0.997274
0.00334791
0.00856568
0.00455886
0.00514672
0.0194091
0.00998976
0.0189784
0.0270114
0.000282432
0.00610007
0.00633623
0.0308893
0.0064576
0.00776772
0.00348196
0.002058
0.0031349
0.0311637
0.100171
0.00201953
0.00133953
0.000636596
0.000111294
0.452838
0.452838
0.452838
0.452838
0.452838
0.452838
0.452838
0.452838
0.452838
0.452838
0.452838
0.452838
0.452838
0.452838
0.452838
0.452838
0.452838
0.452838
0.452838
0.452838
0.452838
0.452838
0.452838
0.452838
0.452838
0.452838
0.452838
0.452838
0.452838
0.452838
0.452838
0.452838
0.452838
0.452838
0.452838
0.452838
0.452838
0.452838
0.452838
0.452838
0.452838
0.452838
0.452838
0.452838
0.452838
0.452838
0.452838
0.452838
0.452838
0.452838
0.452838
0.452838
0.452838
0.452838
0.452838
0.452838
0.452839
0.452821
0.484953
0.453722
0.449615
0.00593114
6.48358e-05
9.63926e-06
5.3751e-06
0.000520673
1.36843e-05
1.01363e-05
2.37211e-05
0.000239583
9.09349e-06
7.90821e-06
0.000170225
0.000215232
0.00508086
0.00270261
0.000262494
0.000393123
0.000428998
0.000214288
1.60032e-05
0.0115701
1.63593e-05
0.0126018
0.00137823
0.000829872
0.000453986
0.000738664
0.000606723
0.000476748
0.000843504
0.00434295
0.0120128
0.0021829
0.000610063
0.00010647
0.452838
0.452838
0.452838
0.452838
0.452838
0.452838
0.452838
0.452838
0.452838
0.452838
0.452838
0.452838
0.452838
0.452838
0.452838
0.452838
0.452838
0.452838
0.452838
0.452838
0.452838
0.452838
0.452838
0.452838
0.452838
0.452838
0.452838
0.452838
0.452838
0.452838
0.452838
0.452838
0.452838
0.452838
0.452838
0.452838
0.452838
0.452838
0.452838
0.452838
0.452838
0.452838
0.452838
0.452838
0.452838
0.452838
0.452838
0.452838
0.452838
0.452838
0.452838
0.452838
0.452838
0.452838
0.452838
0.452838
0.452838
0.452828
0.453402
0.520733
0.158955
0.00840518
0.00851495
0.0131957
0.00244096
0.00296782
0.0213195
0.00324876
0.00936725
0.0025381
0.00040461
0.000105364
1.27504e-05
5.64754e-06
0.00265708
6.56926e-06
1.48657e-05
0.000151115
0.000441127
0.00144482
6.50516e-05
9.66523e-06
8.80167e-06
0.000262227
0.000607075
0.000724063
0.000122667
0.000198531
0.000860515
0.000262253
0.000300789
0.00078621
0.0298227
0.00234519
0.000814344
0.000111983
0.452838
0.452838
0.452838
0.452838
0.452838
0.452838
0.452838
0.452838
0.452838
0.452838
0.452838
0.452838
0.452838
0.452838
0.452838
0.452838
0.452838
0.452838
0.452838
0.452838
0.452838
0.452838
0.452838
0.452838
0.452838
0.452838
0.452838
0.452838
0.452838
0.452838
0.452838
0.452838
0.452838
0.452838
0.452838
0.452838
0.452838
0.452838
0.452838
0.452838
0.452838
0.452838
0.452838
0.452838
0.452838
0.452838
0.452838
0.452838
0.452838
0.452838
0.452838
0.452838
0.452838
0.452838
0.452839
0.452838
0.452838
0.452706
0.456154
0.47595
0.898994
0.110318
0.0874369
0.0982574
0.0405367
0.0046997
0.0515052
0.00739415
0.0093218
0.0176359
0.992124
0.00638441
0.00101729
0.00034895
0.00226633
0.0033349
0.0031098
0.0159675
0.0122668
0.017437
0.0261723
0.0138017
0.00636991
0.00227927
0.000198556
2.01708e-05
8.17394e-06
4.3731e-05
0.000143853
0.00159303
0.000441755
0.000858768
0.000924272
0.00580149
0.000693626
0.000106085
0.452838
0.452838
0.452838
0.452838
0.452838
0.452838
0.452838
0.452838
0.452838
0.452838
0.452838
0.452838
0.452838
0.452838
0.452838
0.452838
0.452838
0.452838
0.452838
0.452838
0.452838
0.452838
0.452838
0.452838
0.452838
0.452838
0.452838
0.452838
0.452838
0.452838
0.452838
0.452838
0.452838
0.452838
0.452838
0.452838
0.452838
0.452838
0.452838
0.452838
0.452838
0.452838
0.452838
0.452838
0.452838
0.452838
0.452838
0.452838
0.452838
0.452838
0.452838
0.452838
0.452838
0.452838
0.452839
0.452838
0.45287
0.453741
0.440291
0.515322
0.628119
0.0705047
0.0879561
0.980567
0.998472
0.998474
0.974347
0.0694616
0.0208804
0.0240092
0.990989
0.0133155
0.591037
0.909417
0.262248
0.998321
0.318252
0.0423915
0.12206
0.0343607
0.0765688
0.0811755
0.0301399
0.113646
0.00327911
0.000386373
3.57217e-05
1.53089e-06
3.66438e-05
0.001529
0.000384033
0.000448876
0.000392238
0.000548889
0.00316363
0.000113639
0.452838
0.452838
0.452838
0.452838
0.452838
0.452838
0.452838
0.452838
0.452838
0.452838
0.452838
0.452838
0.452838
0.452838
0.452838
0.452838
0.452838
0.452838
0.452838
0.452838
0.452838
0.452838
0.452838
0.452838
0.452838
0.452838
0.452838
0.452838
0.452838
0.452838
0.452838
0.452838
0.452838
0.452838
0.452838
0.452838
0.452838
0.452838
0.452838
0.452838
0.452838
0.452838
0.452838
0.452838
0.452838
0.452838
0.452838
0.452838
0.452838
0.452838
0.452838
0.452838
0.452838
0.452838
0.452839
0.452838
0.452839
0.45309
0.475916
0.50253
0.752385
0.0520382
0.563704
0.165195
0.948358
0.913768
0.134212
0.132061
0.966033
0.950942
0.138535
0.941917
0.956697
0.277572
0.909528
0.0532419
1
0.23603
0.682338
0.414615
0.097071
0.0795597
0.080827
0.0702217
0.0115134
0.000790009
0.00247482
4.09608e-05
0.000439814
1
1
9.26019e-05
0.999961
0.000280459
3.14703e-05
1.5655e-05
0.452838
0.452838
0.452838
0.452838
0.452838
0.452838
0.452838
0.452838
0.452838
0.452838
0.452838
0.452838
0.452838
0.452838
0.452838
0.452838
0.452838
0.452838
0.452838
0.452838
0.452838
0.452838
0.452838
0.452838
0.452838
0.452838
0.452838
0.452838
0.452838
0.452838
0.452838
0.452838
0.452838
0.452838
0.452838
0.452838
0.452838
0.452838
0.452838
0.452838
0.452838
0.452838
0.452838
0.452838
0.452838
0.452838
0.452838
0.452838
0.452838
0.452838
0.452838
0.452838
0.452838
0.452838
0.452839
0.452838
0.452839
0.452835
0.46311
0.512479
0.849953
0.0552992
0.220497
0.203493
0.995825
0.466263
0.0401646
0.0608068
0.625768
0.371584
0.956886
0.0641928
0.0334564
0.0908222
0.974018
0.99307
0.210605
0.394677
0.44111
0.357638
0.0613375
0.31199
0.199516
0.404866
0.999027
0.102214
0.975864
0.00274291
0.00018879
1.25876e-05
2.46502e-06
0.000552521
0.000101775
3.86069e-05
1.94552e-05
1.59116e-05
0.452838
0.452838
0.452838
0.452838
0.452838
0.452838
0.452838
0.452838
0.452838
0.452838
0.452838
0.452838
0.452838
0.452838
0.452838
0.452838
0.452838
0.452838
0.452838
0.452838
0.452838
0.452838
0.452838
0.452838
0.452838
0.452838
0.452838
0.452838
0.452838
0.452838
0.452838
0.452838
0.452838
0.452838
0.452838
0.452838
0.452838
0.452838
0.452838
0.452838
0.452838
0.452838
0.452838
0.452838
0.452838
0.452838
0.452838
0.452838
0.452838
0.452838
0.452838
0.452838
0.452838
0.452838
0.452839
0.452838
0.45285
0.452448
0.452743
0.534319
0.976364
0.0290193
0.165723
0.569833
0.926329
0.160715
0.126435
0.990229
0.0376492
0.0261631
0.986094
0.1351
0.0339088
0.689116
0.0309232
0.0139327
0.0377473
0.0605123
0.011409
0.0620514
0.0402923
0.0207123
0.0541792
0.00836754
0.0134772
0.0091227
0.00258214
0.00258324
0.000398385
0.999994
7.12309e-06
8.66565e-05
8.43416e-05
3.98971e-05
4.48594e-05
3.88741e-05
0.452838
0.452838
0.452838
0.452838
0.452838
0.452838
0.452838
0.452838
0.452838
0.452838
0.452838
0.452838
0.452838
0.452838
0.452838
0.452838
0.452838
0.452838
0.452838
0.452838
0.452838
0.452838
0.452838
0.452838
0.452838
0.452838
0.452838
0.452838
0.452838
0.452838
0.452838
0.452838
0.452838
0.452838
0.452838
0.452838
0.452838
0.452838
0.452838
0.452838
0.452838
0.452838
0.452838
0.452838
0.452838
0.452838
0.452838
0.452838
0.452838
0.452838
0.452838
0.452838
0.452838
0.452838
0.452839
0.452838
0.452839
0.453154
0.446783
0.461481
0.860154
0.035986
0.909785
0.644057
0.122531
0.0225656
0.0832963
0.0512061
0.164268
0.0460781
0.0620239
0.0248067
0.717705
0.995461
0.00296335
0.000480607
0.000310151
0.000417677
0.000529747
0.000796075
0.00570236
0.00114742
0.00258771
0.00657326
0.000560116
7.62519e-05
1.31489e-05
8.1943e-06
0.00099255
0.999703
0.0232232
0.000162382
8.87357e-05
5.15806e-05
0.000116234
7.1747e-05
0.452838
0.452838
0.452838
0.452838
0.452838
0.452838
0.452838
0.452838
0.452838
0.452838
0.452838
0.452838
0.452838
0.452838
0.452838
0.452838
0.452838
0.452838
0.452838
0.452838
0.452838
0.452838
0.452838
0.452838
0.452838
0.452838
0.452838
0.452838
0.452838
0.452838
0.452838
0.452838
0.452838
0.452838
0.452838
0.452838
0.452838
0.452838
0.452838
0.452838
0.452838
0.452838
0.452838
0.452838
0.452838
0.452838
0.452838
0.452838
0.452838
0.452838
0.452838
0.452838
0.452838
0.452838
0.452838
0.452838
0.452839
0.45284
0.453597
0.505245
0.396401
0.0370903
0.871867
0.923808
0.0325289
0.0173605
0.0419281
0.756449
0.00508887
0.0190263
0.00111194
7.73993e-05
7.47356e-06
1.55582e-05
0.000144065
1.24468e-05
6.62987e-05
0.000119429
0.000132315
0.000260068
0.000738764
0.000244633
0.00187901
0.00039732
0.000280907
0.000195469
0.000351217
0.000248156
0.000262728
0.000344653
0.000287314
0.001051
0.000624432
0.000142121
8.95855e-05
0.000121725
0.452838
0.452838
0.452838
0.452838
0.452838
0.452838
0.452838
0.452838
0.452838
0.452838
0.452838
0.452838
0.452838
0.452838
0.452838
0.452838
0.452838
0.452838
0.452838
0.452838
0.452838
0.452838
0.452838
0.452838
0.452838
0.452838
0.452838
0.452838
0.452838
0.452838
0.452838
0.452838
0.452838
0.452838
0.452838
0.452838
0.452838
0.452838
0.452838
0.452838
0.452838
0.452838
0.452838
0.452838
0.452838
0.452838
0.452838
0.452838
0.452838
0.452838
0.452838
0.452838
0.452838
0.452838
0.452838
0.452838
0.45284
0.452779
0.454412
0.521735
0.0877824
0.00140529
0.000988875
0.0128785
0.000448867
8.17176e-05
1.11624e-05
6.74261e-06
1.15542e-05
1.19767e-05
1.5858e-05
8.65285e-06
0.000331713
0.00381934
0.00511655
0.000865798
0.000837688
0.00988482
0.00348769
0.00469654
0.00156145
0.0018683
0.00333579
0.0020844
0.0148822
0.00191296
0.00142666
0.00945608
0.00161939
0.000724399
0.000943449
0.002962
0.00068538
0.000510132
0.0011062
0.000127988
0.452838
0.452838
0.452838
0.452838
0.452838
0.452838
0.452838
0.452838
0.452838
0.452838
0.452838
0.452838
0.452838
0.452838
0.452838
0.452838
0.452838
0.452838
0.452838
0.452838
0.452838
0.452838
0.452838
0.452838
0.452838
0.452838
0.452838
0.452838
0.452838
0.452838
0.452838
0.452838
0.452838
0.452838
0.452838
0.452838
0.452838
0.452838
0.452838
0.452838
0.452838
0.452838
0.452838
0.452838
0.452838
0.452838
0.452838
0.452838
0.452838
0.452838
0.452838
0.452838
0.452838
0.452838
0.452838
0.452838
0.45284
0.452683
0.468099
0.510074
0.125568
0.00077309
6.02826e-06
0.00030179
0.000479676
0.000620315
0.000503251
0.0122507
0.00688592
0.000340851
0.000350273
0.00377045
0.0102341
0.0387032
0.00324484
0.00149109
0.00140343
0.00552305
0.00206302
0.841654
0.00166923
0.00103397
0.00158823
0.00136237
0.00191256
0.00744842
0.00290735
0.0164214
0.00201687
0.00055942
0.000428385
0.000887966
0.00128207
0.00346527
0.00111543
0.00013186
0.452838
0.452838
0.452838
0.452838
0.452838
0.452838
0.452838
0.452838
0.452838
0.452838
0.452838
0.452838
0.452838
0.452838
0.452838
0.452838
0.452838
0.452838
0.452838
0.452838
0.452838
0.452838
0.452838
0.452838
0.452838
0.452838
0.452838
0.452838
0.452838
0.452838
0.452838
0.452838
0.452838
0.452838
0.452838
0.452838
0.452838
0.452838
0.452838
0.452838
0.452838
0.452838
0.452838
0.452838
0.452838
0.452838
0.452838
0.452838
0.452838
0.452838
0.452838
0.452838
0.452838
0.452838
0.452838
0.452838
0.452839
0.452887
0.47536
0.50677
0.137604
0.000549268
2.31315e-06
0.000318997
0.000755842
0.00582398
0.001042
0.000912235
0.00119466
0.00180352
0.00321608
0.00666136
0.0141578
0.041872
0.0170179
0.00265453
0.00221304
0.00605576
0.0113234
0.0013694
0.00129533
0.00144085
0.00284072
0.00261742
0.00623264
0.00327498
0.00254797
0.00861207
0.00870462
0.00359399
0.000975427
0.000629648
0.000508069
0.00120842
0.0019807
0.000118582
0.452838
0.452838
0.452838
0.452838
0.452838
0.452838
0.452838
0.452838
0.452838
0.452838
0.452838
0.452838
0.452838
0.452838
0.452838
0.452838
0.452838
0.452838
0.452838
0.452838
0.452838
0.452838
0.452838
0.452838
0.452838
0.452838
0.452838
0.452838
0.452838
0.452838
0.452838
0.452838
0.452838
0.452838
0.452838
0.452838
0.452838
0.452838
0.452838
0.452838
0.452838
0.452838
0.452838
0.452838
0.452838
0.452838
0.452838
0.452838
0.452838
0.452838
0.452838
0.452838
0.452838
0.452838
0.452838
0.452838
0.45284
0.452579
0.470492
0.588576
0.948543
0.000177328
2.25621e-06
0.000277464
0.00271183
0.00146988
0.00300474
0.00143303
0.00169089
0.00167776
0.00155577
0.00154961
0.00148223
0.00145013
0.00141785
0.00201362
0.0053534
0.051229
0.00813051
0.00692231
0.00595336
0.00153992
0.00113251
0.00116612
0.00217131
0.00394756
0.00779113
0.00473954
0.00470661
0.0130308
0.012182
0.00305446
0.00316203
0.00197678
0.00381147
0.000125001
)
;

boundaryField
{
    outlet
    {
        type            zeroGradient;
    }
    inlet
    {
        type            fixedValue;
        value           uniform 0.45;
    }
    walls
    {
        type            zeroGradient;
    }
}


// ************************************************************************* //
