/*--------------------------------*- C++ -*----------------------------------*\
| =========                 |                                                 |
| \\      /  F ield         | OpenFOAM: The Open Source CFD Toolbox           |
|  \\    /   O peration     | Version:  2.3.0                                 |
|   \\  /    A nd           | Web:      www.OpenFOAM.org                      |
|    \\/     M anipulation  |                                                 |
\*---------------------------------------------------------------------------*/
FoamFile
{
    version     2.0;
    format      ascii;
    class       volScalarField;
    location    "1";
    object      p;
}
// * * * * * * * * * * * * * * * * * * * * * * * * * * * * * * * * * * * * * //

dimensions      [1 -1 -2 0 0 0 0];

internalField   nonuniform List<scalar> 
6144
(
100000
100000
100000
100001
100001
100001
100001
100001
100001
100001
100002
100002
100002
100002
100002
100002
100002
100003
100003
100003
100003
100003
100003
100003
100004
100004
100004
100004
100004
100004
100004
100005
100005
100005
100005
100005
100005
100005
100006
100006
100006
100006
100006
100006
100006
100007
100007
100007
100007
100007
100007
100007
100008
100008
100008
100008
100008
100008
100008
100009
100042
100196
100319
100447
100572
100697
100823
100948
101073
101199
101324
101451
101576
101702
101828
101954
102080
102206
102332
102457
102583
102709
102835
102961
103087
103213
103339
103465
103591
103717
103842
103968
104094
104220
104346
104472
100000
100000
100000
100001
100001
100001
100001
100001
100001
100001
100002
100002
100002
100002
100002
100002
100002
100003
100003
100003
100003
100003
100003
100003
100004
100004
100004
100004
100004
100004
100004
100005
100005
100005
100005
100005
100005
100005
100006
100006
100006
100006
100006
100006
100006
100007
100007
100007
100007
100007
100007
100007
100008
100008
100008
100008
100008
100008
100008
100009
100030
100201
100324
100445
100571
100698
100823
100949
101073
101199
101324
101450
101576
101702
101828
101954
102080
102206
102332
102458
102583
102709
102835
102961
103087
103213
103339
103465
103591
103717
103842
103968
104094
104220
104346
104472
100000
100000
100000
100001
100001
100001
100001
100001
100001
100001
100002
100002
100002
100002
100002
100002
100002
100003
100003
100003
100003
100003
100003
100003
100004
100004
100004
100004
100004
100004
100004
100005
100005
100005
100005
100005
100005
100005
100006
100006
100006
100006
100006
100006
100006
100007
100007
100007
100007
100007
100007
100007
100008
100008
100008
100008
100008
100008
100008
100009
100032
100203
100322
100446
100570
100698
100822
100948
101073
101199
101324
101450
101576
101702
101828
101954
102080
102206
102332
102458
102584
102709
102835
102961
103087
103213
103339
103465
103591
103717
103842
103968
104094
104220
104346
104472
100000
100000
100000
100001
100001
100001
100001
100001
100001
100001
100002
100002
100002
100002
100002
100002
100002
100003
100003
100003
100003
100003
100003
100003
100004
100004
100004
100004
100004
100004
100004
100005
100005
100005
100005
100005
100005
100005
100006
100006
100006
100006
100006
100006
100006
100007
100007
100007
100007
100007
100007
100007
100008
100008
100008
100008
100008
100008
100008
100009
100030
100203
100320
100445
100570
100698
100822
100948
101072
101198
101324
101450
101576
101702
101828
101954
102080
102206
102332
102458
102584
102710
102835
102961
103087
103213
103339
103465
103591
103717
103842
103968
104094
104220
104346
104472
100000
100000
100000
100001
100001
100001
100001
100001
100001
100001
100002
100002
100002
100002
100002
100002
100002
100003
100003
100003
100003
100003
100003
100003
100004
100004
100004
100004
100004
100004
100004
100005
100005
100005
100005
100005
100005
100005
100006
100006
100006
100006
100006
100006
100006
100007
100007
100007
100007
100007
100007
100007
100008
100008
100008
100008
100008
100008
100008
100009
100031
100204
100318
100446
100571
100697
100821
100947
101071
101198
101323
101450
101575
101702
101827
101954
102080
102206
102332
102458
102584
102710
102835
102961
103087
103213
103339
103465
103591
103717
103842
103968
104094
104220
104346
104472
100000
100000
100000
100001
100001
100001
100001
100001
100001
100001
100002
100002
100002
100002
100002
100002
100002
100003
100003
100003
100003
100003
100003
100003
100004
100004
100004
100004
100004
100004
100004
100005
100005
100005
100005
100005
100005
100005
100006
100006
100006
100006
100006
100006
100006
100007
100007
100007
100007
100007
100007
100007
100008
100008
100008
100008
100008
100008
100008
100009
100036
100204
100313
100447
100574
100697
100821
100946
101070
101197
101323
101449
101575
101701
101827
101953
102079
102206
102332
102458
102584
102710
102835
102961
103087
103213
103339
103465
103591
103717
103842
103968
104094
104220
104346
104471
100000
100000
100000
100001
100001
100001
100001
100001
100001
100001
100002
100002
100002
100002
100002
100002
100002
100003
100003
100003
100003
100003
100003
100003
100004
100004
100004
100004
100004
100004
100004
100005
100005
100005
100005
100005
100005
100005
100006
100006
100006
100006
100006
100006
100006
100007
100007
100007
100007
100007
100007
100007
100008
100008
100008
100008
100008
100008
100008
100009
100038
100206
100316
100446
100571
100696
100820
100944
101069
101196
101322
101449
101575
101701
101827
101953
102079
102205
102332
102457
102584
102709
102835
102961
103087
103213
103339
103465
103591
103716
103842
103968
104094
104220
104346
104472
100000
100000
100000
100001
100001
100001
100001
100001
100001
100001
100002
100002
100002
100002
100002
100002
100002
100003
100003
100003
100003
100003
100003
100003
100004
100004
100004
100004
100004
100004
100004
100005
100005
100005
100005
100005
100005
100005
100006
100006
100006
100006
100006
100006
100006
100007
100007
100007
100007
100007
100007
100007
100008
100008
100008
100008
100008
100008
100008
100010
100042
100207
100316
100446
100573
100696
100818
100942
101067
101194
101321
101448
101575
101701
101827
101953
102079
102205
102331
102457
102583
102710
102836
102962
103088
103214
103340
103466
103591
103716
103842
103967
104092
104218
104344
104471
100000
100000
100000
100001
100001
100001
100001
100001
100001
100001
100002
100002
100002
100002
100002
100002
100002
100003
100003
100003
100003
100003
100003
100003
100004
100004
100004
100004
100004
100004
100004
100005
100005
100005
100005
100005
100005
100005
100006
100006
100006
100006
100006
100006
100006
100007
100007
100007
100007
100007
100007
100007
100008
100008
100008
100008
100008
100008
100008
100010
100037
100206
100314
100442
100569
100695
100818
100943
101068
101195
101321
101448
101574
101701
101827
101953
102079
102205
102331
102457
102583
102709
102835
102961
103087
103213
103339
103464
103590
103716
103841
103967
104093
104219
104345
104471
100000
100000
100000
100001
100001
100001
100001
100001
100001
100001
100002
100002
100002
100002
100002
100002
100002
100003
100003
100003
100003
100003
100003
100003
100004
100004
100004
100004
100004
100004
100004
100005
100005
100005
100005
100005
100005
100005
100006
100006
100006
100006
100006
100006
100006
100007
100007
100007
100007
100007
100007
100007
100008
100008
100008
100008
100008
100008
100008
100009
100033
100204
100309
100445
100572
100695
100819
100944
101069
101196
101321
101448
101574
101700
101826
101952
102078
102204
102330
102456
102582
102708
102834
102960
103086
103212
103338
103464
103590
103715
103841
103967
104092
104218
104344
104470
100000
100000
100000
100001
100001
100001
100001
100001
100001
100001
100002
100002
100002
100002
100002
100002
100002
100003
100003
100003
100003
100003
100003
100003
100004
100004
100004
100004
100004
100004
100004
100005
100005
100005
100005
100005
100005
100005
100006
100006
100006
100006
100006
100006
100006
100007
100007
100007
100007
100007
100007
100007
100008
100008
100008
100008
100008
100008
100008
100009
100027
100204
100310
100443
100570
100694
100818
100945
101069
101196
101321
101448
101573
101700
101826
101952
102078
102204
102330
102456
102582
102708
102834
102960
103086
103212
103338
103463
103589
103715
103841
103967
104092
104218
104344
104470
100000
100000
100000
100001
100001
100001
100001
100001
100001
100001
100002
100002
100002
100002
100002
100002
100002
100003
100003
100003
100003
100003
100003
100003
100004
100004
100004
100004
100004
100004
100004
100005
100005
100005
100005
100005
100005
100005
100006
100006
100006
100006
100006
100006
100006
100007
100007
100007
100007
100007
100007
100007
100008
100008
100008
100008
100008
100008
100008
100009
100024
100206
100315
100441
100567
100694
100818
100945
101069
101196
101321
101448
101573
101700
101825
101952
102078
102204
102330
102456
102582
102708
102834
102959
103085
103211
103337
103463
103589
103715
103841
103966
104092
104218
104344
104470
100000
100000
100000
100001
100001
100001
100001
100001
100001
100001
100002
100002
100002
100002
100002
100002
100002
100003
100003
100003
100003
100003
100003
100003
100004
100004
100004
100004
100004
100004
100004
100005
100005
100005
100005
100005
100005
100005
100006
100006
100006
100006
100006
100006
100006
100007
100007
100007
100007
100007
100007
100007
100008
100008
100008
100008
100008
100008
100008
100009
100024
100206
100316
100442
100567
100694
100818
100945
101069
101196
101321
101448
101573
101699
101825
101951
102077
102203
102329
102455
102581
102707
102833
102959
103085
103211
103337
103463
103589
103714
103840
103966
104092
104218
104344
104470
100000
100000
100000
100001
100001
100001
100001
100001
100001
100001
100002
100002
100002
100002
100002
100002
100002
100003
100003
100003
100003
100003
100003
100003
100004
100004
100004
100004
100004
100004
100004
100005
100005
100005
100005
100005
100005
100005
100006
100006
100006
100006
100006
100006
100006
100007
100007
100007
100007
100007
100007
100007
100008
100008
100008
100008
100008
100008
100008
100009
100023
100205
100314
100441
100567
100694
100819
100945
101070
101196
101321
101448
101573
101699
101825
101951
102077
102203
102329
102455
102581
102707
102833
102959
103085
103211
103337
103462
103588
103714
103840
103966
104092
104218
104344
104470
100000
100000
100000
100001
100001
100001
100001
100001
100001
100001
100002
100002
100002
100002
100002
100002
100002
100003
100003
100003
100003
100003
100003
100003
100004
100004
100004
100004
100004
100004
100004
100005
100005
100005
100005
100005
100005
100005
100006
100006
100006
100006
100006
100006
100006
100007
100007
100007
100007
100007
100007
100007
100008
100008
100008
100008
100008
100008
100008
100009
100024
100201
100310
100440
100565
100694
100818
100945
101070
101196
101321
101447
101573
101699
101825
101951
102077
102203
102329
102455
102581
102707
102833
102959
103085
103210
103336
103462
103588
103714
103840
103966
104092
104218
104343
104469
100000
100000
100000
100001
100001
100001
100001
100001
100001
100001
100002
100002
100002
100002
100002
100002
100002
100003
100003
100003
100003
100003
100003
100003
100004
100004
100004
100004
100004
100004
100004
100005
100005
100005
100005
100005
100005
100005
100006
100006
100006
100006
100006
100006
100006
100007
100007
100007
100007
100007
100007
100007
100008
100008
100008
100008
100008
100008
100008
100009
100022
100203
100314
100440
100568
100694
100819
100945
101070
101196
101321
101447
101573
101699
101825
101951
102077
102203
102329
102455
102581
102707
102833
102959
103084
103210
103336
103462
103588
103714
103840
103966
104092
104217
104343
104469
100000
100000
100000
100001
100001
100001
100001
100001
100001
100001
100002
100002
100002
100002
100002
100002
100002
100003
100003
100003
100003
100003
100003
100003
100004
100004
100004
100004
100004
100004
100004
100005
100005
100005
100005
100005
100005
100005
100006
100006
100006
100006
100006
100006
100006
100007
100007
100007
100007
100007
100007
100007
100008
100008
100008
100008
100008
100008
100008
100009
100033
100201
100325
100445
100571
100697
100823
100949
101073
101199
101324
101450
101576
101702
101828
101954
102079
102205
102331
102457
102583
102709
102835
102961
103087
103213
103339
103465
103591
103716
103842
103968
104094
104220
104346
104472
100000
100000
100000
100001
100001
100001
100001
100001
100001
100001
100002
100002
100002
100002
100002
100002
100002
100003
100003
100003
100003
100003
100003
100003
100004
100004
100004
100004
100004
100004
100004
100005
100005
100005
100005
100005
100005
100005
100006
100006
100006
100006
100006
100006
100006
100007
100007
100007
100007
100007
100007
100007
100008
100008
100008
100008
100008
100008
100008
100009
100039
100192
100320
100444
100572
100697
100821
100949
101073
101199
101324
101450
101576
101702
101827
101954
102079
102205
102331
102457
102583
102709
102835
102961
103087
103213
103339
103465
103590
103716
103842
103968
104094
104220
104346
104472
100000
100000
100000
100001
100001
100001
100001
100001
100001
100001
100002
100002
100002
100002
100002
100002
100002
100003
100003
100003
100003
100003
100003
100003
100004
100004
100004
100004
100004
100004
100004
100005
100005
100005
100005
100005
100005
100005
100006
100006
100006
100006
100006
100006
100006
100007
100007
100007
100007
100007
100007
100007
100008
100008
100008
100008
100008
100008
100008
100009
100045
100196
100320
100447
100572
100696
100822
100948
101072
101199
101324
101450
101575
101702
101827
101953
102079
102205
102331
102457
102583
102709
102835
102961
103087
103213
103339
103465
103590
103716
103842
103968
104094
104220
104346
104472
100000
100000
100000
100001
100001
100001
100001
100001
100001
100001
100002
100002
100002
100002
100002
100002
100002
100003
100003
100003
100003
100003
100003
100003
100004
100004
100004
100004
100004
100004
100004
100005
100005
100005
100005
100005
100005
100005
100006
100006
100006
100006
100006
100006
100006
100007
100007
100007
100007
100007
100007
100007
100008
100008
100008
100008
100008
100008
100008
100009
100041
100196
100319
100446
100572
100696
100822
100947
101071
101198
101323
101450
101575
101701
101827
101953
102079
102205
102331
102457
102583
102709
102835
102961
103087
103213
103339
103464
103590
103716
103842
103968
104094
104220
104346
104471
100000
100000
100000
100001
100001
100001
100001
100001
100001
100001
100002
100002
100002
100002
100002
100002
100002
100003
100003
100003
100003
100003
100003
100003
100004
100004
100004
100004
100004
100004
100004
100005
100005
100005
100005
100005
100005
100005
100006
100006
100006
100006
100006
100006
100006
100007
100007
100007
100007
100007
100007
100007
100008
100008
100008
100008
100008
100008
100008
100009
100042
100197
100318
100446
100572
100697
100821
100946
101070
101197
101322
101449
101575
101701
101827
101953
102079
102205
102331
102457
102583
102709
102835
102961
103087
103213
103338
103464
103590
103716
103842
103968
104093
104219
104345
104471
100000
100000
100000
100001
100001
100001
100001
100001
100001
100001
100002
100002
100002
100002
100002
100002
100002
100003
100003
100003
100003
100003
100003
100003
100004
100004
100004
100004
100004
100004
100004
100005
100005
100005
100005
100005
100005
100005
100006
100006
100006
100006
100006
100006
100006
100007
100007
100007
100007
100007
100007
100007
100008
100008
100008
100008
100008
100008
100008
100010
100052
100197
100317
100445
100572
100698
100821
100945
101068
101194
101320
101448
101575
101701
101827
101953
102079
102205
102331
102457
102583
102709
102835
102961
103087
103212
103338
103464
103590
103716
103842
103967
104093
104219
104345
104471
100000
100000
100000
100001
100001
100001
100001
100001
100001
100001
100002
100002
100002
100002
100002
100002
100002
100003
100003
100003
100003
100003
100003
100003
100004
100004
100004
100004
100004
100004
100004
100005
100005
100005
100005
100005
100005
100005
100006
100006
100006
100006
100006
100006
100006
100007
100007
100007
100007
100007
100007
100007
100008
100008
100008
100008
100008
100008
100008
100010
100058
100195
100319
100447
100573
100699
100821
100944
101067
101194
101321
101448
101574
101700
101825
101951
102077
102204
102330
102457
102583
102708
102834
102960
103086
103212
103338
103464
103590
103715
103841
103967
104093
104219
104345
104471
100000
100000
100000
100001
100001
100001
100001
100001
100001
100001
100002
100002
100002
100002
100002
100002
100002
100003
100003
100003
100003
100003
100003
100003
100004
100004
100004
100004
100004
100004
100004
100005
100005
100005
100005
100005
100005
100005
100006
100006
100006
100006
100006
100006
100006
100007
100007
100007
100007
100007
100007
100007
100008
100008
100008
100008
100008
100008
100008
100010
100061
100196
100320
100448
100577
100702
100820
100936
101058
101187
101318
101449
101575
101701
101826
101952
102078
102204
102331
102457
102583
102709
102835
102960
103086
103212
103338
103464
103590
103715
103841
103967
104093
104219
104345
104467
100000
100000
100000
100001
100001
100001
100001
100001
100001
100001
100002
100002
100002
100002
100002
100002
100002
100003
100003
100003
100003
100003
100003
100003
100004
100004
100004
100004
100004
100004
100004
100005
100005
100005
100005
100005
100005
100005
100006
100006
100006
100006
100006
100006
100006
100007
100007
100007
100007
100007
100007
100007
100008
100008
100008
100008
100008
100008
100008
100010
100050
100194
100315
100442
100569
100694
100816
100940
101065
101192
101319
101447
101573
101700
101825
101952
102078
102204
102330
102456
102582
102708
102834
102960
103086
103212
103338
103463
103589
103715
103840
103966
104092
104218
104344
104470
100000
100000
100000
100001
100001
100001
100001
100001
100001
100001
100002
100002
100002
100002
100002
100002
100002
100003
100003
100003
100003
100003
100003
100003
100004
100004
100004
100004
100004
100004
100004
100005
100005
100005
100005
100005
100005
100005
100006
100006
100006
100006
100006
100006
100006
100007
100007
100007
100007
100007
100007
100007
100008
100008
100008
100008
100008
100008
100008
100009
100043
100196
100311
100442
100570
100694
100818
100943
101067
101194
101319
101447
101573
101699
101825
101951
102077
102203
102329
102455
102581
102707
102833
102959
103085
103211
103337
103463
103589
103714
103840
103966
104092
104218
104344
104470
100000
100000
100000
100001
100001
100001
100001
100001
100001
100001
100002
100002
100002
100002
100002
100002
100002
100003
100003
100003
100003
100003
100003
100003
100004
100004
100004
100004
100004
100004
100004
100005
100005
100005
100005
100005
100005
100005
100006
100006
100006
100006
100006
100006
100006
100007
100007
100007
100007
100007
100007
100007
100008
100008
100008
100008
100008
100008
100008
100009
100036
100195
100312
100442
100569
100693
100818
100944
101068
101195
101320
101447
101572
101699
101825
101951
102077
102203
102329
102455
102581
102707
102833
102959
103085
103211
103337
103463
103588
103714
103840
103966
104092
104218
104344
104469
100000
100000
100000
100001
100001
100001
100001
100001
100001
100001
100002
100002
100002
100002
100002
100002
100002
100003
100003
100003
100003
100003
100003
100003
100004
100004
100004
100004
100004
100004
100004
100005
100005
100005
100005
100005
100005
100005
100006
100006
100006
100006
100006
100006
100006
100007
100007
100007
100007
100007
100007
100007
100008
100008
100008
100008
100008
100008
100008
100009
100032
100197
100312
100442
100569
100693
100818
100944
101068
101195
101320
101447
101572
101699
101825
101951
102077
102203
102329
102455
102581
102707
102833
102959
103085
103211
103336
103462
103588
103714
103840
103966
104092
104217
104343
104469
100000
100000
100000
100001
100001
100001
100001
100001
100001
100001
100002
100002
100002
100002
100002
100002
100002
100003
100003
100003
100003
100003
100003
100003
100004
100004
100004
100004
100004
100004
100004
100005
100005
100005
100005
100005
100005
100005
100006
100006
100006
100006
100006
100006
100006
100007
100007
100007
100007
100007
100007
100007
100008
100008
100008
100008
100008
100008
100008
100009
100031
100195
100311
100441
100568
100693
100817
100945
101069
101196
101320
101447
101572
101699
101825
101951
102077
102203
102329
102455
102581
102707
102833
102959
103084
103210
103336
103462
103588
103714
103840
103966
104091
104217
104343
104469
100000
100000
100000
100001
100001
100001
100001
100001
100001
100001
100002
100002
100002
100002
100002
100002
100002
100003
100003
100003
100003
100003
100003
100003
100004
100004
100004
100004
100004
100004
100004
100005
100005
100005
100005
100005
100005
100005
100006
100006
100006
100006
100006
100006
100006
100007
100007
100007
100007
100007
100007
100007
100008
100008
100008
100008
100008
100008
100008
100009
100033
100194
100311
100441
100568
100693
100818
100945
101069
101196
101321
101447
101572
101699
101824
101951
102077
102203
102329
102455
102581
102707
102832
102958
103084
103210
103336
103462
103588
103714
103840
103966
104091
104217
104343
104469
100000
100000
100000
100001
100001
100001
100001
100001
100001
100001
100002
100002
100002
100002
100002
100002
100002
100003
100003
100003
100003
100003
100003
100003
100004
100004
100004
100004
100004
100004
100004
100005
100005
100005
100005
100005
100005
100005
100006
100006
100006
100006
100006
100006
100006
100007
100007
100007
100007
100007
100007
100007
100008
100008
100008
100008
100008
100008
100008
100009
100035
100192
100309
100439
100567
100693
100818
100945
101069
101196
101321
101447
101572
101699
101824
101951
102076
102203
102329
102454
102580
102706
102832
102958
103084
103210
103336
103462
103588
103714
103840
103965
104091
104217
104343
104469
100000
100000
100000
100001
100001
100001
100001
100001
100001
100001
100002
100002
100002
100002
100002
100002
100002
100003
100003
100003
100003
100003
100003
100003
100004
100004
100004
100004
100004
100004
100004
100005
100005
100005
100005
100005
100005
100005
100006
100006
100006
100006
100006
100006
100006
100007
100007
100007
100007
100007
100007
100007
100008
100008
100008
100008
100008
100008
100008
100009
100029
100196
100308
100443
100568
100693
100819
100944
101069
101196
101321
101447
101573
101699
101824
101951
102076
102203
102329
102454
102580
102706
102832
102958
103084
103210
103336
103462
103588
103714
103840
103965
104091
104217
104343
104469
100000
100000
100000
100001
100001
100001
100001
100001
100001
100001
100002
100002
100002
100002
100002
100002
100002
100003
100003
100003
100003
100003
100003
100003
100004
100004
100004
100004
100004
100004
100004
100005
100005
100005
100005
100005
100005
100005
100006
100006
100006
100006
100006
100006
100006
100007
100007
100007
100007
100007
100007
100007
100008
100008
100008
100008
100008
100008
100008
100009
100032
100197
100323
100446
100572
100698
100823
100948
101073
101199
101324
101450
101576
101702
101827
101954
102079
102205
102331
102457
102583
102709
102835
102961
103087
103213
103339
103465
103590
103716
103842
103968
104094
104220
104346
104472
100000
100000
100000
100001
100001
100001
100001
100001
100001
100001
100002
100002
100002
100002
100002
100002
100002
100003
100003
100003
100003
100003
100003
100003
100004
100004
100004
100004
100004
100004
100004
100005
100005
100005
100005
100005
100005
100005
100006
100006
100006
100006
100006
100006
100006
100007
100007
100007
100007
100007
100007
100007
100008
100008
100008
100008
100008
100008
100008
100010
100037
100190
100316
100445
100572
100697
100822
100948
101073
101199
101324
101450
101575
101702
101827
101953
102079
102205
102331
102457
102583
102709
102835
102961
103087
103213
103339
103465
103590
103716
103842
103968
104094
104220
104346
104472
100000
100000
100000
100001
100001
100001
100001
100001
100001
100001
100002
100002
100002
100002
100002
100002
100002
100003
100003
100003
100003
100003
100003
100003
100004
100004
100004
100004
100004
100004
100004
100005
100005
100005
100005
100005
100005
100005
100006
100006
100006
100006
100006
100006
100006
100007
100007
100007
100007
100007
100007
100007
100008
100008
100008
100008
100008
100008
100008
100009
100043
100189
100316
100444
100570
100698
100823
100948
101072
101198
101323
101450
101575
101701
101827
101953
102079
102205
102331
102457
102583
102709
102835
102961
103087
103213
103339
103464
103590
103716
103842
103968
104094
104220
104346
104472
100000
100000
100000
100001
100001
100001
100001
100001
100001
100001
100002
100002
100002
100002
100002
100002
100002
100003
100003
100003
100003
100003
100003
100003
100004
100004
100004
100004
100004
100004
100004
100005
100005
100005
100005
100005
100005
100005
100006
100006
100006
100006
100006
100006
100006
100007
100007
100007
100007
100007
100007
100007
100008
100008
100008
100008
100008
100008
100008
100009
100040
100191
100313
100442
100570
100697
100822
100947
101072
101198
101323
101449
101575
101701
101827
101953
102079
102205
102331
102457
102583
102709
102835
102961
103087
103213
103338
103464
103590
103716
103842
103968
104094
104219
104345
104471
100000
100000
100000
100001
100001
100001
100001
100001
100001
100001
100002
100002
100002
100002
100002
100002
100002
100003
100003
100003
100003
100003
100003
100003
100004
100004
100004
100004
100004
100004
100004
100005
100005
100005
100005
100005
100005
100005
100006
100006
100006
100006
100006
100006
100006
100007
100007
100007
100007
100007
100007
100007
100008
100008
100008
100008
100008
100008
100008
100009
100040
100191
100313
100443
100569
100697
100821
100946
101071
101197
101322
101449
101575
101701
101827
101953
102079
102205
102331
102457
102583
102709
102835
102961
103087
103212
103338
103464
103590
103716
103842
103967
104093
104219
104345
104471
100000
100000
100000
100001
100001
100001
100001
100001
100001
100001
100002
100002
100002
100002
100002
100002
100002
100003
100003
100003
100003
100003
100003
100003
100004
100004
100004
100004
100004
100004
100004
100005
100005
100005
100005
100005
100005
100005
100006
100006
100006
100006
100006
100006
100006
100007
100007
100007
100007
100007
100007
100007
100008
100008
100008
100008
100008
100008
100008
100009
100046
100189
100314
100443
100570
100696
100820
100945
101069
101196
101321
101449
101574
101701
101826
101952
102078
102205
102331
102457
102583
102709
102835
102960
103086
103212
103338
103464
103590
103716
103841
103967
104093
104219
104345
104471
100000
100000
100000
100001
100001
100001
100001
100001
100001
100001
100002
100002
100002
100002
100002
100002
100002
100003
100003
100003
100003
100003
100003
100003
100004
100004
100004
100004
100004
100004
100004
100005
100005
100005
100005
100005
100005
100005
100006
100006
100006
100006
100006
100006
100006
100007
100007
100007
100007
100007
100007
100007
100008
100008
100008
100008
100008
100008
100008
100010
100053
100186
100307
100443
100571
100697
100820
100944
101068
101195
101321
101448
101574
101700
101826
101952
102078
102204
102331
102457
102583
102709
102834
102960
103086
103212
103338
103464
103590
103715
103841
103967
104093
104219
104345
104471
100000
100000
100000
100001
100001
100001
100001
100001
100001
100001
100002
100002
100002
100002
100002
100002
100002
100003
100003
100003
100003
100003
100003
100003
100004
100004
100004
100004
100004
100004
100004
100005
100005
100005
100005
100005
100005
100005
100006
100006
100006
100006
100006
100006
100006
100007
100007
100007
100007
100007
100007
100007
100008
100008
100008
100008
100008
100008
100008
100010
100057
100190
100311
100442
100572
100697
100819
100940
101064
101191
101320
101448
101574
101700
101825
101951
102078
102204
102330
102456
102582
102708
102834
102960
103086
103212
103338
103464
103589
103715
103841
103967
104093
104219
104344
104470
100000
100000
100000
100001
100001
100001
100001
100001
100001
100001
100002
100002
100002
100002
100002
100002
100002
100003
100003
100003
100003
100003
100003
100003
100004
100004
100004
100004
100004
100004
100004
100005
100005
100005
100005
100005
100005
100005
100006
100006
100006
100006
100006
100006
100006
100007
100007
100007
100007
100007
100007
100007
100008
100008
100008
100008
100008
100008
100008
100010
100047
100190
100313
100441
100569
100692
100817
100942
101066
101194
101320
101448
101573
101700
101825
101951
102077
102204
102330
102456
102582
102708
102834
102960
103085
103211
103337
103463
103589
103715
103840
103966
104092
104218
104344
104470
100000
100000
100000
100001
100001
100001
100001
100001
100001
100001
100002
100002
100002
100002
100002
100002
100002
100003
100003
100003
100003
100003
100003
100003
100004
100004
100004
100004
100004
100004
100004
100005
100005
100005
100005
100005
100005
100005
100006
100006
100006
100006
100006
100006
100006
100007
100007
100007
100007
100007
100007
100007
100008
100008
100008
100008
100008
100008
100008
100009
100041
100192
100311
100441
100568
100694
100818
100943
101067
101194
101320
101447
101573
101699
101825
101951
102077
102203
102329
102455
102581
102707
102833
102959
103085
103211
103337
103463
103589
103714
103840
103966
104092
104218
104344
104470
100000
100000
100000
100001
100001
100001
100001
100001
100001
100001
100002
100002
100002
100002
100002
100002
100002
100003
100003
100003
100003
100003
100003
100003
100004
100004
100004
100004
100004
100004
100004
100005
100005
100005
100005
100005
100005
100005
100006
100006
100006
100006
100006
100006
100006
100007
100007
100007
100007
100007
100007
100007
100008
100008
100008
100008
100008
100008
100008
100009
100037
100190
100306
100440
100566
100694
100818
100943
101068
101195
101320
101447
101572
101699
101825
101951
102077
102203
102329
102455
102581
102707
102833
102959
103085
103211
103337
103462
103588
103714
103840
103966
104092
104218
104343
104469
100000
100000
100000
100001
100001
100001
100001
100001
100001
100001
100002
100002
100002
100002
100002
100002
100002
100003
100003
100003
100003
100003
100003
100003
100004
100004
100004
100004
100004
100004
100004
100005
100005
100005
100005
100005
100005
100005
100006
100006
100006
100006
100006
100006
100006
100007
100007
100007
100007
100007
100007
100007
100008
100008
100008
100008
100008
100008
100008
100009
100035
100192
100308
100439
100566
100694
100818
100944
101069
101195
101320
101447
101572
101699
101825
101951
102077
102203
102329
102455
102581
102707
102833
102959
103085
103210
103336
103462
103588
103714
103840
103966
104091
104217
104343
104469
100000
100000
100000
100001
100001
100001
100001
100001
100001
100001
100002
100002
100002
100002
100002
100002
100002
100003
100003
100003
100003
100003
100003
100003
100004
100004
100004
100004
100004
100004
100004
100005
100005
100005
100005
100005
100005
100005
100006
100006
100006
100006
100006
100006
100006
100007
100007
100007
100007
100007
100007
100007
100008
100008
100008
100008
100008
100008
100008
100009
100034
100192
100308
100439
100566
100693
100818
100944
101069
101195
101320
101447
101572
101699
101824
101951
102077
102203
102329
102455
102581
102707
102833
102958
103084
103210
103336
103462
103588
103714
103840
103966
104091
104217
104343
104469
100000
100000
100000
100001
100001
100001
100001
100001
100001
100001
100002
100002
100002
100002
100002
100002
100002
100003
100003
100003
100003
100003
100003
100003
100004
100004
100004
100004
100004
100004
100004
100005
100005
100005
100005
100005
100005
100005
100006
100006
100006
100006
100006
100006
100006
100007
100007
100007
100007
100007
100007
100007
100008
100008
100008
100008
100008
100008
100008
100009
100035
100193
100309
100439
100567
100694
100818
100944
101069
101195
101321
101447
101572
101699
101824
101951
102076
102203
102329
102455
102580
102706
102832
102958
103084
103210
103336
103462
103588
103714
103840
103965
104091
104217
104343
104469
100000
100000
100000
100001
100001
100001
100001
100001
100001
100001
100002
100002
100002
100002
100002
100002
100002
100003
100003
100003
100003
100003
100003
100003
100004
100004
100004
100004
100004
100004
100004
100005
100005
100005
100005
100005
100005
100005
100006
100006
100006
100006
100006
100006
100006
100007
100007
100007
100007
100007
100007
100007
100008
100008
100008
100008
100008
100008
100008
100009
100037
100191
100306
100438
100567
100694
100818
100944
101069
101196
101321
101447
101572
101699
101824
101951
102076
102203
102328
102454
102580
102706
102832
102958
103084
103210
103336
103462
103588
103714
103840
103965
104091
104217
104343
104469
100000
100000
100000
100001
100001
100001
100001
100001
100001
100001
100002
100002
100002
100002
100002
100002
100002
100003
100003
100003
100003
100003
100003
100003
100004
100004
100004
100004
100004
100004
100004
100005
100005
100005
100005
100005
100005
100005
100006
100006
100006
100006
100006
100006
100006
100007
100007
100007
100007
100007
100007
100007
100008
100008
100008
100008
100008
100008
100008
100009
100029
100193
100301
100442
100568
100693
100819
100944
101069
101196
101321
101447
101572
101699
101824
101951
102076
102202
102328
102454
102580
102706
102832
102958
103084
103210
103336
103462
103588
103714
103840
103965
104091
104217
104343
104469
100000
100000
100000
100001
100001
100001
100001
100001
100001
100001
100002
100002
100002
100002
100002
100002
100002
100003
100003
100003
100003
100003
100003
100003
100004
100004
100004
100004
100004
100004
100004
100005
100005
100005
100005
100005
100005
100005
100006
100006
100006
100006
100006
100006
100006
100007
100007
100007
100007
100007
100007
100007
100008
100008
100008
100008
100008
100008
100008
100010
100039
100191
100321
100448
100572
100697
100823
100948
101073
101199
101324
101450
101576
101702
101827
101953
102079
102205
102331
102457
102583
102709
102835
102961
103087
103213
103339
103465
103590
103716
103842
103968
104094
104220
104346
104472
100000
100000
100000
100001
100001
100001
100001
100001
100001
100001
100002
100002
100002
100002
100002
100002
100002
100003
100003
100003
100003
100003
100003
100003
100004
100004
100004
100004
100004
100004
100004
100005
100005
100005
100005
100005
100005
100005
100006
100006
100006
100006
100006
100006
100006
100007
100007
100007
100007
100007
100007
100007
100008
100008
100008
100008
100008
100008
100008
100010
100029
100196
100323
100446
100572
100697
100822
100948
101073
101199
101324
101450
101575
101702
101827
101953
102079
102205
102331
102457
102583
102709
102835
102961
103087
103213
103339
103464
103590
103716
103842
103968
104094
104220
104346
104472
100000
100000
100000
100001
100001
100001
100001
100001
100001
100001
100002
100002
100002
100002
100002
100002
100002
100003
100003
100003
100003
100003
100003
100003
100004
100004
100004
100004
100004
100004
100004
100005
100005
100005
100005
100005
100005
100005
100006
100006
100006
100006
100006
100006
100006
100007
100007
100007
100007
100007
100007
100007
100008
100008
100008
100008
100008
100008
100008
100010
100031
100200
100322
100446
100573
100697
100822
100948
101072
101198
101323
101450
101575
101701
101827
101953
102079
102205
102331
102457
102583
102709
102835
102961
103087
103213
103338
103464
103590
103716
103842
103968
104094
104220
104346
104471
100000
100000
100000
100001
100001
100001
100001
100001
100001
100001
100002
100002
100002
100002
100002
100002
100002
100003
100003
100003
100003
100003
100003
100003
100004
100004
100004
100004
100004
100004
100004
100005
100005
100005
100005
100005
100005
100005
100006
100006
100006
100006
100006
100006
100006
100007
100007
100007
100007
100007
100007
100007
100008
100008
100008
100008
100008
100008
100008
100009
100029
100200
100322
100446
100572
100696
100822
100947
101072
101198
101323
101449
101575
101701
101827
101953
102079
102205
102331
102457
102583
102709
102835
102961
103087
103212
103338
103464
103590
103716
103842
103968
104093
104219
104345
104471
100000
100000
100000
100001
100001
100001
100001
100001
100001
100001
100002
100002
100002
100002
100002
100002
100002
100003
100003
100003
100003
100003
100003
100003
100004
100004
100004
100004
100004
100004
100004
100005
100005
100005
100005
100005
100005
100005
100006
100006
100006
100006
100006
100006
100006
100007
100007
100007
100007
100007
100007
100007
100008
100008
100008
100008
100008
100008
100008
100009
100030
100201
100320
100445
100572
100696
100821
100946
101071
101197
101322
101449
101574
101701
101826
101953
102079
102205
102331
102457
102583
102709
102835
102960
103086
103212
103338
103464
103590
103716
103842
103967
104093
104219
104345
104471
100000
100000
100000
100001
100001
100001
100001
100001
100001
100001
100002
100002
100002
100002
100002
100002
100002
100003
100003
100003
100003
100003
100003
100003
100004
100004
100004
100004
100004
100004
100004
100005
100005
100005
100005
100005
100005
100005
100006
100006
100006
100006
100006
100006
100006
100007
100007
100007
100007
100007
100007
100007
100008
100008
100008
100008
100008
100008
100008
100009
100033
100201
100320
100444
100572
100696
100820
100946
101069
101196
101321
101448
101574
101700
101826
101952
102078
102204
102330
102456
102582
102708
102834
102960
103086
103212
103338
103464
103590
103715
103841
103967
104093
104219
104345
104471
100000
100000
100000
100001
100001
100001
100001
100001
100001
100001
100002
100002
100002
100002
100002
100002
100002
100003
100003
100003
100003
100003
100003
100003
100004
100004
100004
100004
100004
100004
100004
100005
100005
100005
100005
100005
100005
100005
100006
100006
100006
100006
100006
100006
100006
100007
100007
100007
100007
100007
100007
100007
100008
100008
100008
100008
100008
100008
100008
100010
100038
100199
100319
100446
100573
100698
100821
100944
101068
101195
101321
101448
101574
101700
101826
101952
102078
102204
102330
102456
102582
102708
102834
102960
103086
103212
103338
103464
103589
103715
103841
103967
104093
104219
104345
104470
100000
100000
100000
100001
100001
100001
100001
100001
100001
100001
100002
100002
100002
100002
100002
100002
100002
100003
100003
100003
100003
100003
100003
100003
100004
100004
100004
100004
100004
100004
100004
100005
100005
100005
100005
100005
100005
100005
100006
100006
100006
100006
100006
100006
100006
100007
100007
100007
100007
100007
100007
100007
100008
100008
100008
100008
100008
100008
100008
100010
100043
100197
100316
100445
100574
100698
100820
100942
101065
101192
101318
101447
101573
101699
101825
101951
102078
102204
102330
102456
102582
102708
102834
102960
103086
103212
103338
103463
103589
103715
103841
103967
104092
104218
104344
104470
100000
100000
100000
100001
100001
100001
100001
100001
100001
100001
100002
100002
100002
100002
100002
100002
100002
100003
100003
100003
100003
100003
100003
100003
100004
100004
100004
100004
100004
100004
100004
100005
100005
100005
100005
100005
100005
100005
100006
100006
100006
100006
100006
100006
100006
100007
100007
100007
100007
100007
100007
100007
100008
100008
100008
100008
100008
100008
100008
100010
100036
100198
100314
100442
100570
100694
100818
100942
101066
101193
101319
101447
101573
101700
101825
101951
102077
102204
102330
102456
102582
102708
102834
102959
103085
103211
103337
103463
103589
103715
103840
103966
104092
104218
104344
104470
100000
100000
100000
100001
100001
100001
100001
100001
100001
100001
100002
100002
100002
100002
100002
100002
100002
100003
100003
100003
100003
100003
100003
100003
100004
100004
100004
100004
100004
100004
100004
100005
100005
100005
100005
100005
100005
100005
100006
100006
100006
100006
100006
100006
100006
100007
100007
100007
100007
100007
100007
100007
100008
100008
100008
100008
100008
100008
100008
100009
100030
100200
100315
100443
100569
100693
100818
100943
101067
101194
101320
101447
101573
101699
101825
101951
102077
102203
102329
102455
102581
102707
102833
102959
103085
103211
103337
103463
103588
103714
103840
103966
104092
104218
104344
104470
100000
100000
100000
100001
100001
100001
100001
100001
100001
100001
100002
100002
100002
100002
100002
100002
100002
100003
100003
100003
100003
100003
100003
100003
100004
100004
100004
100004
100004
100004
100004
100005
100005
100005
100005
100005
100005
100005
100006
100006
100006
100006
100006
100006
100006
100007
100007
100007
100007
100007
100007
100007
100008
100008
100008
100008
100008
100008
100008
100009
100026
100201
100316
100443
100569
100694
100818
100944
101068
101195
101320
101447
101572
101699
101825
101951
102077
102203
102329
102455
102581
102707
102833
102959
103085
103211
103337
103462
103588
103714
103840
103966
104092
104218
104343
104469
100000
100000
100000
100001
100001
100001
100001
100001
100001
100001
100002
100002
100002
100002
100002
100002
100002
100003
100003
100003
100003
100003
100003
100003
100004
100004
100004
100004
100004
100004
100004
100005
100005
100005
100005
100005
100005
100005
100006
100006
100006
100006
100006
100006
100006
100007
100007
100007
100007
100007
100007
100007
100008
100008
100008
100008
100008
100008
100008
100009
100025
100203
100315
100442
100569
100693
100818
100944
101068
101195
101320
101447
101572
101699
101825
101951
102077
102203
102329
102455
102581
102707
102833
102959
103085
103210
103336
103462
103588
103714
103840
103966
104091
104217
104343
104469
100000
100000
100000
100001
100001
100001
100001
100001
100001
100001
100002
100002
100002
100002
100002
100002
100002
100003
100003
100003
100003
100003
100003
100003
100004
100004
100004
100004
100004
100004
100004
100005
100005
100005
100005
100005
100005
100005
100006
100006
100006
100006
100006
100006
100006
100007
100007
100007
100007
100007
100007
100007
100008
100008
100008
100008
100008
100008
100008
100009
100024
100201
100312
100440
100568
100693
100818
100944
101069
101195
101320
101447
101572
101699
101824
101951
102077
102203
102329
102455
102581
102707
102832
102958
103084
103210
103336
103462
103588
103714
103840
103965
104091
104217
104343
104469
100000
100000
100000
100001
100001
100001
100001
100001
100001
100001
100002
100002
100002
100002
100002
100002
100002
100003
100003
100003
100003
100003
100003
100003
100004
100004
100004
100004
100004
100004
100004
100005
100005
100005
100005
100005
100005
100005
100006
100006
100006
100006
100006
100006
100006
100007
100007
100007
100007
100007
100007
100007
100008
100008
100008
100008
100008
100008
100008
100009
100024
100200
100310
100441
100568
100693
100818
100944
101069
101196
101320
101447
101572
101699
101824
101951
102076
102203
102328
102454
102580
102706
102832
102958
103084
103210
103336
103462
103588
103714
103840
103965
104091
104217
104343
104469
100000
100000
100000
100001
100001
100001
100001
100001
100001
100001
100002
100002
100002
100002
100002
100002
100002
100003
100003
100003
100003
100003
100003
100003
100004
100004
100004
100004
100004
100004
100004
100005
100005
100005
100005
100005
100005
100005
100006
100006
100006
100006
100006
100006
100006
100007
100007
100007
100007
100007
100007
100007
100008
100008
100008
100008
100008
100008
100008
100009
100025
100197
100304
100440
100568
100693
100818
100944
101069
101196
101321
101447
101572
101699
101824
101951
102076
102202
102328
102454
102580
102706
102832
102958
103084
103210
103336
103462
103588
103714
103840
103965
104091
104217
104343
104469
100000
100000
100000
100001
100001
100001
100001
100001
100001
100001
100002
100002
100002
100002
100002
100002
100002
100003
100003
100003
100003
100003
100003
100003
100004
100004
100004
100004
100004
100004
100004
100005
100005
100005
100005
100005
100005
100005
100006
100006
100006
100006
100006
100006
100006
100007
100007
100007
100007
100007
100007
100007
100008
100008
100008
100008
100008
100008
100008
100009
100022
100201
100315
100441
100569
100693
100819
100944
101069
101196
101321
101447
101572
101699
101824
101951
102076
102202
102328
102454
102580
102706
102832
102958
103084
103210
103336
103462
103588
103714
103840
103965
104091
104217
104343
104469
)
;

boundaryField
{
    outlet
    {
        type            fixedValue;
        value           uniform 100000;
    }
    inlet
    {
        type            fixedFluxPressure;
        gradient        uniform 11.8739;
        value           uniform 104467;
    }
    walls
    {
        type            fixedFluxPressure;
        gradient        nonuniform List<scalar> 
3903
(
0
0
0
0
0
0
0
0
0
0
0
0
0
0
0
0
0
0
0
0
0
0
0
0
0
0
0
0
0
0
0
0
0
0
0
0
0
0
0
0
0
0
0
0
0
0
0
0
0
0
0
0
0
0
0
0
0
0
0
0
0
0
0
0
0
0
0
0
0
0
0
0
0
0
0
0
0
0
0
0
0
0
0
0
0
0
0
0
0
0
0
0
0
0
0
0
0
0
0
0
0
0
0
0
0
0
0
0
0
0
0
0
0
0
0
0
0
0
0
0
0
0
0
0
0
0
0
0
0
0
0
0
0
0
0
0
0
0
0
0
0
0
0
0
0
0
0
0
0
0
0
0
0
0
0
0
0
0
0
0
0
0
0
0
0
0
0
0
0
0
0
0
0
0
0
0
0
0
0
0
0
0
0
0
0
0
0
0
0
0
0
0
10075.8
0
0
0
0
0
0
0
0
0
0
0
0
0
0
0
0
0
0
0
0
0
0
0
0
0
0
0
0
0
0
0
0
0
0
0
0
0
0
0
0
0
0
0
0
0
0
0
0
0
0
0
0
0
0
0
0
0
0
0
0
0
0
0
0
0
0
0
0
0
0
0
0
0
0
0
0
0
0
0
0
0
0
0
0
0
0
0
0
0
0
0
0
0
0
0
0
10075.8
0
0
0
0
0
0
0
0
0
0
0
0
0
0
0
0
0
0
0
0
0
0
0
0
0
0
0
0
0
0
0
0
0
0
0
0
0
0
0
0
0
0
0
0
0
0
0
0
0
0
0
0
0
0
0
0
0
0
0
0
0
0
0
0
0
0
0
0
0
0
0
0
0
0
0
0
0
0
0
0
0
0
0
0
0
0
0
0
0
0
0
0
0
0
0
0
10075.8
0
0
0
0
0
0
0
0
0
0
0
0
0
0
0
0
0
0
0
0
0
0
0
0
0
0
0
0
0
0
0
0
0
0
0
0
0
0
0
0
0
0
0
0
0
0
0
0
0
0
0
0
0
0
0
0
0
0
0
0
0
0
0
0
0
0
0
0
0
0
0
0
0
0
0
0
0
0
0
0
0
0
0
0
0
0
0
0
0
0
0
0
0
0
0
0
10075.8
0
0
0
0
0
0
0
0
0
0
0
0
0
0
0
0
0
0
0
0
0
0
0
0
0
0
0
0
0
0
0
0
0
0
0
0
0
0
0
0
0
0
0
0
0
0
0
0
0
0
0
0
0
0
0
0
0
0
0
0
0
0
0
0
0
0
0
0
0
0
0
0
0
0
0
0
0
0
0
0
0
0
0
0
0
0
0
0
0
0
0
0
0
0
0
0
10075.8
0
0
0
0
0
0
0
0
0
0
0
0
0
0
0
0
0
0
0
0
0
0
0
0
0
0
0
0
0
0
0
0
0
0
0
0
0
0
0
0
0
0
0
0
0
0
0
0
0
0
0
0
0
0
0
0
0
0
0
0
0
0
0
0
0
0
0
0
0
0
0
0
0
0
0
0
0
0
0
0
0
0
0
0
0
0
0
0
0
0
0
0
0
0
0
0
10075.8
0
0
0
0
0
0
0
0
0
0
0
0
0
0
0
0
0
0
0
0
0
0
0
0
0
0
0
0
0
0
0
0
0
0
0
0
0
0
0
0
0
0
0
0
0
0
0
0
0
0
0
0
0
0
0
0
0
0
0
0
0
0
0
0
0
0
0
0
0
0
0
0
0
0
0
0
0
0
0
0
0
0
0
0
0
0
0
0
0
0
0
0
0
0
0
0
10075.8
0
0
0
0
0
0
0
0
0
0
0
0
0
0
0
0
0
0
0
0
0
0
0
0
0
0
0
0
0
0
0
0
0
0
0
0
0
0
0
0
0
0
0
0
0
0
0
0
0
0
0
0
0
0
0
0
0
0
0
0
0
0
0
0
0
0
0
0
0
0
0
0
0
0
0
0
0
0
0
0
0
0
0
0
0
0
0
0
0
0
0
0
0
0
0
0
10002.8
0
0
0
0
0
0
0
0
0
0
0
0
0
0
0
0
0
0
0
0
0
0
0
0
0
0
0
0
0
0
0
0
0
0
0
0
0
0
0
0
0
0
0
0
0
0
0
0
0
0
0
0
0
0
0
0
0
0
0
0
0
0
0
0
0
0
0
0
0
0
0
0
0
0
0
0
0
0
0
0
0
0
0
0
0
0
0
0
0
0
0
0
0
0
0
0
10075.8
0
0
0
0
0
0
0
0
0
0
0
0
0
0
0
0
0
0
0
0
0
0
0
0
0
0
0
0
0
0
0
0
0
0
0
0
0
0
0
0
0
0
0
0
0
0
0
0
0
0
0
0
0
0
0
0
0
0
0
0
0
0
0
0
0
0
0
0
0
0
0
0
0
0
0
0
0
0
0
0
0
0
0
0
0
0
0
0
0
0
0
0
0
0
0
0
10075.8
0
0
0
0
0
0
0
0
0
0
0
0
0
0
0
0
0
0
0
0
0
0
0
0
0
0
0
0
0
0
0
0
0
0
0
0
0
0
0
0
0
0
0
0
0
0
0
0
0
0
0
0
0
0
0
0
0
0
0
0
0
0
0
0
0
0
0
0
0
0
0
0
0
0
0
0
0
0
0
0
0
0
0
0
0
0
0
0
0
0
0
0
0
0
0
0
10075.8
0
0
0
0
0
0
0
0
0
0
0
0
0
0
0
0
0
0
0
0
0
0
0
0
0
0
0
0
0
0
0
0
0
0
0
0
0
0
0
0
0
0
0
0
0
0
0
0
0
0
0
0
0
0
0
0
0
0
0
0
0
0
0
0
0
0
0
0
0
0
0
0
0
0
0
0
0
0
0
0
0
0
0
0
0
0
0
0
0
0
0
0
0
0
0
0
10075.8
0
0
0
0
0
0
0
0
0
0
0
0
0
0
0
0
0
0
0
0
0
0
0
0
0
0
0
0
0
0
0
0
0
0
0
0
0
0
0
0
0
0
0
0
0
0
0
0
0
0
0
0
0
0
0
0
0
0
0
0
0
0
0
0
0
0
0
0
0
0
0
0
0
0
0
0
0
0
0
0
0
0
0
0
0
0
0
0
0
0
0
0
0
0
0
0
10075.8
0
0
0
0
0
0
0
0
0
0
0
0
0
0
0
0
0
0
0
0
0
0
0
0
0
0
0
0
0
0
0
0
0
0
0
0
0
0
0
0
0
0
0
0
0
0
0
0
0
0
0
0
0
0
0
0
0
0
0
0
0
0
0
0
0
0
0
0
0
0
0
0
0
0
0
0
0
0
0
0
0
0
0
0
0
0
0
0
0
0
0
0
0
0
0
0
10075.8
0
0
0
0
0
0
0
0
0
0
0
0
0
0
0
0
0
0
0
0
0
0
0
0
0
0
0
0
0
0
0
0
0
0
0
0
0
0
0
0
0
0
0
0
0
0
0
0
0
0
0
0
0
0
0
0
0
0
0
0
0
0
0
0
0
0
0
0
0
0
0
0
0
0
0
0
0
0
0
0
0
0
0
0
0
0
0
0
0
0
0
0
0
0
0
0
10075.8
0
0
0
0
0
0
0
0
0
0
0
0
0
0
0
0
0
0
0
0
0
0
0
0
0
0
0
0
0
0
0
0
0
0
0
0
0
0
0
0
0
0
0
0
0
0
0
0
0
0
0
0
0
0
0
0
0
0
0
0
0
0
0
0
0
0
0
0
0
0
0
0
0
0
0
0
0
0
0
0
0
0
0
0
0
0
0
0
0
0
0
0
0
0
0
0
0
0
0
0
0
0
0
0
0
0
0
0
0
0
0
0
0
0
0
0
0
0
0
0
0
0
0
0
0
0
0
0
0
0
0
0
0
0
0
0
0
0
0
0
0
0
0
0
0
0
0
0
0
0
0
0
0
0
0
0
0
0
0
0
0
0
0
0
0
0
0
0
0
0
0
0
0
0
0
0
0
0
0
0
0
0
0
0
0
0
0
0
0
0
0
0
10075.8
0
0
0
0
0
0
0
0
0
0
0
0
0
0
0
0
0
0
0
0
0
0
0
0
0
0
0
0
0
0
0
0
0
0
0
0
0
0
0
0
0
0
0
0
0
0
0
0
0
0
0
0
0
0
0
0
0
0
0
0
0
0
0
0
0
0
0
0
0
0
0
0
0
0
0
0
0
0
0
0
0
0
0
0
0
0
0
0
0
0
0
0
0
0
0
0
10075.8
10075.8
10075.8
10075.8
10075.8
10075.8
10074.6
10069.1
10075.8
10075.8
10075.8
10075.8
10075.8
10075.8
0
0
0
0
0
0
0
0
0
0
0
0
0
0
0
0
0
0
0
0
0
0
0
0
0
0
0
0
0
0
0
0
0
0
0
0
0
0
0
0
0
0
0
0
0
0
0
0
0
0
0
0
0
0
0
0
0
0
0
0
0
0
0
0
0
0
0
0
0
0
0
0
0
0
0
0
0
0
0
0
0
0
0
0
0
0
0
0
0
0
0
0
0
0
0
0
10075.8
0
0
0
0
0
0
0
0
0
0
0
0
0
0
0
0
0
0
0
0
0
0
0
0
0
0
0
0
0
0
0
0
0
0
0
0
0
0
0
0
0
0
0
0
0
0
0
0
0
0
0
0
0
0
0
0
0
0
0
0
0
0
0
0
0
0
0
0
0
0
0
0
0
0
0
0
0
0
0
0
0
0
0
0
0
0
0
0
0
0
0
0
0
0
0
0
10075.8
10075.8
10075.8
10075.8
10075.8
10075.8
10075.8
10073.9
10075.8
10075.8
10075.8
10075.8
10075.8
10075.8
10075.8
0
0
0
0
0
0
0
0
0
0
0
0
0
0
0
0
0
0
0
0
0
0
0
0
0
0
0
0
0
0
0
0
0
0
0
0
0
0
0
0
0
0
0
0
0
0
0
0
0
0
0
0
0
0
0
0
0
0
0
0
0
0
0
0
0
0
0
0
0
0
0
0
0
0
0
0
0
0
0
0
0
0
0
0
0
0
0
0
0
0
0
0
0
0
0
0
10075.8
0
0
0
0
0
0
0
0
0
0
0
0
0
0
0
0
0
0
0
0
0
0
0
0
0
0
0
0
0
0
0
0
0
0
0
0
0
0
0
0
0
0
0
0
0
0
0
0
0
0
0
0
0
0
0
0
0
0
0
0
0
0
0
0
0
0
0
0
0
0
0
0
0
0
0
0
0
0
0
0
0
0
0
0
0
0
0
0
0
0
0
0
0
0
0
0
0
0
0
0
0
0
0
0
0
0
0
0
0
0
0
0
0
0
0
0
0
0
0
0
0
0
0
0
0
0
0
0
0
0
0
0
0
0
0
0
0
0
0
0
0
0
0
0
0
0
0
0
0
0
0
0
0
0
0
0
0
0
0
0
0
0
0
0
0
0
0
0
0
0
0
0
0
0
0
0
0
0
0
0
0
0
0
0
0
0
0
0
0
0
0
0
10075.8
0
0
0
0
0
0
0
0
0
0
0
0
0
0
0
0
0
0
0
0
0
0
0
0
0
0
0
0
0
0
0
0
0
0
0
0
0
0
0
0
0
0
0
0
0
0
0
0
0
0
0
0
0
0
0
0
0
0
0
0
0
0
0
0
0
0
0
0
0
0
0
0
0
0
0
0
0
0
0
0
0
0
0
0
0
0
0
0
0
0
0
0
0
0
0
0
10075.8
0
0
0
0
0
0
0
0
0
0
0
0
0
0
0
0
0
0
0
0
0
0
0
0
0
0
0
0
0
0
0
0
0
0
0
0
0
0
0
0
0
0
0
0
0
0
0
0
0
0
0
0
0
0
0
0
0
0
0
0
0
0
0
0
0
0
0
0
0
0
0
0
0
0
0
0
0
0
0
0
0
0
0
0
0
0
0
0
0
0
0
0
0
0
0
0
10075.8
0
0
0
0
0
0
0
0
0
0
0
0
0
0
0
0
0
0
0
0
0
0
0
0
0
0
0
0
0
0
0
0
0
0
0
0
0
0
0
0
0
0
0
0
0
0
0
0
0
0
0
0
0
0
0
0
0
0
0
0
0
0
0
0
0
0
0
0
0
0
0
0
0
0
0
0
0
0
0
0
0
0
0
0
0
0
0
0
0
0
0
0
0
0
0
0
10075.8
0
0
0
0
0
0
0
0
0
0
0
0
0
0
0
0
0
0
0
0
0
0
0
0
0
0
0
0
0
0
0
0
0
0
0
0
0
0
0
0
0
0
0
0
0
0
0
0
0
0
0
0
0
0
0
0
0
0
0
0
0
0
0
0
0
0
0
0
0
0
0
0
0
0
0
0
0
0
0
0
0
0
0
0
0
0
0
0
0
0
0
0
0
0
0
0
10075.8
0
0
0
0
0
0
0
0
0
0
0
0
0
0
0
0
0
0
0
0
0
0
0
0
0
0
0
0
0
0
0
0
0
0
0
0
0
0
0
0
0
0
0
0
0
0
0
0
0
0
0
0
0
0
0
0
0
0
0
0
0
0
0
0
0
0
0
0
0
0
0
0
0
0
0
0
0
0
0
0
0
0
0
0
0
0
0
0
0
0
0
0
0
0
0
0
10075.8
0
0
0
0
0
0
0
0
0
0
0
0
0
0
0
0
0
0
0
0
0
0
0
0
0
0
0
0
0
0
0
0
0
0
0
0
0
0
0
0
0
0
0
0
0
0
0
0
0
0
0
0
0
0
0
0
0
0
0
0
0
0
0
0
0
0
0
0
0
0
0
0
0
0
0
0
0
0
0
0
0
0
0
0
0
0
0
0
0
0
0
0
0
0
0
0
10075.8
0
0
0
0
0
0
0
0
0
0
0
0
0
0
0
0
0
0
0
0
0
0
0
0
0
0
0
0
0
0
0
0
0
0
0
0
0
0
0
0
0
0
0
0
0
0
0
0
0
0
0
0
0
0
0
0
0
0
0
0
0
0
0
0
0
0
0
0
0
0
0
0
0
0
0
0
0
0
0
0
0
0
0
0
0
0
0
0
0
0
0
0
0
0
0
0
10075.8
0
0
0
0
0
0
0
0
0
0
0
0
0
0
0
0
0
0
0
0
0
0
0
0
0
0
0
0
0
0
0
0
0
0
0
0
0
0
0
0
0
0
0
0
0
0
0
0
0
0
0
0
0
0
0
0
0
0
0
0
0
0
0
0
0
0
0
0
0
0
0
0
0
0
0
0
0
0
0
0
0
0
0
0
0
0
0
0
0
0
0
0
0
0
0
0
10075.8
0
0
0
0
0
0
0
0
0
0
0
0
0
0
0
0
0
0
0
0
0
0
0
0
0
0
0
0
0
0
0
0
0
0
0
0
0
0
0
0
0
0
0
0
0
0
0
0
0
0
0
0
0
0
0
0
0
0
0
0
0
0
0
0
0
0
0
0
0
0
0
0
0
0
0
0
0
0
0
0
0
0
0
0
0
0
0
0
0
0
0
0
0
0
0
0
10075.8
0
0
0
0
0
0
0
0
0
0
0
0
0
0
0
0
0
0
0
0
0
0
0
0
0
0
0
0
0
0
0
0
0
0
0
0
0
0
0
0
0
0
0
0
0
0
0
0
0
0
0
0
0
0
0
0
0
0
0
0
0
0
0
0
0
0
0
0
0
0
0
0
0
0
0
0
0
0
0
0
0
0
0
0
0
0
0
0
0
0
0
0
0
0
0
0
10075.8
0
0
0
0
0
0
0
0
0
0
0
0
0
0
0
0
0
0
0
0
0
0
0
0
0
0
0
0
0
0
0
0
0
0
0
0
0
0
0
0
0
0
0
0
0
0
0
0
0
0
0
0
0
0
0
0
0
0
0
0
0
0
0
0
0
0
0
0
0
0
0
0
0
0
0
0
0
0
0
0
0
0
0
0
0
0
0
0
0
0
0
0
0
0
0
0
10075.8
0
0
0
0
0
0
0
0
0
0
0
0
0
0
0
0
0
0
0
0
0
0
0
0
0
0
0
0
0
0
0
0
0
0
0
0
0
0
0
0
0
0
0
0
0
0
0
0
0
0
0
0
0
0
0
0
0
0
0
0
0
0
0
0
0
0
0
0
0
0
0
0
0
0
0
0
0
0
0
0
0
0
0
0
0
0
0
0
0
0
0
0
0
0
0
0
10075.8
0
0
0
0
0
0
0
0
0
0
0
0
0
0
0
0
0
0
0
0
0
0
0
0
0
0
0
0
0
0
0
0
0
0
0
0
0
0
0
0
0
0
0
0
0
0
0
0
0
0
0
0
0
0
0
0
0
0
0
0
0
0
0
0
0
0
0
0
0
0
0
0
0
0
0
0
0
0
0
0
0
0
0
0
0
0
0
0
0
0
0
0
0
0
0
0
10075.8
0
0
0
0
0
0
0
0
0
0
0
0
0
0
0
0
0
0
0
0
0
0
0
0
0
0
0
0
0
0
0
0
0
0
0
0
0
0
0
0
0
0
0
0
0
0
0
0
0
0
0
0
0
0
0
0
0
0
0
0
0
0
0
0
0
0
0
0
0
0
0
0
0
0
0
0
0
0
0
0
0
0
0
0
0
0
0
0
0
0
0
0
0
0
0
0
10075.8
0
0
0
0
0
0
0
0
0
0
0
0
0
0
0
0
0
0
0
0
0
0
0
0
0
0
0
0
0
0
0
0
0
0
0
0
0
0
0
0
0
0
0
0
0
0
0
0
0
0
0
0
0
0
0
0
0
0
0
0
0
0
0
0
0
0
0
0
0
0
0
0
0
0
0
0
0
0
0
0
0
0
0
0
0
0
0
0
0
0
0
0
0
0
0
0
0
0
0
0
0
0
0
0
0
0
0
0
0
0
0
0
0
0
0
0
0
0
0
0
0
0
0
0
0
0
0
0
0
0
0
0
0
0
0
0
0
0
0
0
0
0
0
0
0
0
0
0
0
0
0
0
0
0
0
0
0
0
0
0
0
0
0
0
0
0
0
0
0
0
0
0
0
0
0
0
0
0
0
0
0
0
0
0
0
0
0
0
0
0
0
0
10075.8
)
;
        value           nonuniform List<scalar> 
3903
(
100000
100000
100000
100000
100000
100000
100001
100001
100001
100001
100001
100001
100001
100001
100001
100001
100001
100001
100001
100001
100002
100002
100002
100002
100002
100002
100002
100002
100002
100002
100002
100002
100002
100002
100003
100003
100003
100003
100003
100003
100003
100003
100003
100003
100003
100003
100003
100003
100004
100004
100004
100004
100004
100004
100004
100004
100004
100004
100004
100004
100004
100004
100005
100005
100005
100005
100005
100005
100005
100005
100005
100005
100005
100005
100005
100005
100006
100006
100006
100006
100006
100006
100006
100006
100006
100006
100006
100006
100006
100006
100007
100007
100007
100007
100007
100007
100007
100007
100007
100007
100007
100007
100007
100007
100008
100008
100008
100008
100008
100008
100008
100008
100008
100008
100008
100008
100008
100008
100009
100009
100042
100042
100196
100196
100319
100319
100447
100447
100572
100572
100697
100697
100823
100823
100948
100948
101073
101073
101199
101199
101324
101324
101451
101451
101576
101576
101702
101702
101828
101828
101954
101954
102080
102080
102206
102206
102332
102332
102457
102457
102583
102583
102709
102709
102835
102835
102961
102961
103087
103087
103213
103213
103339
103339
103465
103465
103591
103591
103717
103717
103842
103842
103968
103968
104094
104094
104220
104220
104346
104346
104472
104472
104535
100000
100000
100000
100001
100001
100001
100001
100001
100001
100001
100002
100002
100002
100002
100002
100002
100002
100003
100003
100003
100003
100003
100003
100003
100004
100004
100004
100004
100004
100004
100004
100005
100005
100005
100005
100005
100005
100005
100006
100006
100006
100006
100006
100006
100006
100007
100007
100007
100007
100007
100007
100007
100008
100008
100008
100008
100008
100008
100008
100009
100030
100201
100324
100445
100571
100698
100823
100949
101073
101199
101324
101450
101576
101702
101828
101954
102080
102206
102332
102458
102583
102709
102835
102961
103087
103213
103339
103465
103591
103717
103842
103968
104094
104220
104346
104472
104535
100000
100000
100000
100001
100001
100001
100001
100001
100001
100001
100002
100002
100002
100002
100002
100002
100002
100003
100003
100003
100003
100003
100003
100003
100004
100004
100004
100004
100004
100004
100004
100005
100005
100005
100005
100005
100005
100005
100006
100006
100006
100006
100006
100006
100006
100007
100007
100007
100007
100007
100007
100007
100008
100008
100008
100008
100008
100008
100008
100009
100032
100203
100322
100446
100570
100698
100822
100948
101073
101199
101324
101450
101576
101702
101828
101954
102080
102206
102332
102458
102584
102709
102835
102961
103087
103213
103339
103465
103591
103717
103842
103968
104094
104220
104346
104472
104535
100000
100000
100000
100001
100001
100001
100001
100001
100001
100001
100002
100002
100002
100002
100002
100002
100002
100003
100003
100003
100003
100003
100003
100003
100004
100004
100004
100004
100004
100004
100004
100005
100005
100005
100005
100005
100005
100005
100006
100006
100006
100006
100006
100006
100006
100007
100007
100007
100007
100007
100007
100007
100008
100008
100008
100008
100008
100008
100008
100009
100030
100203
100320
100445
100570
100698
100822
100948
101072
101198
101324
101450
101576
101702
101828
101954
102080
102206
102332
102458
102584
102710
102835
102961
103087
103213
103339
103465
103591
103717
103842
103968
104094
104220
104346
104472
104535
100000
100000
100000
100001
100001
100001
100001
100001
100001
100001
100002
100002
100002
100002
100002
100002
100002
100003
100003
100003
100003
100003
100003
100003
100004
100004
100004
100004
100004
100004
100004
100005
100005
100005
100005
100005
100005
100005
100006
100006
100006
100006
100006
100006
100006
100007
100007
100007
100007
100007
100007
100007
100008
100008
100008
100008
100008
100008
100008
100009
100031
100204
100318
100446
100571
100697
100821
100947
101071
101198
101323
101450
101575
101702
101827
101954
102080
102206
102332
102458
102584
102710
102835
102961
103087
103213
103339
103465
103591
103717
103842
103968
104094
104220
104346
104472
104535
100000
100000
100000
100001
100001
100001
100001
100001
100001
100001
100002
100002
100002
100002
100002
100002
100002
100003
100003
100003
100003
100003
100003
100003
100004
100004
100004
100004
100004
100004
100004
100005
100005
100005
100005
100005
100005
100005
100006
100006
100006
100006
100006
100006
100006
100007
100007
100007
100007
100007
100007
100007
100008
100008
100008
100008
100008
100008
100008
100009
100036
100204
100313
100447
100574
100697
100821
100946
101070
101197
101323
101449
101575
101701
101827
101953
102079
102206
102332
102458
102584
102710
102835
102961
103087
103213
103339
103465
103591
103717
103842
103968
104094
104220
104346
104471
104534
100000
100000
100000
100001
100001
100001
100001
100001
100001
100001
100002
100002
100002
100002
100002
100002
100002
100003
100003
100003
100003
100003
100003
100003
100004
100004
100004
100004
100004
100004
100004
100005
100005
100005
100005
100005
100005
100005
100006
100006
100006
100006
100006
100006
100006
100007
100007
100007
100007
100007
100007
100007
100008
100008
100008
100008
100008
100008
100008
100009
100038
100206
100316
100446
100571
100696
100820
100944
101069
101196
101322
101449
101575
101701
101827
101953
102079
102205
102332
102457
102584
102709
102835
102961
103087
103213
103339
103465
103591
103716
103842
103968
104094
104220
104346
104472
104534
100000
100000
100000
100001
100001
100001
100001
100001
100001
100001
100002
100002
100002
100002
100002
100002
100002
100003
100003
100003
100003
100003
100003
100003
100004
100004
100004
100004
100004
100004
100004
100005
100005
100005
100005
100005
100005
100005
100006
100006
100006
100006
100006
100006
100006
100007
100007
100007
100007
100007
100007
100007
100008
100008
100008
100008
100008
100008
100008
100010
100042
100207
100316
100446
100573
100696
100818
100942
101067
101194
101321
101448
101575
101701
101827
101953
102079
102205
102331
102457
102583
102710
102836
102962
103088
103214
103340
103466
103591
103716
103842
103967
104092
104218
104344
104471
104533
100000
100000
100000
100001
100001
100001
100001
100001
100001
100001
100002
100002
100002
100002
100002
100002
100002
100003
100003
100003
100003
100003
100003
100003
100004
100004
100004
100004
100004
100004
100004
100005
100005
100005
100005
100005
100005
100005
100006
100006
100006
100006
100006
100006
100006
100007
100007
100007
100007
100007
100007
100007
100008
100008
100008
100008
100008
100008
100008
100010
100037
100206
100314
100442
100569
100695
100818
100943
101068
101195
101321
101448
101574
101701
101827
101953
102079
102205
102331
102457
102583
102709
102835
102961
103087
103213
103339
103464
103590
103716
103841
103967
104093
104219
104345
104471
104534
100000
100000
100000
100001
100001
100001
100001
100001
100001
100001
100002
100002
100002
100002
100002
100002
100002
100003
100003
100003
100003
100003
100003
100003
100004
100004
100004
100004
100004
100004
100004
100005
100005
100005
100005
100005
100005
100005
100006
100006
100006
100006
100006
100006
100006
100007
100007
100007
100007
100007
100007
100007
100008
100008
100008
100008
100008
100008
100008
100009
100033
100204
100309
100445
100572
100695
100819
100944
101069
101196
101321
101448
101574
101700
101826
101952
102078
102204
102330
102456
102582
102708
102834
102960
103086
103212
103338
103464
103590
103715
103841
103967
104092
104218
104344
104470
104533
100000
100000
100000
100001
100001
100001
100001
100001
100001
100001
100002
100002
100002
100002
100002
100002
100002
100003
100003
100003
100003
100003
100003
100003
100004
100004
100004
100004
100004
100004
100004
100005
100005
100005
100005
100005
100005
100005
100006
100006
100006
100006
100006
100006
100006
100007
100007
100007
100007
100007
100007
100007
100008
100008
100008
100008
100008
100008
100008
100009
100027
100204
100310
100443
100570
100694
100818
100945
101069
101196
101321
101448
101573
101700
101826
101952
102078
102204
102330
102456
102582
102708
102834
102960
103086
103212
103338
103463
103589
103715
103841
103967
104092
104218
104344
104470
104533
100000
100000
100000
100001
100001
100001
100001
100001
100001
100001
100002
100002
100002
100002
100002
100002
100002
100003
100003
100003
100003
100003
100003
100003
100004
100004
100004
100004
100004
100004
100004
100005
100005
100005
100005
100005
100005
100005
100006
100006
100006
100006
100006
100006
100006
100007
100007
100007
100007
100007
100007
100007
100008
100008
100008
100008
100008
100008
100008
100009
100024
100206
100315
100441
100567
100694
100818
100945
101069
101196
101321
101448
101573
101700
101825
101952
102078
102204
102330
102456
102582
102708
102834
102959
103085
103211
103337
103463
103589
103715
103841
103966
104092
104218
104344
104470
104533
100000
100000
100000
100001
100001
100001
100001
100001
100001
100001
100002
100002
100002
100002
100002
100002
100002
100003
100003
100003
100003
100003
100003
100003
100004
100004
100004
100004
100004
100004
100004
100005
100005
100005
100005
100005
100005
100005
100006
100006
100006
100006
100006
100006
100006
100007
100007
100007
100007
100007
100007
100007
100008
100008
100008
100008
100008
100008
100008
100009
100024
100206
100316
100442
100567
100694
100818
100945
101069
101196
101321
101448
101573
101699
101825
101951
102077
102203
102329
102455
102581
102707
102833
102959
103085
103211
103337
103463
103589
103714
103840
103966
104092
104218
104344
104470
104533
100000
100000
100000
100001
100001
100001
100001
100001
100001
100001
100002
100002
100002
100002
100002
100002
100002
100003
100003
100003
100003
100003
100003
100003
100004
100004
100004
100004
100004
100004
100004
100005
100005
100005
100005
100005
100005
100005
100006
100006
100006
100006
100006
100006
100006
100007
100007
100007
100007
100007
100007
100007
100008
100008
100008
100008
100008
100008
100008
100009
100023
100205
100314
100441
100567
100694
100819
100945
101070
101196
101321
101448
101573
101699
101825
101951
102077
102203
102329
102455
102581
102707
102833
102959
103085
103211
103337
103462
103588
103714
103840
103966
104092
104218
104344
104470
104533
100000
100000
100000
100001
100001
100001
100001
100001
100001
100001
100002
100002
100002
100002
100002
100002
100002
100003
100003
100003
100003
100003
100003
100003
100004
100004
100004
100004
100004
100004
100004
100005
100005
100005
100005
100005
100005
100005
100006
100006
100006
100006
100006
100006
100006
100007
100007
100007
100007
100007
100007
100007
100008
100008
100008
100008
100008
100008
100008
100009
100024
100201
100310
100440
100565
100694
100818
100945
101070
101196
101321
101447
101573
101699
101825
101951
102077
102203
102329
102455
102581
102707
102833
102959
103085
103210
103336
103462
103588
103714
103840
103966
104092
104218
104343
104469
104532
100000
100000
100000
100000
100000
100000
100001
100001
100001
100001
100001
100001
100001
100001
100001
100001
100001
100001
100001
100001
100002
100002
100002
100002
100002
100002
100002
100002
100002
100002
100002
100002
100002
100002
100003
100003
100003
100003
100003
100003
100003
100003
100003
100003
100003
100003
100003
100003
100004
100004
100004
100004
100004
100004
100004
100004
100004
100004
100004
100004
100004
100004
100005
100005
100005
100005
100005
100005
100005
100005
100005
100005
100005
100005
100005
100005
100006
100006
100006
100006
100006
100006
100006
100006
100006
100006
100006
100006
100006
100006
100007
100007
100007
100007
100007
100007
100007
100007
100007
100007
100007
100007
100007
100007
100008
100008
100008
100008
100008
100008
100008
100008
100008
100008
100008
100008
100008
100008
100009
100009
100022
100022
100203
100203
100314
100314
100440
100440
100568
100568
100694
100694
100819
100819
100945
100945
101070
101070
101196
101196
101321
101321
101447
101447
101573
101573
101699
101699
101825
101825
101951
101951
102077
102077
102203
102203
102329
102329
102455
102455
102581
102581
102707
102707
102833
102833
102959
102959
103084
103084
103210
103210
103336
103336
103462
103462
103588
103588
103714
103714
103840
103840
103966
103966
104092
104092
104217
104217
104343
104343
104469
104469
104532
100000
100000
100000
100001
100001
100001
100001
100001
100001
100001
100002
100002
100002
100002
100002
100002
100002
100003
100003
100003
100003
100003
100003
100003
100004
100004
100004
100004
100004
100004
100004
100005
100005
100005
100005
100005
100005
100005
100006
100006
100006
100006
100006
100006
100006
100007
100007
100007
100007
100007
100007
100007
100008
100008
100008
100008
100008
100008
100008
100009
100033
100201
100325
100445
100571
100697
100823
100949
101073
101199
101324
101450
101576
101702
101828
101954
102079
102205
102331
102457
102583
102709
102835
102961
103087
103213
103339
103465
103591
103716
103842
103968
104094
104220
104346
104472
104535
104535
104535
104534
104534
104534
104534
104533
104533
104533
104532
104532
104532
104532
100000
100000
100000
100001
100001
100001
100001
100001
100001
100001
100002
100002
100002
100002
100002
100002
100002
100003
100003
100003
100003
100003
100003
100003
100004
100004
100004
100004
100004
100004
100004
100005
100005
100005
100005
100005
100005
100005
100006
100006
100006
100006
100006
100006
100006
100007
100007
100007
100007
100007
100007
100007
100008
100008
100008
100008
100008
100008
100008
100009
100029
100196
100308
100443
100568
100693
100819
100944
101069
101196
101321
101447
101573
101699
101824
101951
102076
102203
102329
102454
102580
102706
102832
102958
103084
103210
103336
103462
103588
103714
103840
103965
104091
104217
104343
104469
104532
100000
100000
100000
100001
100001
100001
100001
100001
100001
100001
100002
100002
100002
100002
100002
100002
100002
100003
100003
100003
100003
100003
100003
100003
100004
100004
100004
100004
100004
100004
100004
100005
100005
100005
100005
100005
100005
100005
100006
100006
100006
100006
100006
100006
100006
100007
100007
100007
100007
100007
100007
100007
100008
100008
100008
100008
100008
100008
100008
100009
100032
100197
100323
100446
100572
100698
100823
100948
101073
101199
101324
101450
101576
101702
101827
101954
102079
102205
102331
102457
102583
102709
102835
102961
103087
103213
103339
103465
103590
103716
103842
103968
104094
104220
104346
104472
104535
104535
104535
104534
104534
104534
104534
104533
104533
104533
104532
104532
104532
104532
104532
100000
100000
100000
100001
100001
100001
100001
100001
100001
100001
100002
100002
100002
100002
100002
100002
100002
100003
100003
100003
100003
100003
100003
100003
100004
100004
100004
100004
100004
100004
100004
100005
100005
100005
100005
100005
100005
100005
100006
100006
100006
100006
100006
100006
100006
100007
100007
100007
100007
100007
100007
100007
100008
100008
100008
100008
100008
100008
100008
100009
100029
100193
100301
100442
100568
100693
100819
100944
101069
101196
101321
101447
101572
101699
101824
101951
102076
102202
102328
102454
102580
102706
102832
102958
103084
103210
103336
103462
103588
103714
103840
103965
104091
104217
104343
104469
104532
100000
100000
100000
100000
100000
100000
100001
100001
100001
100001
100001
100001
100001
100001
100001
100001
100001
100001
100001
100001
100002
100002
100002
100002
100002
100002
100002
100002
100002
100002
100002
100002
100002
100002
100003
100003
100003
100003
100003
100003
100003
100003
100003
100003
100003
100003
100003
100003
100004
100004
100004
100004
100004
100004
100004
100004
100004
100004
100004
100004
100004
100004
100005
100005
100005
100005
100005
100005
100005
100005
100005
100005
100005
100005
100005
100005
100006
100006
100006
100006
100006
100006
100006
100006
100006
100006
100006
100006
100006
100006
100007
100007
100007
100007
100007
100007
100007
100007
100007
100007
100007
100007
100007
100007
100008
100008
100008
100008
100008
100008
100008
100008
100008
100008
100008
100008
100008
100008
100010
100010
100039
100039
100191
100191
100321
100321
100448
100448
100572
100572
100697
100697
100823
100823
100948
100948
101073
101073
101199
101199
101324
101324
101450
101450
101576
101576
101702
101702
101827
101827
101953
101953
102079
102079
102205
102205
102331
102331
102457
102457
102583
102583
102709
102709
102835
102835
102961
102961
103087
103087
103213
103213
103339
103339
103465
103465
103590
103590
103716
103716
103842
103842
103968
103968
104094
104094
104220
104220
104346
104346
104472
104472
104535
100000
100000
100000
100001
100001
100001
100001
100001
100001
100001
100002
100002
100002
100002
100002
100002
100002
100003
100003
100003
100003
100003
100003
100003
100004
100004
100004
100004
100004
100004
100004
100005
100005
100005
100005
100005
100005
100005
100006
100006
100006
100006
100006
100006
100006
100007
100007
100007
100007
100007
100007
100007
100008
100008
100008
100008
100008
100008
100008
100010
100029
100196
100323
100446
100572
100697
100822
100948
101073
101199
101324
101450
101575
101702
101827
101953
102079
102205
102331
102457
102583
102709
102835
102961
103087
103213
103339
103464
103590
103716
103842
103968
104094
104220
104346
104472
104535
100000
100000
100000
100001
100001
100001
100001
100001
100001
100001
100002
100002
100002
100002
100002
100002
100002
100003
100003
100003
100003
100003
100003
100003
100004
100004
100004
100004
100004
100004
100004
100005
100005
100005
100005
100005
100005
100005
100006
100006
100006
100006
100006
100006
100006
100007
100007
100007
100007
100007
100007
100007
100008
100008
100008
100008
100008
100008
100008
100010
100031
100200
100322
100446
100573
100697
100822
100948
101072
101198
101323
101450
101575
101701
101827
101953
102079
102205
102331
102457
102583
102709
102835
102961
103087
103213
103338
103464
103590
103716
103842
103968
104094
104220
104346
104471
104534
100000
100000
100000
100001
100001
100001
100001
100001
100001
100001
100002
100002
100002
100002
100002
100002
100002
100003
100003
100003
100003
100003
100003
100003
100004
100004
100004
100004
100004
100004
100004
100005
100005
100005
100005
100005
100005
100005
100006
100006
100006
100006
100006
100006
100006
100007
100007
100007
100007
100007
100007
100007
100008
100008
100008
100008
100008
100008
100008
100009
100029
100200
100322
100446
100572
100696
100822
100947
101072
101198
101323
101449
101575
101701
101827
101953
102079
102205
102331
102457
102583
102709
102835
102961
103087
103212
103338
103464
103590
103716
103842
103968
104093
104219
104345
104471
104534
100000
100000
100000
100001
100001
100001
100001
100001
100001
100001
100002
100002
100002
100002
100002
100002
100002
100003
100003
100003
100003
100003
100003
100003
100004
100004
100004
100004
100004
100004
100004
100005
100005
100005
100005
100005
100005
100005
100006
100006
100006
100006
100006
100006
100006
100007
100007
100007
100007
100007
100007
100007
100008
100008
100008
100008
100008
100008
100008
100009
100030
100201
100320
100445
100572
100696
100821
100946
101071
101197
101322
101449
101574
101701
101826
101953
102079
102205
102331
102457
102583
102709
102835
102960
103086
103212
103338
103464
103590
103716
103842
103967
104093
104219
104345
104471
104534
100000
100000
100000
100001
100001
100001
100001
100001
100001
100001
100002
100002
100002
100002
100002
100002
100002
100003
100003
100003
100003
100003
100003
100003
100004
100004
100004
100004
100004
100004
100004
100005
100005
100005
100005
100005
100005
100005
100006
100006
100006
100006
100006
100006
100006
100007
100007
100007
100007
100007
100007
100007
100008
100008
100008
100008
100008
100008
100008
100009
100033
100201
100320
100444
100572
100696
100820
100946
101069
101196
101321
101448
101574
101700
101826
101952
102078
102204
102330
102456
102582
102708
102834
102960
103086
103212
103338
103464
103590
103715
103841
103967
104093
104219
104345
104471
104534
100000
100000
100000
100001
100001
100001
100001
100001
100001
100001
100002
100002
100002
100002
100002
100002
100002
100003
100003
100003
100003
100003
100003
100003
100004
100004
100004
100004
100004
100004
100004
100005
100005
100005
100005
100005
100005
100005
100006
100006
100006
100006
100006
100006
100006
100007
100007
100007
100007
100007
100007
100007
100008
100008
100008
100008
100008
100008
100008
100010
100038
100199
100319
100446
100573
100698
100821
100944
101068
101195
101321
101448
101574
101700
101826
101952
102078
102204
102330
102456
102582
102708
102834
102960
103086
103212
103338
103464
103589
103715
103841
103967
104093
104219
104345
104470
104533
100000
100000
100000
100001
100001
100001
100001
100001
100001
100001
100002
100002
100002
100002
100002
100002
100002
100003
100003
100003
100003
100003
100003
100003
100004
100004
100004
100004
100004
100004
100004
100005
100005
100005
100005
100005
100005
100005
100006
100006
100006
100006
100006
100006
100006
100007
100007
100007
100007
100007
100007
100007
100008
100008
100008
100008
100008
100008
100008
100010
100043
100197
100316
100445
100574
100698
100820
100942
101065
101192
101318
101447
101573
101699
101825
101951
102078
102204
102330
102456
102582
102708
102834
102960
103086
103212
103338
103463
103589
103715
103841
103967
104092
104218
104344
104470
104533
100000
100000
100000
100001
100001
100001
100001
100001
100001
100001
100002
100002
100002
100002
100002
100002
100002
100003
100003
100003
100003
100003
100003
100003
100004
100004
100004
100004
100004
100004
100004
100005
100005
100005
100005
100005
100005
100005
100006
100006
100006
100006
100006
100006
100006
100007
100007
100007
100007
100007
100007
100007
100008
100008
100008
100008
100008
100008
100008
100010
100036
100198
100314
100442
100570
100694
100818
100942
101066
101193
101319
101447
101573
101700
101825
101951
102077
102204
102330
102456
102582
102708
102834
102959
103085
103211
103337
103463
103589
103715
103840
103966
104092
104218
104344
104470
104533
100000
100000
100000
100001
100001
100001
100001
100001
100001
100001
100002
100002
100002
100002
100002
100002
100002
100003
100003
100003
100003
100003
100003
100003
100004
100004
100004
100004
100004
100004
100004
100005
100005
100005
100005
100005
100005
100005
100006
100006
100006
100006
100006
100006
100006
100007
100007
100007
100007
100007
100007
100007
100008
100008
100008
100008
100008
100008
100008
100009
100030
100200
100315
100443
100569
100693
100818
100943
101067
101194
101320
101447
101573
101699
101825
101951
102077
102203
102329
102455
102581
102707
102833
102959
103085
103211
103337
103463
103588
103714
103840
103966
104092
104218
104344
104470
104533
100000
100000
100000
100001
100001
100001
100001
100001
100001
100001
100002
100002
100002
100002
100002
100002
100002
100003
100003
100003
100003
100003
100003
100003
100004
100004
100004
100004
100004
100004
100004
100005
100005
100005
100005
100005
100005
100005
100006
100006
100006
100006
100006
100006
100006
100007
100007
100007
100007
100007
100007
100007
100008
100008
100008
100008
100008
100008
100008
100009
100026
100201
100316
100443
100569
100694
100818
100944
101068
101195
101320
101447
101572
101699
101825
101951
102077
102203
102329
102455
102581
102707
102833
102959
103085
103211
103337
103462
103588
103714
103840
103966
104092
104218
104343
104469
104532
100000
100000
100000
100001
100001
100001
100001
100001
100001
100001
100002
100002
100002
100002
100002
100002
100002
100003
100003
100003
100003
100003
100003
100003
100004
100004
100004
100004
100004
100004
100004
100005
100005
100005
100005
100005
100005
100005
100006
100006
100006
100006
100006
100006
100006
100007
100007
100007
100007
100007
100007
100007
100008
100008
100008
100008
100008
100008
100008
100009
100025
100203
100315
100442
100569
100693
100818
100944
101068
101195
101320
101447
101572
101699
101825
101951
102077
102203
102329
102455
102581
102707
102833
102959
103085
103210
103336
103462
103588
103714
103840
103966
104091
104217
104343
104469
104532
100000
100000
100000
100001
100001
100001
100001
100001
100001
100001
100002
100002
100002
100002
100002
100002
100002
100003
100003
100003
100003
100003
100003
100003
100004
100004
100004
100004
100004
100004
100004
100005
100005
100005
100005
100005
100005
100005
100006
100006
100006
100006
100006
100006
100006
100007
100007
100007
100007
100007
100007
100007
100008
100008
100008
100008
100008
100008
100008
100009
100024
100201
100312
100440
100568
100693
100818
100944
101069
101195
101320
101447
101572
101699
101824
101951
102077
102203
102329
102455
102581
102707
102832
102958
103084
103210
103336
103462
103588
103714
103840
103965
104091
104217
104343
104469
104532
100000
100000
100000
100001
100001
100001
100001
100001
100001
100001
100002
100002
100002
100002
100002
100002
100002
100003
100003
100003
100003
100003
100003
100003
100004
100004
100004
100004
100004
100004
100004
100005
100005
100005
100005
100005
100005
100005
100006
100006
100006
100006
100006
100006
100006
100007
100007
100007
100007
100007
100007
100007
100008
100008
100008
100008
100008
100008
100008
100009
100024
100200
100310
100441
100568
100693
100818
100944
101069
101196
101320
101447
101572
101699
101824
101951
102076
102203
102328
102454
102580
102706
102832
102958
103084
103210
103336
103462
103588
103714
103840
103965
104091
104217
104343
104469
104532
100000
100000
100000
100001
100001
100001
100001
100001
100001
100001
100002
100002
100002
100002
100002
100002
100002
100003
100003
100003
100003
100003
100003
100003
100004
100004
100004
100004
100004
100004
100004
100005
100005
100005
100005
100005
100005
100005
100006
100006
100006
100006
100006
100006
100006
100007
100007
100007
100007
100007
100007
100007
100008
100008
100008
100008
100008
100008
100008
100009
100025
100197
100304
100440
100568
100693
100818
100944
101069
101196
101321
101447
101572
101699
101824
101951
102076
102202
102328
102454
102580
102706
102832
102958
103084
103210
103336
103462
103588
103714
103840
103965
104091
104217
104343
104469
104532
100000
100000
100000
100000
100000
100000
100001
100001
100001
100001
100001
100001
100001
100001
100001
100001
100001
100001
100001
100001
100002
100002
100002
100002
100002
100002
100002
100002
100002
100002
100002
100002
100002
100002
100003
100003
100003
100003
100003
100003
100003
100003
100003
100003
100003
100003
100003
100003
100004
100004
100004
100004
100004
100004
100004
100004
100004
100004
100004
100004
100004
100004
100005
100005
100005
100005
100005
100005
100005
100005
100005
100005
100005
100005
100005
100005
100006
100006
100006
100006
100006
100006
100006
100006
100006
100006
100006
100006
100006
100006
100007
100007
100007
100007
100007
100007
100007
100007
100007
100007
100007
100007
100007
100007
100008
100008
100008
100008
100008
100008
100008
100008
100008
100008
100008
100008
100008
100008
100009
100009
100022
100022
100201
100201
100315
100315
100441
100441
100569
100569
100693
100693
100819
100819
100944
100944
101069
101069
101196
101196
101321
101321
101447
101447
101572
101572
101699
101699
101824
101824
101951
101951
102076
102076
102202
102202
102328
102328
102454
102454
102580
102580
102706
102706
102832
102832
102958
102958
103084
103084
103210
103210
103336
103336
103462
103462
103588
103588
103714
103714
103840
103840
103965
103965
104091
104091
104217
104217
104343
104343
104469
104469
104532
)
;
    }
}


// ************************************************************************* //
